18 12 31 29 12 25 31 10 28 33 21 21 21 8 32 32 33 12 24 26
18 15 16 8 22 33 32 5 4 9 14 35 21 13 21 31 23 27 29 2
18 11 7 18 2 32 24 9 31 33 16 30 15 16 31 32 16 21 2 23
22 19 14 37 31 37 34 6 25 10 24 1 38 31 0 14 20 40 31 39 12 9 27 40
26 24 49 37 40 42 49 17 20 3 50 6 35 45 24 25 11 4 8 51 38 4 0 34 39 23 18 11
26 13 46 7 15 1 42 46 43 42 5 49 32 16 11 40 35 12 22 44 40 38 40 22 18 9 47 41
26 19 33 7 2 50 21 38 37 10 25 26 26 35 15 31 41 50 11 9 19 50 35 35 15 50 13 19
30 28 59 59 56 41 7 53 59 28 4 0 6 43 34 56 49 27 34 59 4 51 29 46 47 10 29 7 13 41 35 16
30 19 0 18 29 55 38 52 53 22 56 56 46 33 44 44 52 39 22 28 59 42 45 56 27 52 48 20 10 38 12 45
34 31 8 25 18 28 6 31 47 49 4 60 32 35 12 13 4 22 23 43 38 32 8 53 43 26 5 10 13 66 64 67 27 14 48 20
34 11 23 36 18 28 20 11 38 55 66 16 32 65 33 9 55 61 30 24 65 39 23 15 30 3 52 23 5 58 14 20 13 5 26 25
42 10 15 10 82 55 48 24 6 33 33 8 16 50 49 27 59 22 64 79 23 8 72 71 1 37 25 39 78 25 55 7 28 16 52 1 36 68 45 25 9 47 0 46
46 3 27 17 43 53 57 81 57 20 65 76 79 21 35 29 20 42 20 3 24 6 68 56 41 61 24 20 4 32 4 69 86 39 27 23 19 49 34 58 87 0 39 77 75 49 57 87
46 14 37 46 16 43 23 77 91 4 64 73 76 65 83 64 11 39 59 11 33 15 80 54 74 2 6 58 77 48 78 83 81 41 73 69 84 14 88 88 89 62 50 62 35 58 21 24
50 38 30 81 76 13 7 54 98 69 15 80 47 27 75 88 86 64 47 6 38 27 2 31 79 57 46 27 40 38 41 42 2 65 69 11 8 2 43 73 80 36 2 64 70 1 87 40 8 55 5 87
50 15 1 65 99 59 57 90 43 82 82 3 39 84 61 4 32 27 84 24 56 14 7 48 8 4 87 35 32 36 57 25 64 54 28 33 23 30 44 70 32 4 85 79 64 55 26 79 10 20 90 1
50 5 99 93 49 43 18 46 75 75 81 76 30 35 28 48 97 62 61 47 37 14 95 30 7 56 25 43 66 15 50 42 75 23 65 12 29 80 73 57 56 23 53 6 52 76 62 38 11 66 94 9
54 6 30 61 49 96 39 107 83 100 105 84 96 76 78 72 17 25 64 100 50 5 56 103 29 71 105 57 67 56 69 91 97 88 102 97 21 22 17 52 83 103 41 86 77 65 45 50 56 22 34 70 79 48 36 16
58 17 23 79 26 51 36 7 101 24 11 107 92 102 65 103 40 96 28 108 38 111 0 80 112 111 45 84 48 2 89 30 27 54 90 36 44 2 61 114 63 9 37 26 40 44 95 73 10 72 9 102 109 2 85 82 93 45 20 57
58 6 91 102 83 80 21 62 111 92 74 27 100 41 39 61 86 69 73 10 46 42 66 33 73 114 38 111 38 54 57 103 35 87 93 99 30 61 88 15 46 41 5 88 88 19 61 28 58 107 29 6 83 58 16 20 60 7 27 36
62 4 48 106 19 76 95 111 123 41 93 69 0 33 45 39 112 121 57 120 2 71 116 10 62 37 16 89 3 35 82 61 14 116 91 77 111 74 114 91 96 86 75 79 81 32 5 116 91 17 12 84 74 104 84 54 0 113 51 94 82 27 88 26
70 43 6 51 117 120 42 80 1 35 68 80 45 101 113 134 77 72 66 48 0 95 76 97 91 61 104 103 4 83 83 119 120 33 99 87 105 0 120 5 122 30 123 132 130 27 124 43 22 134 27 86 76 112 66 76 118 116 4 19 114 68 14 138 22 66 102 16 24 131 39 80
70 31 60 107 67 130 107 68 102 77 15 25 79 75 63 106 30 81 67 106 94 28 113 34 40 11 123 114 1 12 125 98 129 99 122 127 61 49 9 57 31 34 34 71 88 33 42 60 122 133 68 121 126 11 15 117 107 64 127 132 97 136 47 31 137 35 62 78 88 23 8 24
74 67 81 131 51 145 72 36 141 19 93 129 78 90 133 50 65 41 93 34 100 19 129 4 73 62 142 71 62 17 60 115 35 46 50 78 124 103 131 138 84 79 129 67 140 125 125 44 48 119 39 88 139 88 75 20 94 81 78 13 115 72 119 9 86 95 71 88 56 145 145 16 16 136 116 141
78 76 89 47 119 101 69 27 104 44 53 155 65 47 23 26 70 101 77 45 152 39 120 1 137 16 98 37 19 114 154 31 120 101 122 26 4 120 155 71 101 27 124 152 93 129 55 67 10 39 6 91 124 66 130 102 106 88 135 24 88 55 89 26 17 116 150 152 145 17 58 97 32 7 57 127 83 79 6 145
94 8 86 127 4 140 121 129 67 32 64 25 158 87 21 175 148 109 134 63 1 16 81 76 154 182 106 49 134 105 131 84 1 32 91 143 21 40 68 109 45 63 139 6 45 14 22 117 82 87 101 72 135 115 176 102 117 111 141 60 111 72 183 35 30 186 2 74 185 62 66 73 23 23 117 97 31 89 73 22 145 47 177 108 121 81 149 59 18 186 17 147 100 98 158 123
102 91 23 65 76 203 189 52 195 139 28 179 88 135 157 33 125 70 56 98 16 3 151 17 100 183 110 127 43 95 167 194 26 189 89 130 56 123 68 108 88 86 15 141 160 62 178 68 99 142 16 80 198 11 161 9 30 125 26 72 77 22 187 72 108 142 1 158 110 162 187 158 50 49 126 102 193 181 146 72 115 23 133 103 11 89 19 22 196 131 87 160 42 65 91 174 123 117 120 164 42 88 109 42
110 38 207 18 30 162 9 160 127 97 202 45 170 150 198 23 20 102 140 11 59 138 48 157 37 69 163 156 165 215 1 90 19 31 198 165 93 214 97 153 134 128 8 5 140 106 189 57 200 69 63 197 112 211 216 53 114 115 98 64 5 60 100 44 133 92 148 67 103 117 24 166 83 138 81 124 41 152 139 10 219 125 47 92 82 161 178 96 143 23 58 68 91 25 115 83 116 189 10 132 183 189 112 180 35 215 32 2 15 43 75 219
110 1 195 132 61 187 132 128 8 139 137 157 202 85 168 217 178 13 146 212 127 26 14 17 177 119 167 102 45 60 200 115 66 75 167 177 86 97 216 204 11 50 56 124 214 80 212 93 117 85 154 37 187 188 185 212 56 67 5 56 60 114 46 102 48 178 28 134 177 78 180 18 213 136 213 163 64 194 16 195 127 94 182 4 123 74 59 59 46 218 114 117 209 118 132 0 210 65 85 162 195 98 40 180 41 66 139 102 144 89 34 147
114 7 66 111 45 32 210 212 81 0 60 176 103 163 45 147 43 30 37 127 182 200 139 90 108 74 105 84 34 132 171 29 124 94 76 213 47 192 54 35 156 19 1 144 122 81 98 97 104 55 158 31 153 145 50 155 115 226 156 119 173 169 180 113 181 166 145 116 82 100 126 208 1 36 105 149 226 150 82 61 135 56 179 181 96 164 179 166 46 217 67 189 163 120 188 121 3 151 137 87 42 63 171 181 113 20 179 49 30 99 97 57 111 64 121 14
126 27 61 158 224 228 93 49 203 34 129 124 195 68 90 10 232 38 134 17 14 0 148 35 65 91 245 93 67 18 107 236 124 229 17 115 193 189 92 16 194 142 230 241 111 192 232 34 128 175 18 31 63 94 83 2 18 2 50 39 18 173 133 68 43 4 112 71 242 228 224 96 100 35 193 29 15 160 250 30 93 241 150 130 24 28 78 167 250 76 182 38 78 91 51 3 134 148 244 221 159 156 76 179 86 78 23 134 186 25 82 226 154 127 72 173 130 205 9 136 192 69 67 25 219 169 91 163
126 96 117 64 48 218 151 222 202 101 235 42 4 4 41 57 168 99 150 246 194 92 51 184 114 171 187 17 82 62 21 65 67 163 146 109 198 27 120 192 243 59 136 221 130 44 223 89 60 142 79 203 187 171 214 116 59 33 1 127 236 238 28 42 128 31 241 56 150 96 96 184 83 7 174 135 162 82 52 102 89 88 217 54 67 34 124 173 233 137 93 41 226 35 88 34 100 141 140 108 47 128 161 40 32 224 147 171 249 21 68 67 206 20 9 77 27 99 86 22 95 173 58 91 75 228 115 110
130 55 133 28 23 80 173 4 134 181 205 165 68 117 243 181 19 185 220 122 233 165 136 245 94 178 246 17 219 245 23 186 111 18 112 43 24 131 40 191 53 39 194 203 17 173 157 210 89 60 63 211 175 27 153 144 18 126 254 224 19 16 159 0 226 18 239 89 9 129 19 76 210 190 146 159 235 87 190 145 56 259 213 16 84 35 51 171 183 187 61 246 76 154 39 179 28 187 128 209 38 250 106 36 76 118 189 188 193 205 11 93 188 249 238 34 209 195 71 72 90 197 141 14 68 178 171 64 52 157 29 157
134 74 62 73 125 4 139 165 196 104 90 88 177 225 135 20 117 103 96 234 261 211 43 243 172 104 110 255 38 60 28 64 193 181 88 110 60 261 62 233 159 58 74 198 127 123 52 259 18 36 186 242 109 255 134 90 207 34 134 160 207 224 87 132 230 184 16 241 62 213 62 31 169 241 59 146 126 35 177 114 67 152 194 84 11 49 16 200 215 263 256 4 57 131 193 122 211 193 262 127 252 132 231 45 231 89 178 11 192 14 209 176 20 39 213 74 185 232 99 207 188 243 104 37 251 80 42 119 261 5 27 166 9 207 52 23
138 65 145 83 116 166 39 115 206 145 58 262 74 132 244 148 238 51 212 67 176 23 63 10 172 233 234 167 210 22 93 77 22 163 146 205 34 227 82 226 172 127 138 186 103 125 91 161 95 193 196 44 0 159 180 238 160 169 272 0 105 17 169 0 214 125 80 97 138 7 235 154 114 95 79 12 216 45 29 80 192 91 268 97 54 202 208 202 222 81 82 58 35 190 162 214 183 174 240 24 163 40 249 95 178 160 66 253 97 54 254 143 0 107 226 158 93 239 256 100 161 139 216 181 132 260 61 209 232 79 179 225 240 127 157 275 34 126 107 259
142 121 134 178 268 228 113 56 158 0 107 37 149 218 184 10 141 270 282 241 219 26 139 268 82 150 109 221 260 141 245 157 9 167 1 49 4 54 169 23 201 91 42 227 210 186 49 239 101 136 68 8 10 57 166 86 149 66 69 265 190 121 54 71 182 104 196 266 31 31 132 238 59 58 260 146 130 89 190 68 64 31 73 83 171 112 19 138 233 21 187 165 259 3 282 11 205 8 260 147 192 100 5 222 53 193 120 164 171 52 162 221 17 146 242 177 155 120 2 15 261 7 161 42 153 139 241 186 34 69 272 252 71 19 80 142 216 283 40 180 247 253 240 58
142 85 226 210 109 173 106 146 119 166 38 253 136 141 89 126 42 261 130 112 159 96 277 59 115 157 277 254 98 226 123 86 143 21 262 2 263 39 194 274 81 262 268 18 186 79 103 253 121 153 199 277 201 94 136 217 41 43 97 254 282 277 148 197 79 180 243 79 244 160 142 241 253 122 225 81 129 102 71 33 87 10 190 252 123 270 194 5 277 90 94 207 72 91 56 243 140 223 25 28 53 37 124 183 229 209 215 134 68 137 2 240 199 218 153 277 89 178 43 113 207 186 85 99 170 129 78 24 56 216 154 159 203 95 208 149 44 122 229 75 252 29 231 123
146 4 14 181 48 59 201 116 72 164 123 200 174 213 67 183 117 7 46 116 229 94 63 4 286 107 135 219 151 249 51 13 233 285 40 99 13 255 224 181 219 48 29 95 137 57 238 42 172 117 18 207 93 88 45 145 243 217 198 264 59 137 180 213 235 240 108 83 104 143 229 130 142 142 270 137 140 278 29 254 215 49 6 196 244 183 70 26 245 50 270 100 152 99 265 241 288 122 56 222 17 264 130 80 38 213 117 228 216 142 147 280 287 185 254 169 8 27 62 242 146 282 34 266 204 52 145 286 24 46 191 103 270 184 205 197 14 25 139 222 90 22 286 179 155 82 8 65
146 124 271 60 115 245 191 142 205 163 99 211 227 42 65 38 117 93 120 37 76 289 288 84 291 206 20 179 152 221 22 197 26 181 247 20 71 79 258 143 63 247 120 58 175 115 41 76 113 4 244 166 11 262 223 249 193 50 197 173 187 144 203 258 106 16 245 135 113 129 264 110 120 104 102 288 107 108 180 140 39 93 207 189 182 164 72 266 277 211 180 36 177 120 266 133 260 47 51 54 252 30 278 90 264 30 64 291 188 278 228 82 118 94 42 181 206 93 202 69 254 55 158 217 76 238 36 103 232 11 128 37 290 111 272 255 209 239 59 96 49 3 286 164 250 277 21 288
154 41 163 60 169 300 252 251 307 51 16 125 253 307 120 98 72 155 183 269 112 157 150 56 56 185 72 12 207 81 289 195 43 238 292 170 229 123 96 67 16 305 270 39 101 252 220 2 129 218 36 272 122 98 50 47 206 188 183 118 95 81 14 300 301 285 266 36 158 109 219 12 295 278 151 286 95 56 125 300 111 251 220 206 28 83 306 153 83 255 79 97 61 284 92 143 249 104 265 8 21 128 268 185 145 92 214 92 4 300 156 304 19 224 128 178 134 186 293 180 263 176 73 129 49 222 237 0 216 248 211 126 126 250 180 211 185 53 60 9 228 182 282 77 196 5 101 148 260 163 193 260 154 0 302 108
154 78 69 178 151 185 71 123 88 236 131 148 192 74 223 244 244 90 161 130 248 248 60 237 167 46 237 139 166 5 148 273 126 146 190 36 290 231 36 292 248 236 7 104 33 148 241 201 161 24 240 59 243 212 164 12 298 226 24 229 227 61 91 44 23 91 196 36 263 266 280 157 304 100 34 235 139 149 271 141 238 181 303 189 1 117 205 26 281 88 307 243 276 273 296 20 39 76 230 271 121 235 190 262 84 236 291 263 63 56 12 193 57 178 287 226 32 226 63 266 73 211 252 249 231 117 252 238 33 198 134 147 135 84 68 296 266 17 151 29 261 123 119 110 53 166 283 41 9 33 297 16 234 128 27 222
154 53 50 159 6 81 228 170 55 201 164 141 199 67 118 227 24 144 169 7 81 240 192 24 265 37 216 240 73 238 174 230 268 241 298 305 14 221 235 291 238 59 252 114 267 28 3 32 263 28 301 114 216 13 220 119 41 89 275 282 159 199 149 250 187 262 81 196 259 187 64 217 296 97 131 141 72 40 156 231 152 172 165 228 171 233 78 289 256 247 275 18 175 130 134 254 259 146 25 237 28 254 297 160 74 86 187 286 282 170 142 190 129 121 271 241 26 127 288 85 56 283 145 235 257 183 286 82 254 283 307 118 147 35 258 84 92 235 201 203 182 104 239 45 136 288 82 51 39 26 125 30 178 91 181 81
158 26 187 158 74 79 45 214 304 162 67 68 77 65 102 150 14 269 91 278 13 83 279 217 228 285 21 16 116 19 115 100 109 44 170 259 24 253 232 175 93 262 26 158 192 187 85 173 64 178 181 259 267 40 185 67 11 272 243 241 241 257 91 108 188 147 229 3 279 261 120 131 3 182 146 165 159 272 26 75 217 77 237 151 278 274 130 190 29 314 103 164 236 268 46 60 133 235 281 87 15 305 89 123 61 165 214 273 118 267 225 309 162 66 56 156 22 284 145 82 249 93 300 49 286 108 66 138 268 15 156 132 304 5 29 240 237 193 187 67 290 254 113 103 99 247 13 298 137 233 309 211 214 268 311 82 0 123 95 33
166 65 88 165 228 264 227 181 266 264 26 69 174 131 279 175 99 183 193 235 245 1 169 39 44 103 249 218 99 19 326 12 105 299 280 102 250 122 17 280 273 20 193 243 169 73 313 62 323 9 48 77 300 28 204 286 181 88 204 42 50 125 95 51 265 316 280 251 211 312 154 11 303 310 143 154 86 138 73 237 277 161 208 89 133 27 106 257 54 146 203 249 3 134 86 33 123 219 192 312 216 123 73 74 132 4 27 110 260 238 231 25 310 61 8 245 0 226 107 293 81 45 61 94 266 80 130 245 268 200 42 110 136 220 68 237 63 284 129 220 124 322 150 171 328 294 164 8 229 270 177 302 250 173 120 233 154 39 6 38 233 234 219 180 178 325 262 145
166 2 251 312 192 6 299 288 320 271 43 123 251 63 132 87 238 250 204 25 58 60 270 56 325 119 178 102 136 8 183 37 311 256 89 232 42 302 95 312 233 66 213 42 277 125 283 163 235 35 0 294 316 226 143 156 129 155 267 65 85 272 26 24 300 196 173 167 37 158 286 158 278 200 110 139 102 128 45 32 302 323 73 74 127 86 169 12 208 176 19 220 67 324 132 323 319 52 213 283 22 36 155 127 106 16 64 277 275 77 47 197 253 43 263 153 115 228 175 304 116 244 160 10 326 63 248 72 302 66 254 87 121 45 49 13 212 150 111 297 47 203 154 172 218 216 128 217 214 309 174 256 239 17 185 240 70 183 155 212 308 220 64 34 266 261 51 215
166 19 9 310 88 200 251 270 33 214 209 62 161 132 326 239 247 320 326 74 217 240 48 277 157 252 22 287 16 314 58 109 202 214 267 29 80 43 292 158 14 137 239 97 35 258 55 157 262 321 269 260 195 170 2 150 118 123 328 286 211 45 296 233 119 153 277 0 280 219 105 66 302 232 279 179 272 121 139 223 304 329 225 125 162 81 94 100 245 223 225 96 114 164 19 275 8 108 266 135 292 76 295 289 164 301 143 289 150 12 280 22 31 186 190 130 157 27 21 168 80 202 330 69 195 145 136 177 274 213 318 304 217 201 73 10 171 125 202 174 146 55 46 195 245 158 204 44 247 132 304 187 24 285 44 19 135 67 228 324 312 201 166 122 117 193 318 100
170 45 339 282 124 302 174 178 322 72 39 96 292 314 257 51 132 166 115 275 47 217 273 175 33 34 193 279 102 281 3 268 322 217 187 113 23 215 181 254 255 122 291 321 185 85 88 153 150 310 147 332 4 129 230 210 109 19 181 167 226 258 262 176 114 16 154 109 199 102 307 146 169 40 293 242 332 100 52 102 266 173 291 27 252 103 249 181 82 246 204 276 16 329 213 132 137 141 198 40 176 112 127 27 66 63 93 136 132 192 94 30 116 238 109 80 84 58 164 141 243 337 294 6 324 192 11 118 156 43 91 9 108 25 73 321 101 62 48 244 226 91 222 316 52 252 250 331 286 155 100 268 205 296 44 29 14 146 136 189 232 311 8 246 85 57 236 201 38 127 139 298
170 107 296 111 293 121 289 338 253 335 334 72 229 294 55 92 307 86 318 176 185 119 307 333 267 273 39 177 164 282 286 236 163 176 277 3 231 157 230 10 84 59 86 100 135 307 23 48 141 307 32 81 89 232 51 287 150 145 248 101 83 89 174 295 42 281 200 268 154 205 244 120 326 74 257 230 314 92 255 58 177 105 74 117 8 338 1 298 115 66 213 218 142 240 98 31 32 94 75 322 164 44 188 284 167 223 124 57 73 322 208 155 221 107 68 119 195 303 71 56 98 246 10 92 115 287 33 32 221 199 189 97 206 175 46 236 206 46 290 220 161 212 241 213 230 259 339 251 85 89 174 124 331 19 197 176 128 245 41 314 24 13 20 140 55 125 224 319 285 176 138 268
174 34 340 61 136 70 25 143 124 232 319 131 129 6 173 175 234 228 37 189 20 67 321 323 221 92 204 327 268 86 77 147 299 153 16 61 347 119 13 163 56 239 232 114 0 40 272 69 104 177 74 145 209 37 76 238 267 153 193 296 261 221 142 153 237 200 259 205 223 128 12 106 192 6 281 27 247 307 140 248 71 43 339 18 146 295 145 188 318 29 74 233 8 193 148 27 217 0 196 29 191 14 101 255 331 12 240 255 85 5 86 159 222 333 110 312 286 236 300 126 75 192 14 277 163 215 153 291 334 336 331 51 309 240 145 3 235 65 109 114 237 333 236 136 94 12 80 143 183 85 312 66 160 35 287 96 119 306 145 317 156 106 203 98 194 64 34 111 196 184 344 290 67 87 253 216
174 135 166 220 284 239 62 281 19 160 244 250 273 283 44 326 72 293 256 123 197 307 333 154 151 343 343 264 28 302 60 215 164 277 219 203 162 22 55 39 197 81 86 295 284 100 37 180 241 10 13 290 154 187 261 212 222 220 58 17 282 94 222 344 194 324 74 20 307 151 303 238 41 226 164 271 117 271 315 247 286 134 196 171 243 340 285 230 116 148 145 23 89 204 269 263 37 84 135 124 32 62 107 312 274 203 250 121 228 342 49 103 180 230 335 116 97 175 225 25 297 42 325 334 256 75 147 126 343 118 275 229 292 42 55 106 255 128 280 195 317 164 313 228 94 74 35 190 163 76 83 316 344 284 102 293 284 64 238 140 166 227 275 159 23 23 121 20 115 156 5 101 181 202 327 296
178 17 143 19 347 70 99 3 101 74 301 116 160 238 165 291 262 338 61 32 206 14 277 250 167 43 185 274 117 42 66 253 306 19 178 2 37 260 278 249 293 319 323 108 204 123 136 229 9 303 337 177 307 66 78 77 172 268 60 179 98 277 64 67 344 244 45 71 121 147 96 6 111 133 38 249 238 119 240 325 148 113 316 343 108 206 62 54 196 205 61 253 157 88 186 113 302 58 67 236 237 252 175 281 163 15 17 33 203 68 88 306 238 211 118 7 152 289 72 77 336 254 34 94 204 336 152 86 114 96 334 80 6 154 53 292 315 283 224 82 162 44 180 149 69 246 341 299 152 68 209 337 241 182 21 281 213 92 293 290 173 212 203 72 79 31 229 251 286 108 326 148 62 250 98 311 64 206 239 85
178 124 119 45 322 227 90 223 231 62 173 294 289 213 72 185 292 100 307 53 10 352 336 14 306 314 295 148 89 3 352 66 36 260 44 121 185 89 8 319 312 14 276 130 196 123 0 202 323 160 299 134 53 307 150 233 94 93 242 196 0 75 223 12 313 143 243 259 25 134 200 323 30 163 196 12 122 326 163 206 240 179 180 163 93 19 88 266 252 81 189 326 67 34 252 328 334 115 210 141 296 33 6 158 25 238 69 326 215 246 332 190 10 200 325 271 318 212 268 253 42 55 9 246 97 166 138 317 223 114 253 294 321 318 207 305 220 12 17 42 45 43 206 259 193 343 159 114 280 117 350 63 7 246 19 219 126 217 339 223 218 74 64 229 185 267 275 333 281 93 67 164 189 214 91 159 291 248 333 324
178 169 271 49 254 170 170 199 8 100 322 120 52 126 261 191 233 183 290 354 107 275 256 340 107 265 24 219 12 258 351 286 109 49 32 167 205 286 327 189 22 307 26 257 73 231 315 54 309 64 341 326 161 116 142 181 238 82 171 264 63 309 210 265 161 131 345 238 234 153 257 54 24 296 105 126 287 54 74 227 106 88 25 185 339 289 23 314 217 224 355 225 95 54 7 81 156 63 17 221 58 111 320 149 134 326 119 129 106 183 55 54 92 15 8 173 284 58 66 98 184 249 343 107 194 187 183 25 253 106 315 143 76 247 319 301 79 58 31 33 262 46 84 123 301 157 74 69 126 93 105 242 62 0 171 255 341 5 305 42 300 248 204 28 138 172 185 198 342 333 128 326 83 298 353 147 303 90 206 325
182 123 137 296 332 118 244 111 349 17 124 346 289 244 144 351 123 281 11 69 41 126 20 101 350 90 251 214 239 60 32 134 184 287 236 314 250 246 273 271 193 95 61 59 82 183 164 296 43 316 72 53 299 248 123 223 321 174 296 265 100 321 277 45 35 238 222 224 233 121 259 360 38 300 313 198 240 30 355 180 284 315 141 67 328 177 180 168 317 229 304 192 82 82 11 154 286 346 282 106 5 114 86 181 6 134 194 146 62 307 344 278 138 210 46 160 62 51 263 243 243 335 46 70 145 35 305 7 163 102 176 297 22 348 121 213 323 314 332 86 90 350 142 2 194 25 240 30 266 267 19 342 286 214 117 241 339 261 344 121 347 330 162 1 274 102 38 80 126 20 226 86 171 345 338 343 360 77 143 335 59 253 225 197
194 153 380 164 57 34 356 100 165 99 287 334 43 107 169 75 279 146 15 154 26 47 313 379 63 81 53 14 264 3 175 59 246 83 309 54 31 219 23 146 26 105 99 223 320 167 284 284 127 289 331 301 220 119 231 171 312 200 0 316 62 239 292 217 240 15 366 226 303 229 251 8 41 380 263 170 274 2 253 171 178 207 181 384 100 64 191 281 310 194 291 55 244 181 17 288 221 274 109 257 366 96 131 124 280 39 57 38 27 260 271 97 171 235 123 365 189 20 216 233 304 135 291 331 260 386 17 314 349 312 205 325 227 337 18 341 104 222 78 115 222 155 321 364 358 231 62 152 294 54 56 382 59 28 199 236 220 10 234 259 76 348 237 1 82 100 199 359 158 359 225 88 211 243 236 204 209 267 183 258 191 218 226 55 299 271 330 324 41 19 57 291 367 384 200 147
194 49 109 109 352 370 104 327 192 291 68 18 15 48 154 282 31 202 121 220 344 223 277 29 184 259 289 326 270 187 323 360 220 221 251 331 359 212 43 319 344 241 225 336 72 51 175 87 305 257 170 341 81 361 366 304 163 132 163 127 137 69 266 290 45 373 200 288 356 224 223 304 153 34 288 56 14 201 311 23 281 37 350 161 319 284 89 294 175 173 320 44 45 219 308 94 165 77 191 258 95 138 73 319 17 94 5 344 204 211 369 93 87 182 107 24 239 89 137 216 85 335 229 62 356 100 351 1 54 191 322 193 189 151 321 95 10 110 118 339 280 8 299 38 283 2 100 114 47 16 191 344 200 206 282 337 244 257 20 342 3 109 123 296 39 201 336 82 352 31 178 300 151 64 103 123 96 176 109 313 282 246 131 292 134 287 290 302 170 50 244 293 134 116 300 270
194 4 367 39 189 101 360 103 348 294 319 32 253 45 364 193 267 128 138 307 161 356 155 81 350 305 257 176 27 44 144 263 265 120 55 26 247 315 158 254 202 227 265 204 194 80 366 124 163 253 150 69 39 382 162 116 243 358 100 154 179 47 329 289 223 342 245 299 93 299 23 254 154 119 72 166 327 322 337 377 25 384 253 32 230 211 234 274 235 386 212 35 34 135 37 370 309 170 353 296 212 155 23 209 201 114 136 373 99 230 126 342 269 364 0 223 170 205 70 211 111 327 30 287 104 287 137 176 321 83 173 27 324 108 178 33 156 194 330 318 222 5 76 154 236 250 295 322 22 234 382 240 181 196 165 348 371 333 344 276 33 131 56 287 385 331 287 170 262 224 23 147 135 230 187 345 126 345 101 256 381 281 223 0 133 310 38 182 6 330 90 172 273 104 210 328
206 179 14 29 50 19 73 155 123 178 357 301 329 341 279 340 385 34 222 171 313 20 38 76 304 239 12 319 273 105 351 100 116 46 283 166 115 368 211 235 271 402 178 188 18 81 294 153 162 270 15 376 172 43 401 364 254 48 247 33 403 267 215 191 164 401 379 239 299 285 88 72 130 117 269 277 36 263 349 162 111 44 231 313 379 355 312 248 124 380 267 5 256 389 42 32 311 48 391 105 335 52 325 271 351 282 88 168 72 219 226 5 349 368 231 41 232 251 336 196 304 235 102 88 121 301 182 322 150 241 90 83 223 177 287 102 381 123 82 47 269 245 90 115 26 61 229 236 27 301 50 254 373 289 305 275 14 279 237 303 247 274 254 126 181 146 270 31 202 362 90 343 141 18 272 157 383 50 281 279 334 346 367 73 174 396 206 116 45 286 380 151 64 110 293 274 328 370 10 65 247 370 252 47 340 59 106 208
210 159 285 338 69 338 46 204 94 131 100 31 186 2 307 247 166 314 116 240 290 6 136 198 30 413 379 386 55 77 185 185 42 296 214 82 46 169 141 374 66 366 18 148 372 367 147 137 40 26 169 142 55 295 131 136 371 157 374 343 362 54 214 332 133 251 189 219 49 120 193 375 413 104 397 104 380 347 209 146 110 113 366 240 9 346 274 249 185 383 73 114 247 1 132 383 183 336 31 298 328 304 188 264 384 26 150 398 234 171 192 181 177 191 159 329 70 376 173 382 151 296 14 418 1 45 385 105 380 184 58 189 63 88 288 31 17 120 285 157 149 35 261 108 209 81 231 375 55 19 329 310 400 126 225 342 415 302 31 37 417 179 101 181 138 340 331 261 27 211 117 207 104 308 347 257 12 35 19 124 394 386 359 410 296 29 401 274 94 153 127 1 413 284 135 42 46 177 237 261 224 54 120 251 64 393 43 409 149 245 219 387
226 39 325 35 166 5 302 197 377 231 93 348 446 1 441 274 277 255 178 324 279 63 451 432 193 76 83 437 292 219 314 169 110 272 44 293 380 149 281 446 287 325 303 343 396 85 344 95 41 251 94 55 370 438 361 415 250 217 181 34 311 11 434 226 291 307 326 200 149 233 255 386 279 223 87 364 342 381 55 112 21 311 241 368 263 184 92 383 34 199 212 189 76 117 440 92 309 78 145 404 96 211 18 57 256 361 120 187 443 41 323 419 308 35 313 286 259 352 83 409 161 188 321 105 178 389 156 330 293 299 169 441 59 26 320 269 180 268 70 221 23 186 187 289 272 37 246 144 130 257 357 150 143 199 173 221 412 114 342 202 157 202 415 284 316 120 45 175 439 206 158 294 421 368 349 76 148 255 202 387 142 59 335 0 13 335 451 173 192 96 156 32 100 325 215 94 374 322 401 379 445 43 144 226 181 88 146 190 109 343 315 104 180 368 257 26 426 11 423 361 63 234 310 61 244 53 426 121
230 99 125 410 135 391 198 84 125 278 31 413 131 139 348 355 211 329 184 279 10 195 103 388 370 227 25 145 417 431 455 155 385 329 267 457 30 212 437 11 13 298 61 456 104 143 34 361 398 384 292 242 249 136 362 29 58 173 48 131 64 173 212 158 242 182 69 116 29 57 81 309 92 250 252 283 159 365 130 375 301 400 358 399 273 284 233 98 310 326 45 182 453 9 287 268 450 226 194 163 323 34 321 71 396 400 261 455 342 44 296 289 269 194 315 42 253 41 3 373 425 248 17 345 109 5 35 105 375 45 456 256 442 109 441 415 291 443 122 324 74 241 153 26 128 238 400 338 456 334 383 83 276 249 219 133 62 264 185 422 130 238 392 89 42 94 105 44 424 204 90 27 151 43 133 57 302 40 408 36 1 152 278 437 120 375 286 233 257 82 137 29 180 424 297 181 446 207 447 9 395 349 175 274 43 22 321 451 386 303 154 274 65 141 21 95 298 326 228 19 57 19 200 101 398 115 118 165 140 371 180 260
234 79 248 224 250 375 114 211 126 87 380 179 291 116 344 75 62 36 92 374 329 226 139 235 396 459 218 66 314 310 189 190 149 403 275 91 339 98 351 362 166 136 374 144 235 63 199 349 4 57 2 154 284 354 112 80 396 289 396 118 362 354 180 423 433 255 463 252 101 392 418 250 456 278 21 201 298 252 455 52 265 387 211 83 410 157 111 234 324 262 47 152 63 49 189 238 440 43 335 53 333 417 269 110 60 208 392 304 27 231 435 374 437 157 255 378 13 151 367 335 310 414 193 113 137 73 203 441 217 57 414 179 93 449 131 243 285 96 344 0 79 388 174 375 283 14 337 323 139 398 384 347 386 445 426 344 21 131 444 134 235 368 13 218 424 101 150 302 333 352 116 83 71 243 285 237 369 279 229 335 176 429 366 361 83 42 6 417 445 208 245 371 327 19 312 437 357 399 446 200 384 449 447 200 445 287 269 89 360 44 408 331 281 321 186 197 397 212 173 70 149 67 333 25 363 155 173 271 387 370 139 58 44 313 272 65
238 150 130 229 396 431 452 131 54 438 20 219 319 389 137 365 192 424 397 192 314 133 43 454 8 446 21 412 28 9 326 116 61 122 136 345 127 81 473 316 115 289 28 46 139 200 369 61 353 188 95 189 191 325 250 449 407 285 189 316 169 148 448 13 441 131 458 75 96 260 109 394 198 311 371 100 239 93 473 352 121 274 469 60 169 359 123 20 27 56 6 193 384 76 152 165 365 140 472 23 116 37 98 409 445 270 228 233 207 23 155 217 291 295 381 95 93 144 466 270 325 8 453 287 193 271 320 256 51 248 438 225 55 39 88 430 325 135 85 366 372 225 200 189 445 299 89 202 392 196 353 263 204 103 130 437 457 300 39 332 163 226 405 38 22 377 173 364 122 215 291 463 163 360 288 47 11 216 413 224 228 354 23 156 465 408 474 29 357 156 36 222 104 26 399 341 161 153 55 449 327 315 167 193 17 23 250 105 90 122 105 62 263 83 126 40 453 269 188 131 324 261 76 260 283 273 439 333 295 110 313 467 60 14 335 181 433 25 100 467
246 231 297 237 443 99 15 109 301 300 212 282 83 253 349 460 90 335 329 166 289 162 283 73 455 234 321 39 178 7 115 57 250 17 147 447 177 356 49 335 14 11 232 375 346 176 250 74 175 314 54 271 50 136 180 4 288 345 52 397 88 176 247 240 249 81 105 101 472 162 362 475 6 419 77 48 487 185 459 380 188 470 46 136 125 187 421 75 99 381 397 313 27 137 165 445 102 203 181 415 57 270 212 303 446 144 140 320 406 449 104 12 321 155 59 8 92 133 146 246 284 443 478 471 380 274 211 126 270 165 390 482 270 473 440 393 309 367 54 175 257 55 108 401 5 57 444 225 56 64 241 98 272 16 435 55 34 383 300 58 96 263 385 323 296 230 289 68 85 292 300 14 408 360 300 296 179 401 1 286 213 106 442 320 358 121 183 148 153 376 111 442 19 250 467 273 412 359 283 329 333 81 110 228 121 491 366 288 276 232 436 425 75 449 236 336 481 372 175 10 287 239 206 370 64 258 108 148 316 160 299 215 77 148 442 148 34 443 239 379 485 136 176 401 390 29 376 70
246 21 162 441 467 320 271 477 362 245 109 182 303 462 221 98 324 455 301 362 222 196 432 288 397 50 185 187 66 219 173 419 64 202 18 434 447 166 328 399 63 393 223 151 389 318 309 38 298 266 129 63 28 173 131 67 397 171 455 245 368 282 141 491 315 445 93 361 482 445 460 48 403 294 219 145 204 346 328 378 471 280 432 106 27 284 271 36 164 309 382 53 450 180 265 215 480 351 490 286 213 315 125 28 394 341 136 281 155 264 44 19 27 225 132 386 88 454 302 318 354 396 278 431 307 92 123 433 354 369 463 395 443 329 279 253 188 334 275 170 170 354 212 72 85 328 37 243 191 216 283 245 173 176 430 365 422 143 323 444 142 63 445 274 203 108 109 104 348 339 142 53 402 343 77 202 137 268 113 182 187 424 406 262 101 258 1 204 425 430 211 133 105 261 331 323 364 270 242 462 106 208 167 7 23 344 316 307 82 243 451 215 294 260 456 285 437 234 470 278 155 78 290 398 60 425 278 94 52 163 390 212 87 409 139 41 30 90 14 488 23 145 376 204 346 133 396 376
250 46 297 322 355 468 246 479 385 66 102 254 377 207 234 221 489 260 233 408 476 223 133 3 291 99 170 439 67 260 361 371 324 371 205 280 70 225 296 141 384 132 416 169 263 295 306 127 284 427 292 266 419 427 26 455 448 189 233 334 345 372 363 340 404 5 9 489 370 414 363 489 72 267 414 483 11 218 34 312 117 195 342 471 97 322 231 304 58 298 349 470 117 481 429 222 198 369 11 365 137 284 59 248 7 99 191 225 365 435 21 101 278 462 27 467 239 461 427 180 145 112 6 44 159 448 39 47 111 12 413 212 211 308 455 431 252 385 193 265 307 396 146 210 278 344 42 421 271 233 344 310 88 328 226 43 164 11 186 241 7 378 152 349 159 482 201 150 255 453 51 169 232 59 453 153 322 318 51 179 252 141 73 195 445 250 273 399 58 402 265 472 359 144 176 167 491 284 41 478 195 408 78 318 49 328 271 440 6 12 44 81 400 296 486 192 86 412 57 281 7 188 95 423 330 439 313 362 371 51 65 438 58 241 341 58 447 152 473 399 166 86 418 101 311 312 90 180 274 82 452 101
254 51 454 173 197 212 452 286 478 355 275 342 135 397 153 192 21 271 322 363 230 91 29 109 318 228 49 43 409 16 481 370 334 328 260 175 143 393 208 220 144 89 122 135 77 368 290 105 6 222 203 268 163 114 49 453 277 204 130 501 352 229 281 397 248 324 411 293 29 105 211 42 230 228 158 177 418 84 125 441 239 266 210 135 44 385 318 28 326 159 362 385 12 399 431 303 438 404 320 18 410 236 41 425 220 490 445 286 186 463 207 429 205 248 63 388 372 373 247 397 90 502 415 307 383 345 53 136 411 350 163 127 133 366 340 93 302 203 195 38 426 193 254 172 293 39 367 124 472 506 504 202 25 458 310 328 448 207 190 266 506 267 45 315 459 152 346 494 298 418 391 275 224 4 382 38 351 220 389 462 167 328 38 1 503 480 1 144 477 225 247 221 8 222 454 28 142 138 396 366 167 463 199 97 501 267 130 404 197 448 14 200 321 209 32 246 70 254 88 193 351 443 412 391 435 151 34 273 277 256 380 441 279 202 330 300 406 439 182 103 388 106 461 356 207 170 190 187 449 198 101 53 453 98 309 295
262 87 130 268 485 299 123 73 220 68 326 78 433 406 483 161 476 342 164 323 496 53 239 309 452 52 393 192 282 223 202 63 369 216 474 215 458 323 252 215 511 416 212 409 331 351 107 194 284 382 412 180 323 473 250 426 188 136 12 172 431 441 18 487 82 430 239 78 25 70 393 465 81 407 175 115 157 194 268 484 232 125 213 228 490 424 459 141 474 485 36 387 241 503 223 2 355 230 389 244 288 165 107 428 27 230 221 272 42 368 432 149 506 200 209 260 468 218 484 341 79 59 504 305 29 34 193 351 111 366 279 271 327 356 468 371 29 180 80 223 416 115 122 333 516 376 211 39 418 475 331 378 75 371 163 318 481 255 377 255 308 1 418 240 72 103 28 520 409 163 105 43 188 11 344 516 42 353 495 69 35 488 359 347 87 298 360 277 215 418 11 338 515 296 149 161 268 204 291 259 19 11 371 290 85 350 497 34 514 340 446 59 394 430 186 282 343 208 22 196 148 340 183 265 254 93 493 124 117 215 130 216 444 522 101 347 513 281 399 288 169 39 299 137 86 450 304 340 275 301 386 300 155 158 134 103 520 98 95 257 251 391 218 497
262 109 30 58 134 11 351 49 510 395 364 365 313 199 395 414 342 245 454 449 450 166 407 362 146 240 480 380 496 118 40 35 25 40 145 138 431 280 477 56 374 88 91 517 270 344 109 165 118 299 228 196 469 321 301 23 290 262 517 230 13 212 41 94 83 176 50 158 12 390 508 340 427 7 323 369 152 522 249 131 332 37 510 297 427 326 515 413 468 494 418 247 22 11 515 372 203 344 95 43 252 293 229 125 486 156 119 253 300 422 192 185 229 51 124 461 170 444 39 500 157 186 467 455 152 351 292 233 472 309 46 222 33 516 304 465 51 385 108 94 306 280 28 7 71 147 227 87 64 226 230 361 202 308 415 365 496 301 431 261 149 454 234 236 80 427 227 245 301 495 460 259 38 354 71 381 174 458 416 159 328 361 348 1 224 62 488 173 439 171 60 513 415 416 216 124 349 289 71 340 149 333 481 65 348 330 190 490 174 218 349 126 523 406 438 9 455 374 385 227 313 454 142 451 470 464 434 33 40 273 225 9 371 505 223 23 395 412 259 141 386 128 358 97 386 99 344 226 242 133 389 230 54 252 0 432 436 85 412 397 221 218 276 408
266 59 526 201 509 527 20 50 419 201 531 247 469 354 226 121 243 258 139 445 522 119 304 421 213 429 74 317 440 72 362 272 105 430 178 514 155 63 340 270 228 167 366 225 50 437 386 12 31 323 486 193 469 370 48 1 116 93 311 136 328 206 483 145 307 153 237 508 56 119 242 487 175 55 303 366 412 144 530 206 105 281 506 184 176 193 474 162 345 413 244 446 305 313 24 357 171 394 139 63 152 292 38 152 42 335 493 212 330 274 267 63 144 304 182 480 113 450 131 35 139 51 339 240 82 277 70 468 413 344 414 324 441 475 253 234 110 134 272 345 392 332 295 248 364 506 398 319 459 241 459 214 152 117 79 510 250 102 53 524 408 57 40 385 74 321 227 325 213 4 345 336 198 361 373 241 88 287 406 23 278 172 475 217 463 223 26 228 522 516 196 514 95 169 387 329 74 231 366 450 162 309 440 325 298 517 363 386 251 434 42 436 72 180 303 221 25 491 337 146 19 457 444 391 230 410 137 242 176 279 420 170 112 527 192 367 422 168 311 21 207 167 373 70 173 11 379 530 52 380 196 475 473 280 232 434 142 42 377 525 352 272 54 18 217 6 191 66
298 89 54 163 173 291 180 488 174 585 3 300 585 320 324 252 80 145 171 275 428 576 60 169 594 78 153 574 191 320 578 338 129 242 524 22 512 286 288 300 143 81 185 248 528 16 477 236 320 49 572 528 358 187 241 328 204 372 250 129 255 477 62 73 188 374 84 51 216 213 209 126 490 330 576 520 410 17 160 407 485 289 274 155 461 316 252 307 386 494 200 32 585 232 448 588 481 234 320 290 578 328 569 198 227 489 82 393 175 341 250 527 277 261 361 329 262 265 594 114 467 588 27 31 306 291 246 217 63 328 482 281 589 130 397 395 543 518 386 464 565 395 132 19 589 413 171 31 344 68 152 275 284 588 478 275 141 56 68 62 123 250 161 378 183 346 210 192 469 350 396 23 456 493 282 571 181 571 531 103 224 180 431 325 242 431 424 553 334 263 89 404 567 159 467 83 201 163 593 503 71 364 17 347 248 163 286 5 325 172 316 573 261 584 227 130 258 405 180 194 280 302 458 568 31 158 173 279 396 185 531 115 293 583 354 575 334 246 562 354 159 382 481 28 539 478 370 322 38 416 74 249 421 383 28 268 202 433 123 290 171 520 237 176 273 306 443 162 248 173 327 549 447 500 315 81 471 72 423 342 452 218 167 307 235 362 464 132 369 62 447 213 314 530 76 552 185 271 443 490
298 130 560 590 182 280 313 268 115 301 335 558 363 211 511 546 173 559 458 274 577 395 575 65 128 114 48 202 203 387 352 475 337 41 4 81 453 161 280 421 54 581 396 402 407 558 238 536 489 194 365 280 301 278 345 571 219 160 142 499 503 198 307 172 363 9 365 19 66 206 76 348 431 311 405 396 199 42 364 464 316 444 45 583 383 340 365 102 241 165 139 514 182 12 566 447 274 285 435 48 52 574 521 309 531 347 93 562 87 227 11 15 220 4 560 135 302 542 364 193 3 282 571 140 497 449 338 89 478 546 492 407 57 93 26 274 485 122 390 390 411 107 392 9 471 60 430 533 90 113 365 70 585 86 426 132 237 190 404 168 334 115 552 450 382 34 103 89 267 394 482 44 442 46 374 496 414 462 498 91 484 547 522 309 531 0 418 479 30 225 280 473 162 277 321 249 106 119 557 302 150 510 549 343 20 544 525 421 328 558 198 179 137 576 103 77 405 51 541 66 143 156 71 591 44 147 154 49 441 460 361 93 153 299 294 360 587 150 410 260 321 159 62 113 70 465 376 482 138 585 151 67 150 70 294 348 563 407 102 494 142 404 50 154 426 259 474 175 467 137 230 247 271 484 263 172 571 424 195 379 524 345 141 267 197 466 397 560 482 1 443 573 233 559 415 285 80 139 99 328
302 15 30 140 35 422 311 146 344 34 282 427 304 314 405 11 545 395 492 22 143 357 590 518 463 115 428 492 64 29 568 482 397 209 562 346 251 400 320 456 600 235 521 71 335 425 47 301 518 30 449 549 596 204 42 570 190 507 172 430 232 282 494 202 282 86 586 525 433 101 433 185 10 238 387 244 526 309 324 157 527 593 489 255 374 13 519 31 575 544 276 30 141 242 251 375 348 64 309 294 52 385 4 187 7 161 603 84 279 416 457 255 195 83 546 600 121 294 342 425 481 231 578 326 381 306 473 554 212 234 153 595 282 571 133 203 329 167 408 330 50 176 66 440 397 417 436 70 453 477 419 250 216 381 450 551 127 12 471 547 486 480 268 123 347 345 425 411 595 451 385 388 583 284 300 29 507 419 322 186 103 495 315 253 356 76 586 561 577 280 598 72 513 93 128 424 473 337 142 240 343 287 321 41 163 93 599 231 70 367 268 90 149 118 172 587 283 291 46 570 266 509 383 485 416 398 560 37 546 366 567 209 162 556 263 414 79 124 528 500 223 235 298 253 460 530 532 103 62 351 295 262 28 287 101 276 87 441 473 20 383 336 345 155 350 516 392 573 81 5 39 93 603 159 16 414 120 317 132 144 408 593 335 407 106 26 511 582 431 64 567 576 378 272 386 350 63 449 396 394 344 82 402 549
314 221 249 14 170 141 147 367 134 209 236 424 398 340 590 26 227 562 390 463 20 499 560 470 11 360 32 109 409 56 534 116 211 371 17 409 427 200 61 211 273 476 167 465 309 316 364 407 595 518 251 329 236 488 465 369 307 370 328 460 291 492 587 120 249 177 100 57 183 507 260 493 204 4 86 468 486 219 247 100 218 491 626 189 69 588 558 210 112 479 204 505 503 296 366 61 591 282 62 482 573 487 289 265 470 321 445 242 395 402 84 222 1 340 27 394 559 464 251 230 594 419 400 170 9 573 574 108 238 443 585 381 37 538 215 33 196 120 332 331 442 269 194 203 32 589 14 376 425 11 84 621 367 561 6 578 143 134 196 578 452 131 491 180 576 98 134 15 137 301 80 110 142 277 403 359 86 371 533 127 282 442 51 307 119 303 507 111 416 579 402 7 399 627 305 626 419 499 280 214 408 339 421 367 601 357 500 251 477 329 626 171 546 409 151 346 466 2 543 243 544 435 622 516 8 302 381 215 30 57 286 583 579 565 297 307 148 583 131 93 274 574 16 141 482 311 320 420 464 367 216 504 195 566 100 226 352 348 218 479 510 87 457 220 458 348 366 4 294 152 329 28 97 378 596 463 149 487 16 107 65 169 359 162 148 482 557 554 428 108 154 252 301 413 346 547 14 23 233 153 135 539 24 566 249 279 349 449 565 345 373 91 275 470 605 594
314 92 576 103 357 131 401 126 59 256 42 505 354 289 564 568 139 233 228 610 589 492 510 171 409 383 181 506 461 227 569 224 70 595 77 479 170 19 402 312 559 212 495 23 599 241 306 133 457 77 494 1 367 170 430 282 339 39 69 29 617 190 595 306 557 16 525 80 520 573 598 29 258 325 287 245 221 60 514 516 315 397 427 483 201 574 453 282 534 69 416 68 116 332 2 584 201 286 587 128 498 402 575 30 507 432 100 189 317 525 585 25 279 100 161 170 128 401 269 620 289 579 225 69 0 210 585 608 477 72 600 164 460 303 325 161 13 192 564 433 164 601 125 94 206 616 528 34 611 16 52 597 297 257 100 154 213 178 93 588 306 205 431 448 361 309 11 241 354 368 622 144 86 144 315 414 6 88 500 326 507 495 194 567 359 544 308 469 165 61 247 29 495 77 254 28 429 559 81 379 476 107 121 2 502 461 115 142 557 273 613 156 444 198 408 317 301 553 215 207 91 342 296 320 561 289 533 569 168 216 374 147 591 232 418 574 92 456 478 367 528 206 81 290 55 551 205 282 63 474 397 40 176 120 237 93 469 540 137 332 113 302 161 491 521 140 23 320 297 145 605 558 83 72 235 33 240 361 547 459 300 13 99 99 571 256 90 551 465 46 585 116 351 526 305 215 318 133 501 120 166 199 406 324 384 434 428 486 454 532 135 501 618 304 165 616
330 290 541 571 8 556 239 402 238 457 658 419 177 576 189 462 651 315 321 629 106 213 78 361 52 16 22 611 245 266 536 624 261 187 25 596 450 377 628 246 103 381 37 598 390 506 390 639 380 275 442 335 473 459 360 512 461 95 443 409 328 264 317 643 209 325 567 391 436 512 435 486 7 31 272 409 129 132 176 61 342 221 635 103 514 605 469 80 578 597 646 417 512 517 608 591 529 625 393 349 600 303 116 452 592 352 652 285 516 286 459 435 543 274 529 414 575 104 42 611 573 121 416 57 513 279 171 76 240 261 565 595 547 46 474 134 76 399 345 98 372 19 244 597 655 324 181 168 316 534 462 532 385 394 118 59 142 37 264 392 255 46 45 168 560 471 655 0 530 606 435 205 574 283 240 339 363 244 56 534 23 262 135 235 235 308 184 473 599 361 337 375 212 11 182 613 599 226 333 165 11 457 123 126 132 491 225 241 634 402 555 492 644 173 376 65 574 181 48 197 455 23 570 23 635 548 133 70 218 616 637 16 383 600 18 557 76 551 594 117 498 3 83 364 649 59 428 109 113 77 432 145 184 644 350 89 72 343 297 350 2 561 400 161 428 278 162 277 388 86 544 102 82 12 638 116 472 426 225 527 133 213 587 374 368 260 131 540 460 133 244 183 156 94 587 605 565 618 493 141 126 409 299 139 76 158 24 411 272 554 144 105 95 658 527 190 499 418 644 8 530 387 87 354 68 351 446 144 264 112 643 391
338 247 281 288 618 507 611 374 436 370 114 422 317 637 610 386 467 245 292 434 157 99 255 160 178 396 509 462 275 38 509 172 587 560 160 414 91 509 638 98 633 33 495 554 541 108 337 409 535 447 367 670 176 312 619 410 196 102 145 545 417 140 370 622 305 568 78 277 336 252 17 484 156 61 602 19 481 229 258 261 540 669 291 410 355 16 610 635 52 107 596 318 24 346 307 13 54 494 490 403 142 541 359 549 250 523 415 60 235 406 291 122 485 607 397 305 417 633 273 481 11 317 61 305 255 168 214 85 406 115 643 259 316 447 238 668 78 237 135 458 383 279 317 148 615 223 177 334 656 636 254 195 79 299 127 318 621 503 150 291 51 623 343 104 34 38 234 8 614 292 219 525 269 170 78 208 398 562 613 512 480 205 16 568 463 306 548 485 448 535 20 670 596 136 423 595 212 192 42 484 396 56 356 428 660 24 15 300 631 23 674 311 390 113 191 395 430 75 442 550 645 280 409 537 612 654 427 603 7 294 143 549 268 115 329 423 181 432 12 420 573 541 136 189 49 354 387 587 545 667 356 55 656 273 617 125 411 201 659 559 461 575 179 348 197 175 418 495 243 554 526 324 129 190 613 70 654 580 315 613 481 419 10 539 183 449 33 93 56 220 173 12 660 611 207 226 416 523 339 271 557 114 369 289 361 409 247 162 116 119 599 317 478 599 499 156 592 658 246 29 672 233 160 611 657 351 2 504 607 438 221 418 3 322 227 535 219 568 199 130
338 272 124 208 4 90 232 47 58 488 106 643 160 11 72 345 484 235 390 493 193 347 352 105 519 257 408 18 425 441 14 31 514 307 510 574 203 584 269 353 605 122 584 534 624 318 205 103 366 341 652 541 261 223 521 107 284 652 119 550 451 664 514 289 289 294 555 397 104 398 274 316 497 180 629 672 328 1 49 144 87 661 144 155 575 629 508 495 564 10 308 86 48 234 169 487 361 321 270 44 485 665 299 464 98 586 197 425 544 602 308 267 415 444 62 32 102 549 430 418 429 407 219 334 611 590 72 73 317 86 449 242 599 450 326 89 476 643 561 254 348 612 627 296 449 101 549 84 533 191 258 23 333 467 493 204 99 150 95 337 190 228 515 671 536 636 649 543 267 121 21 557 10 265 523 243 506 646 429 151 406 162 93 460 140 435 264 276 187 493 249 440 595 402 403 445 295 283 420 543 556 148 338 333 143 518 581 96 285 412 613 240 612 589 224 526 338 384 259 315 529 66 9 434 108 277 212 91 362 160 117 618 88 147 198 589 657 239 612 471 390 255 530 523 590 45 208 76 517 333 164 443 315 221 75 358 216 478 372 382 648 646 386 285 633 586 446 629 247 473 172 597 299 588 266 395 311 406 497 618 266 335 357 151 430 146 376 634 136 309 342 494 108 632 51 567 583 37 332 245 159 618 485 11 216 35 298 661 77 93 413 500 560 383 672 78 368 343 67 28 375 305 207 621 670 454 267 667 509 629 629 136 168 366 114 587 483 66 227 654
346 325 533 381 271 593 622 201 524 546 154 344 631 61 193 410 526 531 506 344 353 101 287 409 165 483 630 392 179 227 667 478 363 162 256 371 21 197 133 269 164 690 662 646 649 258 323 69 86 245 438 395 422 261 118 435 671 403 6 491 272 229 560 391 527 498 135 224 265 489 11 629 568 474 284 552 11 395 283 180 214 462 499 63 393 359 400 554 111 328 147 161 171 8 573 15 43 197 448 62 307 408 502 212 70 426 426 41 373 475 1 461 412 19 557 545 649 344 399 46 20 53 208 471 553 614 340 365 618 42 592 519 500 290 130 613 419 503 352 103 189 63 510 551 218 389 206 673 221 266 328 71 578 31 558 20 302 311 464 335 477 646 261 524 282 61 400 268 130 241 83 550 635 143 341 262 264 363 505 458 681 517 322 398 152 266 186 299 122 336 78 90 102 361 186 168 580 533 123 376 265 553 52 437 55 434 391 117 545 211 150 501 494 583 409 110 187 461 443 391 452 676 316 295 477 55 299 620 216 551 146 73 87 166 60 418 497 433 38 516 169 156 641 98 415 170 454 347 442 634 450 355 689 313 26 75 306 80 463 663 68 582 512 571 505 145 35 317 15 416 11 498 674 196 644 282 208 245 6 531 547 406 8 437 45 533 380 607 294 683 227 378 3 672 149 241 337 624 381 161 519 204 302 329 162 413 455 234 246 642 51 616 408 462 658 683 686 426 639 478 224 288 655 565 261 255 70 670 552 315 230 601 536 101 193 288 426 197 76 625 315 404 609 458 654 456 679 645
346 156 446 562 125 653 497 125 340 12 334 464 689 169 55 3 285 68 25 510 7 64 538 675 582 566 154 105 126 203 486 591 312 330 46 39 680 359 392 249 443 578 636 227 437 150 568 419 575 670 311 511 115 191 346 126 259 6 249 19 229 493 310 77 337 579 325 11 350 98 315 459 27 152 293 308 32 604 271 686 331 36 490 138 36 550 178 446 475 475 592 624 149 454 616 482 41 353 380 530 602 289 678 690 168 341 666 123 232 675 263 610 468 228 545 25 300 648 255 427 471 129 292 103 39 432 255 138 265 685 496 459 610 345 674 303 374 341 253 455 460 186 376 354 574 544 538 634 155 61 628 642 290 566 552 687 488 599 476 3 329 328 422 556 41 290 446 196 323 635 403 74 292 560 534 397 298 576 543 526 45 554 361 164 8 244 509 488 64 193 191 556 77 357 289 566 48 412 516 419 97 205 679 323 526 216 136 36 85 496 341 85 292 593 380 20 63 125 155 38 88 594 116 568 584 188 99 434 21 88 20 633 191 446 598 112 475 112 294 161 52 111 419 353 411 177 653 95 150 377 398 584 38 140 98 417 367 376 458 538 140 576 392 68 420 122 478 11 51 381 387 539 619 272 422 310 526 128 626 388 543 297 46 630 419 577 381 206 586 626 159 531 143 680 403 55 217 30 633 507 103 664 96 435 198 309 491 266 117 231 101 378 174 630 8 81 456 689 383 657 21 489 292 156 337 505 44 433 364 177 353 14 281 363 388 91 402 518 632 393 27 529 24 253 337 316 11 152
346 108 639 181 583 22 268 665 669 362 345 340 545 187 130 114 390 272 294 577 408 604 447 514 144 364 8 687 685 86 8 485 108 595 108 644 187 96 328 226 106 193 405 285 469 203 203 425 33 485 515 296 235 268 63 452 675 374 210 116 95 378 131 28 675 88 230 517 461 606 321 675 460 459 215 72 345 588 422 411 230 43 418 313 61 615 623 36 208 228 202 36 592 205 299 193 171 374 322 482 506 519 381 75 177 322 328 544 157 667 554 20 550 346 496 150 344 680 127 213 394 509 190 673 277 276 119 637 472 266 31 681 477 248 685 476 572 205 411 187 634 642 630 131 190 355 619 154 606 174 527 454 633 357 553 356 689 587 188 502 604 532 51 122 352 349 681 591 229 132 74 94 238 254 131 131 468 183 364 450 161 179 160 516 466 468 365 94 240 86 594 3 181 133 175 641 291 210 123 454 262 358 687 6 681 523 363 410 431 250 63 120 17 130 102 527 100 488 203 229 484 351 493 211 633 330 387 672 41 137 212 508 175 497 642 426 21 472 99 138 48 505 525 579 258 310 435 690 35 29 81 93 674 522 79 104 25 589 176 217 24 195 48 691 114 73 133 201 618 574 58 291 412 391 126 390 447 306 77 133 162 588 110 691 618 686 618 536 573 177 551 78 91 426 134 97 180 631 195 241 23 247 463 12 197 560 645 424 184 151 154 269 265 71 341 388 280 358 536 319 161 87 497 617 624 143 571 659 616 441 455 214 21 471 579 508 373 220 53 448 637 617 12 548 14 632 262 42
350 17 647 632 296 683 280 9 510 314 562 596 220 574 473 250 439 666 508 346 158 51 210 491 45 684 390 99 288 368 597 351 216 628 204 128 618 288 545 503 434 32 532 20 114 327 60 87 521 174 112 55 684 594 571 112 318 145 488 211 451 378 15 284 50 610 243 69 214 439 72 453 488 218 525 123 281 100 632 115 267 493 257 675 594 501 530 170 230 409 686 523 346 664 120 632 143 46 148 136 645 541 313 453 236 264 558 529 115 287 165 504 574 610 18 372 594 80 399 634 657 576 571 595 149 241 426 633 556 433 667 41 144 593 86 506 627 177 459 584 359 154 328 460 555 90 397 164 105 85 624 618 503 107 153 676 247 75 262 295 220 653 15 545 426 393 360 450 75 682 225 677 148 126 649 506 212 537 153 394 219 485 70 693 447 694 11 53 338 448 100 642 293 535 2 353 595 391 272 148 128 483 404 77 401 343 125 180 524 476 488 385 29 399 441 52 165 217 68 369 53 76 28 698 238 548 73 697 672 510 648 535 522 512 421 362 25 638 247 130 327 639 206 617 217 340 456 122 212 54 99 679 54 370 171 526 264 394 15 89 89 407 31 391 246 526 78 141 305 293 362 216 556 163 221 77 362 686 585 343 79 566 439 366 334 675 319 198 688 280 469 635 501 362 499 128 153 219 594 505 689 60 109 257 568 588 96 503 592 434 135 107 56 359 390 154 509 197 230 176 90 242 441 675 96 699 120 51 441 636 24 397 683 122 361 430 85 338 558 518 282 551 615 639 489 374 234 557 598 323 231 548
354 47 377 287 162 510 119 469 455 157 494 581 394 585 663 115 681 445 605 509 76 517 408 528 415 455 336 206 617 688 650 125 422 261 169 516 188 195 620 369 583 251 91 650 569 291 154 406 12 237 437 332 211 512 14 320 506 413 584 31 328 673 660 705 68 281 359 329 430 354 589 33 500 261 285 667 175 457 292 228 697 170 231 41 323 199 479 519 635 618 396 599 31 228 187 642 554 4 628 623 680 139 77 457 144 437 630 451 413 433 519 576 519 101 349 20 455 411 226 242 638 56 475 262 644 521 378 321 625 168 398 1 18 127 484 166 393 303 136 254 196 85 697 601 7 692 99 130 20 653 344 233 365 448 509 387 121 340 647 188 565 303 325 585 593 625 296 437 125 33 20 85 330 660 581 42 183 693 209 274 14 187 599 252 422 163 465 659 337 383 478 385 536 642 34 671 102 665 348 14 612 262 121 99 685 110 150 107 472 321 108 622 397 134 515 102 420 108 133 390 430 438 552 192 421 264 213 344 689 493 328 113 28 54 354 189 482 431 232 423 84 112 481 228 627 458 33 707 361 120 404 201 668 682 601 84 367 483 274 101 176 653 664 316 693 590 508 621 433 390 346 651 283 577 420 470 695 672 658 194 256 368 664 27 111 217 60 705 105 610 623 624 446 50 448 391 131 393 229 469 154 387 327 44 302 184 214 286 144 242 78 128 576 295 429 425 547 493 104 498 184 703 492 388 292 368 522 508 189 538 120 608 289 11 583 339 494 366 65 634 436 645 350 165 568 25 107 330 536 670 244 487 505 171 184 271
358 306 351 190 282 514 264 219 336 11 472 259 193 354 263 70 429 675 480 615 445 189 708 645 552 524 633 576 660 243 648 668 294 638 482 110 334 378 695 234 564 223 474 424 288 570 165 167 651 26 405 223 171 220 120 690 386 8 270 401 55 608 712 529 455 93 539 21 269 595 282 100 412 473 621 470 52 219 327 137 526 634 145 286 82 553 311 640 435 349 417 158 545 221 221 344 276 477 36 21 102 146 204 670 663 29 624 641 533 212 241 545 500 713 679 663 485 675 37 257 491 538 691 567 49 656 567 567 32 212 530 497 579 99 29 452 367 69 100 183 280 567 159 259 84 27 610 491 327 41 385 617 710 321 281 359 129 323 207 440 313 158 582 681 20 320 626 23 361 669 362 56 597 603 235 231 229 24 450 638 105 643 584 229 423 20 191 696 457 3 407 643 624 623 592 617 63 617 300 596 264 447 86 90 263 557 570 179 399 222 453 605 711 30 6 171 197 548 153 147 239 592 691 368 24 77 303 593 491 121 593 445 241 67 695 385 264 181 16 212 107 323 523 274 89 405 605 374 174 656 180 237 591 81 266 672 535 715 378 81 309 324 639 365 154 335 186 493 581 650 74 681 255 431 627 685 706 401 303 193 582 207 105 190 241 633 322 684 653 542 103 36 182 358 175 454 607 219 561 365 530 390 713 258 45 613 76 557 434 300 337 75 367 382 373 178 364 332 83 94 439 623 540 622 139 676 374 320 559 31 666 206 659 180 166 327 184 654 594 106 267 45 683 113 514 287 137 53 245 699 339 572 555 620 347 102 617 99 433 63
362 257 174 555 656 223 700 699 142 155 256 74 496 621 423 285 303 184 330 261 79 488 389 320 706 212 479 227 545 40 317 46 66 552 642 612 496 695 142 137 343 718 87 59 701 103 516 197 178 446 699 603 634 80 140 590 129 706 496 93 552 126 307 158 285 166 331 139 683 375 670 292 151 204 431 349 72 84 194 386 547 375 206 183 106 186 593 42 716 604 188 499 56 457 284 662 390 667 257 570 669 543 163 530 547 647 435 37 211 106 25 665 517 303 638 9 491 16 603 575 65 212 586 67 211 561 238 72 537 110 50 508 427 555 286 55 115 330 723 61 435 636 670 339 357 373 603 260 119 265 377 199 32 697 100 237 399 77 692 668 438 179 250 421 358 454 459 296 594 61 422 414 570 158 503 357 134 662 586 662 404 408 454 620 170 409 369 5 118 689 124 281 344 256 604 583 175 467 106 219 574 34 633 256 339 166 628 209 248 255 337 116 53 592 653 260 514 464 54 513 330 100 64 587 526 448 262 491 273 422 54 257 506 611 233 293 358 342 688 634 503 690 487 516 161 599 706 236 157 638 322 149 674 539 699 415 286 548 586 380 140 497 78 646 702 381 26 29 141 686 218 428 208 483 398 386 57 594 101 285 651 134 99 361 370 599 428 232 213 180 7 431 311 522 449 2 43 108 523 500 486 161 564 594 563 406 524 133 477 300 422 327 421 426 573 81 272 310 551 23 87 366 538 190 527 598 120 313 672 191 513 219 723 340 187 256 722 143 367 458 411 321 393 41 84 172 595 453 580 388 261 247 673 488 0 125 467 489 102 406 95 422 305 704
366 90 338 730 422 411 650 636 417 483 139 365 145 231 78 630 162 310 581 564 214 311 315 610 65 79 307 561 692 179 153 479 284 605 162 627 678 364 699 663 177 592 502 395 278 547 581 107 121 105 554 635 389 377 97 544 164 90 602 186 230 718 673 553 510 295 201 326 154 5 515 445 685 541 667 287 90 615 619 457 136 618 326 356 730 49 724 423 417 332 323 199 3 583 724 162 604 272 356 673 77 51 254 432 279 374 715 455 340 638 99 167 644 493 511 372 21 446 516 448 491 643 673 489 152 696 482 247 225 206 669 527 642 72 534 605 248 94 392 57 683 75 412 183 514 217 324 461 573 263 29 343 448 670 531 264 515 270 728 643 445 122 440 22 12 210 243 276 314 488 596 371 266 481 279 526 202 149 245 138 389 438 275 626 318 177 316 353 25 35 443 161 124 421 50 503 114 26 254 528 310 684 400 445 44 274 593 682 249 716 36 499 110 22 572 91 716 634 254 556 244 335 484 613 332 573 504 650 665 490 671 99 56 157 719 7 552 605 539 177 483 720 353 298 619 582 684 697 223 398 115 658 710 387 689 392 100 202 74 378 537 43 323 119 334 147 593 180 131 297 497 511 164 172 345 25 152 727 35 685 280 124 250 207 184 294 666 642 188 544 466 329 324 37 152 238 289 171 611 185 38 164 401 269 157 145 479 313 66 75 524 123 418 719 182 137 706 91 623 0 447 618 158 673 237 697 549 0 623 276 163 91 338 248 14 264 407 530 249 116 614 129 263 534 398 511 386 635 415 27 39 68 614 544 250 172 688 437 522 173 681 96 162 724 598 466 500 60
366 25 43 655 285 125 513 688 309 186 443 597 699 687 699 495 445 51 285 225 128 652 642 294 306 466 39 681 613 341 335 145 305 725 494 77 26 631 397 642 471 565 601 466 144 372 76 434 141 620 534 627 199 222 689 233 567 327 641 608 105 254 315 588 360 488 152 109 595 464 489 666 731 362 243 302 632 99 701 333 217 696 106 338 104 324 204 703 176 582 384 262 384 637 244 667 172 358 147 441 277 640 145 2 446 61 441 534 712 421 69 16 475 17 24 359 694 680 127 60 263 423 537 594 246 79 291 626 605 230 449 705 489 557 255 161 444 572 156 660 501 398 13 246 26 466 291 34 86 39 526 83 194 236 508 682 81 467 299 384 6 201 267 667 70 559 311 615 424 608 428 450 482 476 34 471 78 698 515 24 226 583 623 24 570 462 124 140 700 659 270 300 531 358 239 436 628 59 582 231 423 167 267 554 41 352 252 639 287 621 311 428 641 105 358 100 583 513 27 193 389 346 587 2 591 296 630 729 430 150 704 40 308 100 601 84 682 54 246 428 87 602 511 125 541 431 640 88 648 397 105 368 487 705 476 338 393 101 567 333 542 664 79 633 368 62 596 647 313 62 330 267 666 409 452 541 661 657 399 472 247 440 665 391 165 665 147 217 251 654 488 350 210 303 605 491 337 29 491 675 720 286 330 72 516 273 385 65 230 219 600 152 261 483 467 177 722 136 622 476 423 51 422 68 140 534 597 627 42 323 513 379 218 620 274 174 503 144 678 579 595 158 209 572 133 251 708 522 126 313 702 405 54 16 308 606 371 387 625 343 383 543 199 603 86 582 319 350
366 297 715 18 54 395 184 465 695 131 644 1 511 288 520 487 719 303 547 716 443 622 500 170 662 715 268 99 325 450 451 192 254 350 245 445 105 465 215 208 28 528 518 46 479 234 330 28 390 243 235 487 628 506 645 200 192 515 431 606 460 135 696 438 445 36 176 287 708 619 543 127 381 675 555 247 308 375 21 496 607 188 645 689 617 442 548 212 511 583 235 673 99 65 606 138 542 201 212 115 210 357 25 346 263 691 110 498 447 153 200 111 126 335 75 568 689 234 33 648 700 81 307 431 627 237 222 300 111 14 89 144 102 452 68 526 505 90 407 666 348 407 362 87 708 87 358 525 415 222 475 331 73 349 416 270 692 48 284 605 148 208 630 617 99 697 662 256 490 429 288 126 346 247 277 242 494 638 115 408 453 459 214 377 667 375 205 353 431 462 220 416 236 461 724 375 90 549 81 25 436 128 541 62 587 232 305 342 544 41 659 448 84 48 514 491 485 75 129 288 558 646 653 18 190 2 116 716 576 117 728 152 54 197 387 315 591 96 644 84 292 31 697 12 656 166 123 619 727 321 413 611 719 547 603 617 689 559 646 32 372 163 648 213 700 694 665 380 516 448 466 37 643 299 65 11 278 519 353 470 290 213 366 259 414 401 719 431 543 69 671 352 110 4 454 489 263 169 380 487 11 206 25 512 352 438 234 320 572 609 696 8 351 631 295 555 373 342 518 341 313 711 555 118 361 358 658 416 14 195 326 123 146 719 15 459 104 53 134 138 0 648 728 407 103 150 128 236 282 368 100 600 12 291 202 215 563 210 238 226 655 575 178 367 471 77 664 185
374 124 137 720 110 364 585 298 414 728 155 365 456 193 194 563 609 153 595 415 57 618 426 710 622 196 715 615 414 441 574 372 94 303 534 358 81 442 664 307 85 571 81 553 627 294 153 676 477 569 558 207 360 437 153 646 686 250 510 481 72 664 579 452 90 14 718 16 542 617 746 382 194 459 574 60 313 27 483 692 27 663 426 548 291 353 323 717 522 299 598 315 664 679 661 336 288 579 186 430 252 400 217 240 504 601 624 378 295 83 675 596 495 341 538 522 267 656 609 145 612 326 385 512 380 186 635 460 206 311 700 204 155 489 441 116 353 639 607 720 287 9 23 140 672 273 731 508 515 524 134 662 263 11 0 236 502 593 39 638 360 428 569 216 433 681 111 510 502 690 184 39 386 697 451 298 188 548 652 450 152 303 593 210 20 566 493 613 228 36 632 518 445 380 324 498 733 677 374 178 382 288 175 400 352 37 719 215 48 614 470 153 273 440 538 317 340 73 589 62 734 40 630 131 81 112 345 612 360 505 432 64 3 409 456 163 735 501 731 351 335 471 337 84 343 58 696 8 498 363 47 421 219 280 723 173 370 542 218 364 135 270 117 691 506 308 329 325 189 108 535 303 627 670 232 616 85 163 687 738 150 243 96 499 571 698 355 368 611 293 300 157 629 0 36 523 414 439 708 154 724 609 498 533 209 633 23 20 463 2 572 277 57 606 269 687 602 677 283 469 643 406 574 60 515 712 258 124 425 211 128 282 555 474 38 573 79 745 629 281 138 343 64 399 122 89 140 568 257 68 339 244 195 69 61 145 516 369 714 465 380 175 417 233 433 96 120 114 282 106 39 328 406 262 565 590
382 354 582 521 335 542 501 73 731 325 251 634 188 556 577 465 603 429 188 27 674 329 120 411 253 485 441 552 667 674 594 578 720 456 717 638 48 260 140 67 62 501 469 384 220 362 682 365 408 14 416 392 637 144 68 28 672 707 538 146 572 98 84 199 634 708 702 578 447 430 473 631 398 430 592 750 321 442 89 717 172 733 188 486 293 742 68 251 363 297 685 686 348 344 187 405 617 762 653 362 380 658 55 54 405 563 629 491 334 8 582 277 2 418 541 69 170 340 507 416 755 12 725 364 293 93 742 234 550 606 56 631 389 64 394 670 136 279 385 91 225 721 169 377 249 192 177 626 264 502 85 486 182 210 172 83 754 763 492 403 431 559 634 11 675 217 648 162 16 479 359 149 99 249 331 265 664 258 271 356 388 637 188 528 55 584 151 458 351 91 546 407 280 665 512 199 255 63 283 139 315 745 353 565 248 474 175 565 336 473 255 544 457 684 754 362 741 680 168 618 691 366 334 358 172 761 403 543 461 482 146 486 623 393 421 415 196 473 46 622 708 409 701 395 634 430 352 560 502 735 729 156 80 293 225 490 449 757 40 78 354 570 599 355 726 326 130 475 709 537 599 754 31 504 446 18 9 74 587 385 682 270 724 534 755 260 655 187 278 716 165 474 182 599 69 430 84 673 650 732 481 58 297 417 101 214 548 532 565 463 159 755 362 561 721 509 156 380 649 208 715 239 434 485 356 157 635 159 230 347 161 734 71 538 367 594 456 547 344 306 159 264 610 63 423 581 635 299 377 475 42 533 272 679 167 590 137 153 176 663 735 4 243 120 93 399 585 228 594 482 587 257 298 497 494 333 504 158 668 34 729 517 633 67
382 210 670 155 238 401 699 749 324 78 237 655 354 100 549 511 425 6 217 743 685 351 228 217 36 88 108 280 638 62 9 536 593 19 28 733 486 421 127 668 581 292 361 237 247 746 268 555 733 221 218 203 365 732 57 541 229 652 185 597 73 443 375 427 435 38 746 0 665 389 713 135 608 34 294 142 419 499 571 210 225 595 159 494 699 164 681 584 439 89 43 711 105 174 581 582 760 29 657 235 537 702 626 591 399 197 572 298 526 688 754 52 165 118 626 686 256 61 179 185 749 118 154 385 494 121 141 201 399 396 438 583 718 634 758 119 271 159 491 711 167 643 356 133 622 244 605 479 449 283 184 279 122 469 277 387 222 380 715 579 486 674 669 698 669 546 105 642 78 103 27 13 312 371 201 666 135 728 736 219 515 183 564 184 247 319 218 654 318 218 364 757 528 580 199 133 638 672 121 567 339 753 440 612 412 247 125 268 759 270 556 521 558 654 530 629 222 232 492 537 572 692 163 341 106 711 86 320 510 654 671 140 758 102 23 176 79 263 191 533 42 482 410 301 45 740 135 21 397 533 133 601 622 249 557 469 400 739 659 113 422 38 178 478 18 134 150 240 95 750 754 426 291 482 312 178 123 759 384 482 219 143 410 532 115 266 153 84 159 425 119 472 685 139 450 364 542 614 361 314 536 270 659 55 261 636 204 106 161 47 692 744 266 732 262 724 327 20 47 513 265 501 199 446 362 694 282 492 423 410 556 135 736 344 262 269 154 741 371 706 183 743 235 566 735 370 497 538 121 307 366 472 381 239 87 80 734 674 594 609 245 584 565 438 557 201 734 337 430 450 541 261 429 88 690 177 700 249 680 208 450 294 718 724
382 349 344 331 683 722 697 375 674 338 575 457 706 368 562 301 395 235 129 121 614 279 221 633 509 671 278 84 627 216 598 454 205 681 603 705 673 31 700 626 283 732 295 50 24 532 110 651 124 149 589 456 641 668 281 480 306 376 572 66 276 307 112 165 467 415 582 446 279 698 92 453 478 140 665 91 518 383 273 635 172 394 4 320 37 681 379 147 659 390 750 140 188 407 375 543 222 368 139 122 21 223 538 27 743 458 610 715 655 534 421 658 690 520 577 295 277 732 276 627 52 32 71 413 506 706 20 358 546 323 731 562 668 250 533 534 751 623 123 14 100 714 459 304 275 190 268 733 298 335 713 126 599 218 553 28 405 269 271 568 205 668 425 351 493 592 192 300 206 580 77 367 134 474 360 31 651 430 444 436 128 171 668 544 53 191 57 255 455 221 711 184 100 378 30 55 472 718 447 492 669 760 319 700 339 533 729 645 142 403 160 600 46 39 663 534 649 184 93 334 68 374 623 377 27 320 299 664 563 409 205 580 106 271 487 447 266 744 721 269 52 344 335 401 12 334 79 221 119 580 487 94 672 522 35 168 472 541 122 415 424 740 559 7 590 478 537 743 84 126 610 588 551 558 706 302 365 77 250 184 412 539 54 26 25 720 252 402 448 121 281 575 602 287 523 736 455 95 230 280 253 122 497 611 63 240 313 207 243 319 502 23 753 271 638 689 316 727 250 456 91 289 363 269 252 101 482 208 387 116 75 282 690 406 123 332 132 97 368 198 491 468 121 673 565 71 379 280 739 439 218 735 549 188 266 238 186 378 178 366 124 631 586 65 665 584 684 702 298 685 458 207 678 218 405 255 585 145 273 165 78 343 507 122
386 268 610 619 57 651 767 643 267 183 41 606 494 555 646 25 8 48 648 269 555 38 6 527 595 589 226 656 99 705 291 612 317 733 609 455 384 147 209 750 693 642 613 86 457 409 590 129 93 204 535 660 379 518 432 79 423 46 483 407 312 761 211 19 37 56 153 460 556 107 106 708 269 220 556 605 718 485 608 216 383 596 207 223 718 334 311 242 648 641 95 640 211 396 556 134 429 718 629 22 321 724 524 453 579 386 268 228 222 574 584 473 458 385 74 563 766 103 352 304 394 735 400 493 140 239 108 250 310 241 213 144 70 122 208 645 446 463 339 591 62 619 574 458 676 746 634 686 393 383 131 92 178 165 522 487 366 642 349 305 246 711 296 349 539 127 269 574 601 624 687 225 547 540 10 455 680 278 99 584 653 17 466 20 620 256 673 202 443 510 226 758 751 502 204 703 264 750 442 16 286 583 13 753 140 100 113 308 68 24 659 0 300 182 359 261 672 594 771 463 407 268 46 745 373 187 736 249 117 76 397 44 102 416 251 611 663 23 108 73 109 491 293 371 178 765 745 646 458 173 162 11 336 80 587 558 645 424 238 84 762 633 398 255 215 368 614 682 223 657 318 89 34 400 559 453 39 748 363 235 19 58 403 696 454 768 730 378 588 328 14 178 136 85 290 731 574 444 560 716 692 530 69 346 398 362 251 43 671 759 67 475 241 87 456 213 449 235 290 148 669 102 751 540 551 649 29 22 663 646 175 280 90 403 242 741 107 515 261 704 554 197 760 711 675 355 744 622 725 712 578 511 691 14 719 431 44 551 488 228 475 173 150 153 545 514 274 165 195 320 139 281 108 402 545 563 31 54 423 525 765 515 328 99 690 494 454 659
386 48 345 637 152 570 697 203 761 458 406 91 149 257 660 607 331 123 18 396 417 629 179 360 372 186 703 715 136 458 127 134 317 692 354 650 578 448 207 5 702 669 478 102 380 190 738 581 732 519 254 408 581 727 177 322 479 483 351 401 489 758 224 457 296 6 571 8 697 476 520 332 552 180 646 693 160 435 732 748 236 326 694 422 438 441 502 136 490 537 174 770 607 516 52 256 104 166 68 206 407 167 337 47 405 626 540 555 1 719 597 171 629 98 167 408 130 309 212 694 400 705 704 56 11 658 205 631 433 605 541 33 456 211 752 61 52 60 637 576 414 24 646 212 51 277 268 447 307 734 231 300 655 143 437 541 474 200 694 536 625 195 609 184 398 600 76 4 571 373 326 103 507 731 492 649 601 153 643 27 667 280 108 424 303 387 510 706 141 606 739 293 142 748 329 523 483 454 615 449 757 194 461 127 173 771 315 644 25 155 160 394 493 430 320 137 593 730 442 206 676 141 471 561 675 247 219 605 191 769 436 626 109 199 309 179 175 690 548 432 118 34 433 252 313 50 127 279 275 88 54 232 602 210 490 521 14 743 331 15 712 241 300 253 399 654 355 133 432 218 53 167 523 582 183 268 276 489 598 409 521 758 35 678 0 354 209 592 681 431 233 771 749 398 42 656 600 279 609 489 54 140 486 764 763 576 161 562 652 380 367 549 286 658 105 510 758 665 344 179 685 539 421 662 696 261 273 677 443 623 14 645 399 748 221 369 9 397 487 631 162 177 36 644 483 432 679 755 268 392 405 703 763 519 221 184 602 243 314 312 398 548 489 738 12 71 139 127 53 529 706 73 558 526 648 594 358 495 761 346 592 589 538 484 199 569 211 207
390 344 40 315 674 520 467 149 156 414 729 632 381 239 651 575 217 230 699 528 496 179 719 44 208 738 571 98 697 384 20 328 382 506 388 720 772 190 38 424 195 679 459 341 673 74 399 195 192 162 742 349 115 736 736 665 537 554 578 628 379 659 282 430 123 677 123 768 745 637 123 544 603 29 143 462 648 406 192 736 771 11 510 78 701 525 351 149 591 383 31 130 240 73 731 712 589 641 398 390 213 396 113 68 462 697 714 489 494 328 225 665 613 434 566 706 378 263 275 543 167 179 504 343 575 368 541 490 566 523 179 490 651 768 60 511 447 714 444 178 245 319 282 61 241 429 503 285 102 276 642 372 577 573 198 742 421 61 430 30 650 402 75 140 770 155 596 714 279 473 30 560 551 641 92 322 752 198 563 419 222 218 614 563 269 592 308 261 470 404 554 277 600 32 580 286 487 264 174 475 628 580 557 458 79 688 745 408 501 657 175 210 749 184 276 173 741 482 282 706 7 552 202 768 444 196 560 294 603 629 474 16 93 255 10 370 610 321 772 768 90 140 253 36 136 87 16 524 770 130 300 174 52 521 136 718 315 54 725 610 662 377 353 73 620 449 333 761 405 251 776 484 355 687 124 52 730 269 579 745 130 459 127 771 623 245 757 1 436 140 472 427 564 763 494 612 235 341 380 138 548 454 6 552 501 629 69 232 170 217 98 423 595 539 378 65 89 488 515 6 308 549 372 38 462 513 183 221 592 686 568 124 400 588 126 176 579 491 5 209 738 3 267 598 399 577 233 469 11 228 655 346 424 405 687 613 258 278 264 39 311 504 621 355 468 40 776 82 597 409 376 402 570 44 696 130 352 266 279 228 776 745 534 497 403 186 466 307 129 23 457 95
390 314 457 245 106 373 558 371 364 495 559 764 564 147 376 643 127 461 315 611 777 453 36 88 369 374 131 763 620 488 57 155 151 733 752 696 713 266 459 452 88 106 392 312 283 477 480 85 508 312 689 577 685 625 233 328 97 137 137 403 283 430 162 193 737 465 122 598 599 671 667 515 504 594 258 7 114 250 682 100 322 311 91 439 16 655 483 388 4 224 738 470 155 494 425 504 162 561 732 444 57 523 536 744 495 246 133 484 181 134 583 71 617 694 582 616 282 138 392 157 601 559 730 73 416 559 746 4 188 562 611 404 105 696 428 721 73 402 522 621 294 267 415 522 739 657 697 119 23 445 646 484 181 1 625 512 163 265 348 605 240 449 560 31 556 98 250 189 203 482 713 132 416 231 566 181 545 539 636 434 105 534 658 288 553 38 368 291 456 222 610 152 771 171 509 749 107 763 134 723 721 586 355 448 518 522 598 335 482 151 399 83 756 428 93 540 4 279 156 466 575 224 22 539 571 41 249 651 52 49 621 548 7 90 518 508 397 491 216 775 243 21 539 288 239 236 164 537 602 661 634 630 537 567 34 404 608 357 692 8 618 210 55 213 262 211 65 82 188 157 580 251 478 586 718 165 287 468 170 329 666 599 652 338 643 445 178 2 227 348 476 704 742 293 777 670 115 185 461 640 64 106 509 597 214 311 760 695 204 252 499 218 394 16 746 759 376 391 316 1 319 196 51 349 626 145 317 155 332 230 728 279 671 729 396 250 116 625 601 200 366 712 688 479 53 615 494 48 762 746 278 317 674 576 225 595 302 186 676 420 768 740 140 194 689 289 579 593 398 87 259 659 76 563 276 713 549 342 172 485 349 650 26 647 521 294 291 557 230 60 136 134
390 198 771 508 600 523 106 201 548 622 164 210 738 315 467 523 55 528 489 133 230 246 144 214 585 434 365 656 174 738 554 39 96 233 750 426 394 600 672 436 569 567 699 701 763 544 7 558 149 564 242 65 567 617 176 154 627 72 761 28 395 63 97 139 247 368 30 527 193 416 711 397 32 415 215 690 277 11 434 311 349 701 552 78 766 414 691 699 324 44 488 111 149 236 203 475 298 260 342 723 12 604 765 559 230 547 493 161 760 468 607 726 761 226 434 469 393 286 378 690 414 455 172 658 74 765 102 766 26 341 192 386 580 330 275 168 371 261 38 407 242 696 677 460 452 529 354 468 163 226 2 560 286 324 394 360 779 84 126 123 682 377 322 704 440 217 663 548 539 65 193 643 595 409 132 436 143 167 407 196 534 667 226 779 542 508 703 181 714 355 723 729 390 494 416 632 235 252 477 551 377 456 136 648 392 573 500 340 235 321 388 128 305 676 594 129 659 1 317 682 164 236 510 63 511 37 720 59 175 740 698 150 522 558 0 573 179 213 437 597 628 112 425 600 393 180 779 651 101 716 409 626 104 724 34 165 744 699 539 101 469 485 294 109 242 529 132 364 499 331 65 459 154 246 17 185 480 748 592 433 55 615 737 388 639 246 370 97 136 741 650 278 509 229 662 344 261 361 593 678 651 573 542 481 571 639 151 558 526 721 146 687 714 454 87 350 93 297 569 223 260 45 477 513 657 623 28 670 211 533 438 283 138 350 537 16 748 694 71 761 88 650 684 77 384 717 437 515 25 159 160 15 359 256 497 460 753 292 688 212 302 132 761 453 338 534 422 753 215 200 72 10 319 637 729 444 83 341 11 439 216 198 104 188 583 47 509 631 8 260 367 168
394 385 615 301 132 615 755 588 325 615 202 583 205 253 48 223 118 76 261 393 299 733 721 583 585 705 381 234 176 434 519 409 87 24 587 787 221 294 687 678 45 609 524 715 93 446 743 281 448 368 27 717 598 721 153 219 359 301 669 171 726 287 63 438 453 584 333 186 505 205 100 313 42 264 152 576 603 43 212 372 506 513 168 668 682 659 123 581 196 603 264 705 585 441 453 636 690 560 464 551 552 705 447 674 470 165 660 377 366 316 4 206 47 69 379 317 36 360 289 319 703 349 608 51 213 319 529 167 145 677 177 462 266 309 90 752 464 160 316 599 268 95 765 7 31 336 9 388 463 30 727 18 460 376 534 367 147 122 563 744 523 378 143 596 510 684 205 284 46 497 273 282 438 742 614 382 437 315 781 28 544 6 753 524 582 698 411 366 327 423 316 47 300 594 511 708 589 728 585 381 381 669 404 175 585 417 603 600 353 8 198 609 662 554 38 579 635 55 436 102 35 142 739 404 408 233 621 523 787 356 215 36 78 716 348 591 329 643 54 263 407 549 178 157 328 589 354 635 728 179 780 92 196 343 762 45 294 254 22 144 457 702 76 643 581 653 585 523 714 117 116 47 458 156 225 704 484 618 65 783 473 288 617 340 464 294 494 9 62 445 221 306 524 604 33 110 517 300 126 454 380 100 218 732 626 212 246 192 209 270 238 676 84 288 426 656 398 253 561 265 275 533 207 613 49 171 373 384 158 53 320 33 724 587 56 649 161 317 345 7 146 24 207 304 747 541 655 589 216 734 644 564 554 290 88 266 173 521 439 46 779 172 639 376 727 276 410 49 434 435 369 653 667 221 117 637 206 499 729 498 489 370 482 297 740 468 611 100 279 150 457 467 377 423 373 399
402 59 717 10 445 708 331 628 494 576 552 303 789 48 574 199 41 363 492 590 647 340 590 498 141 80 341 145 408 322 21 753 417 194 590 142 570 704 101 637 180 60 336 24 484 104 785 380 12 651 260 546 193 551 541 324 17 263 708 567 126 465 764 661 700 86 284 520 539 452 146 476 295 745 486 298 497 534 393 537 793 427 18 355 109 191 31 565 236 732 218 82 517 15 206 360 73 180 744 765 435 461 220 409 391 146 800 93 103 616 449 303 633 220 107 18 369 527 463 317 608 425 66 562 154 65 127 340 427 367 362 771 293 760 680 278 395 642 254 787 680 208 492 393 268 630 563 59 630 666 384 696 191 281 690 683 534 514 557 401 60 544 349 262 668 41 223 112 201 721 399 557 126 96 568 104 368 749 148 692 690 478 405 3 608 156 531 393 132 797 601 542 228 229 742 351 772 28 519 663 169 23 249 410 178 377 690 71 35 58 125 59 361 740 264 36 137 500 217 89 126 501 547 669 558 422 420 201 186 774 730 384 792 630 363 683 271 282 75 346 36 543 605 601 268 436 644 184 222 597 281 44 620 263 28 220 801 401 485 325 489 211 393 539 60 774 725 78 681 99 298 668 5 551 307 77 761 17 281 730 397 624 368 344 413 66 311 355 678 575 523 213 753 184 582 364 374 529 89 665 177 644 455 0 650 23 288 592 137 102 686 537 185 306 484 278 327 491 430 473 642 631 153 747 740 752 373 365 667 695 402 567 42 749 563 228 772 172 724 297 632 668 387 590 433 293 699 234 797 563 153 32 377 781 751 764 505 660 545 456 514 744 623 557 103 447 358 28 778 623 798 37 135 446 154 145 429 764 494 395 480 61 639 313 141 595 442 762 253 692 293 662 318 182 509 688 28 759 282 558 676 784 345 278
406 357 450 439 686 784 735 623 328 776 687 328 586 182 310 647 401 495 460 189 238 161 643 739 449 313 354 754 579 610 48 355 280 522 724 511 557 84 347 141 321 22 64 406 397 396 788 418 670 265 777 453 346 424 603 293 155 422 601 770 247 465 698 285 261 9 688 71 200 494 544 78 37 133 88 102 293 141 238 388 804 269 97 765 152 199 61 247 327 77 101 734 803 406 660 353 568 195 9 668 767 374 43 527 571 795 527 660 555 360 400 733 693 8 162 775 343 442 398 321 408 602 137 102 365 274 378 421 120 598 398 440 321 224 449 615 176 719 403 236 707 422 767 479 666 215 99 173 244 542 761 720 77 316 359 551 339 670 631 679 321 165 691 305 256 210 0 133 463 166 258 476 218 48 407 696 277 295 335 489 161 572 460 65 299 305 187 421 794 153 36 436 116 287 147 238 510 227 432 241 96 733 721 377 359 17 81 720 724 372 227 758 321 81 590 219 490 480 397 26 740 274 456 647 747 329 257 718 655 264 118 396 160 625 286 480 631 422 362 774 542 704 284 567 396 810 395 420 436 107 491 306 266 150 461 148 297 810 463 464 211 156 725 23 614 661 183 176 291 435 99 509 686 769 70 219 279 619 365 74 178 444 384 39 75 90 68 233 143 331 384 110 70 328 478 632 301 596 798 612 744 567 315 423 709 732 755 326 427 171 624 374 129 326 240 116 707 174 50 729 151 15 620 731 627 807 751 322 486 595 635 621 572 171 748 446 759 537 634 596 372 147 39 220 249 137 108 377 515 330 729 471 472 663 270 197 134 2 155 59 402 28 611 140 527 683 443 703 521 62 352 431 643 607 518 72 8 707 304 768 527 539 124 351 6 185 500 788 104 455 775 72 593 631 702 633 285 716 508 455 791 689 563 74 257 68 282 89
