char 11 (p j) (h p) (n j) (a p) (p g) (d c) (q i) (j l) (e s) (i r) (l j)
double 11 (6.08 4.38) (7.21 7.53) (0.07 7.24) (7.21 9.02) (3.61 8.95) (6.32 1.98) (7.25 7.87) (5.7 3.92) (7.3 7.87) (4.94 1.11) (3.31 9.32)
int 14 (2 20) (18 51) (4 56) (29 34) (8 13) (55 85) (72 51) (19 99) (65 42) (17 34) (72 19) (20 88) (13 46) (7 49)
char 15 (b l) (s r) (g b) (s i) (d p) (g i) (i t) (t d) (r m) (n s) (n p) (l p) (e c) (m t) (l p)
int 15 (62 95) (85 49) (63 8) (65 76) (27 86) (17 61) (12 95) (18 57) (92 98) (77 36) (88 98) (26 88) (6 83) (67 23) (67 97)
int 15 (52 54) (77 62) (75 30) (95 91) (47 64) (32 71) (31 57) (96 1) (71 7) (36 87) (5 89) (48 20) (18 78) (4 73) (69 4)
char 16 (d t) (c d) (k t) (m r) (m c) (r t) (n k) (t k) (l p) (s c) (f k) (c i) (d t) (j n) (k l) (f c)
int 17 (44 40) (71 86) (14 43) (23 85) (81 87) (36 22) (9 20) (99 34) (25 38) (42 70) (52 99) (26 75) (12 92) (39 93) (40 31) (48 83) (99 42)
bool 18 (1 0) (0 0) (1 1) (1 1) (0 1) (1 0) (1 1) (1 1) (0 1) (1 0) (0 1) (1 1) (0 1) (0 1) (0 0) (1 1) (1 1) (0 1)
double 19 (1.68 0.08) (6.68 2.19) (0.31 9.19) (3.28 2.88) (2.64 4.36) (8.68 2.59) (4.65 6.75) (0.84 3.62) (0.68 5.83) (8.99 0.13) (8.59 9.56) (5.22 3.95) (2.52 5.72) (7.59 5.03) (3.28 8.51) (6.32 6.21) (8.7 0.7) (9.38 4.19) (4.21 0.88)
bool 20 (0 0) (0 1) (0 0) (0 1) (1 0) (1 0) (1 0) (0 1) (0 0) (0 1) (1 1) (1 0) (0 0) (0 0) (0 0) (1 1) (1 1) (0 0) (0 1) (0 0)
char 23 (m q) (o g) (o e) (h d) (m q) (d i) (k q) (q n) (a r) (r s) (f o) (s k) (n h) (l l) (g i) (c g) (l i) (s n) (f p) (c c) (k s) (e k) (e j)
bool 25 (1 0) (0 1) (0 0) (0 0) (1 1) (1 0) (0 1) (0 1) (1 1) (0 1) (1 0) (0 0) (1 0) (1 1) (0 1) (1 1) (1 0) (0 0) (0 1) (0 0) (0 1) (0 1) (1 0) (0 1) (1 0)
char 26 (i j) (m n) (l g) (s o) (k m) (f i) (t p) (d j) (d f) (c s) (g f) (r p) (s e) (c l) (b h) (b a) (i q) (l n) (h j) (f l) (e h) (l q) (g s) (t s) (j c) (f b)
int 27 (40 37) (67 37) (69 20) (57 52) (78 72) (34 90) (61 74) (27 99) (80 43) (75 32) (16 38) (87 76) (44 92) (61 90) (97 87) (23 45) (31 19) (4 78) (81 95) (38 14) (23 11) (57 81) (5 52) (62 11) (47 12) (37 82) (71 88)
bool 27 (1 1) (1 0) (0 0) (0 1) (0 1) (0 1) (1 1) (1 1) (0 0) (1 0) (0 1) (0 0) (1 1) (1 1) (1 1) (1 0) (0 0) (0 0) (0 1) (0 1) (1 1) (1 0) (1 0) (0 0) (0 0) (1 0) (1 1)
char 28 (a b) (t m) (a k) (f b) (s q) (n h) (c d) (i s) (q a) (j b) (d b) (i t) (o n) (h f) (l l) (j s) (m o) (n k) (e r) (h m) (o q) (g o) (i n) (o s) (g l) (s h) (o k) (f b)
int 29 (74 96) (53 62) (81 79) (52 68) (3 46) (29 89) (6 1) (64 66) (83 62) (96 56) (17 47) (13 15) (65 82) (15 46) (4 89) (4 60) (69 42) (82 59) (88 14) (92 6) (9 21) (51 67) (94 33) (69 30) (96 87) (66 39) (75 17) (9 30) (37 21)
int 30 (73 20) (65 85) (33 94) (92 35) (80 25) (42 1) (46 66) (84 2) (91 93) (96 3) (87 97) (61 2) (97 10) (6 43) (28 68) (95 49) (92 62) (97 77) (74 18) (23 65) (52 85) (28 41) (34 30) (59 78) (32 62) (96 83) (33 87) (97 8) (13 93) (54 20)
int 31 (93 70) (54 22) (76 6) (96 97) (57 66) (99 81) (14 96) (45 98) (50 85) (56 36) (40 98) (26 63) (13 25) (57 24) (55 65) (52 24) (78 22) (7 48) (83 76) (39 15) (65 12) (26 41) (71 38) (30 87) (61 96) (13 57) (4 62) (66 72) (29 22) (11 91) (6 60)
int 34 (35 13) (81 18) (52 34) (33 32) (73 34) (56 96) (75 18) (20 86) (93 74) (58 30) (67 16) (94 29) (99 56) (82 52) (10 15) (8 56) (2 70) (7 29) (90 93) (46 14) (60 62) (46 16) (57 2) (73 88) (78 37) (71 83) (25 9) (70 76) (50 93) (42 68) (74 21) (29 20) (85 63) (20 45)
double 36 (3.8 5.35) (3.02 8.97) (2.86 7.22) (9.69 4.68) (0.71 0.17) (4.62 2.52) (6 9.05) (8.39 4.6) (1.72 9.57) (4.77 0.12) (2.93 2.53) (4.39 5.96) (6.84 6.28) (4.8 7.37) (5.04 5.67) (0.39 7.89) (1.8 6.15) (4.93 6.21) (1.33 2.04) (2.14 4.91) (2.28 3.67) (3.54 5.56) (2.06 1.91) (9.21 7.25) (9.41 5.46) (9.72 5.5) (1.16 4.84) (8.64 5.93) (1.41 8.8) (2.76 9.7) (0.02 5.27) (6.17 5.78) (9.68 2.91) (4.53 2.67) (2.69 8.62) (6.61 3.23)
int 36 (3 97) (24 44) (39 8) (71 27) (38 65) (3 68) (94 14) (22 48) (94 10) (26 33) (76 42) (28 18) (96 50) (62 59) (36 76) (39 89) (60 28) (29 81) (72 29) (62 54) (67 20) (89 68) (72 60) (9 42) (47 87) (2 51) (94 36) (55 89) (38 20) (2 59) (34 80) (22 9) (99 95) (74 41) (53 47) (68 28)
bool 37 (0 1) (1 1) (1 0) (0 0) (1 0) (1 0) (1 0) (0 1) (1 1) (1 1) (1 1) (1 1) (1 1) (1 1) (0 1) (1 0) (1 1) (1 0) (0 0) (1 0) (0 1) (0 1) (1 0) (1 1) (0 1) (1 1) (0 1) (0 1) (1 0) (1 0) (1 0) (0 1) (0 1) (0 1) (1 0) (1 0) (1 0)
double 37 (3.09 4.89) (6.67 7.67) (0.59 3.02) (4.27 8.43) (6.85 7.77) (6.5 3.75) (0.26 0.88) (9.76 5.41) (0.45 5.42) (7.43 8.77) (0.71 7.02) (5.71 5.11) (4.28 3.47) (1.15 4.31) (5.85 8.03) (0.93 0.5) (5.91 3.64) (6.36 9.15) (7.26 5.6) (2.61 8.37) (8.43 4.14) (5.38 7.85) (4.49 8.05) (6.85 6.01) (4.74 6.74) (2.66 8.19) (2.59 9.78) (5.97 3.88) (1.93 0.75) (4.89 8.03) (9.74 1.26) (9.05 4.27) (2.97 0.32) (7.16 1.57) (0.27 5.95) (4.43 6.03) (3.54 4.66)
char 37 (p h) (r p) (h n) (h g) (e t) (l m) (o j) (t o) (l b) (i q) (c m) (f o) (j m) (d b) (b o) (c b) (p k) (l n) (o o) (s p) (r h) (k a) (d a) (h r) (n k) (f l) (g a) (s h) (s b) (i k) (g j) (j c) (c g) (t n) (c n) (m d) (s j)
bool 37 (0 0) (1 1) (0 0) (1 0) (1 1) (0 0) (1 0) (1 1) (0 0) (0 1) (1 1) (1 1) (0 1) (0 0) (1 0) (0 0) (1 0) (0 0) (1 1) (1 1) (0 1) (1 0) (0 1) (0 1) (1 1) (1 1) (0 0) (0 1) (0 1) (0 0) (1 0) (1 1) (0 1) (1 0) (0 0) (0 0) (1 0)
int 38 (44 97) (26 37) (22 55) (50 36) (37 46) (91 98) (93 52) (42 84) (68 52) (49 60) (87 62) (22 42) (9 17) (79 3) (23 16) (93 52) (54 70) (42 7) (85 62) (68 57) (74 86) (43 2) (1 78) (98 13) (54 49) (5 26) (46 19) (58 14) (91 33) (88 65) (44 30) (72 22) (80 76) (25 77) (53 43) (27 62) (25 64) (72 71)
int 38 (10 94) (76 2) (1 83) (22 44) (91 82) (5 94) (13 85) (42 91) (17 32) (77 39) (20 20) (38 55) (58 47) (82 75) (12 74) (53 74) (33 21) (4 84) (73 26) (4 8) (85 48) (22 14) (46 19) (40 38) (97 77) (16 37) (65 78) (87 66) (46 19) (99 37) (78 18) (61 78) (60 68) (98 12) (30 87) (30 15) (20 80) (61 99)
bool 38 (1 0) (1 1) (0 1) (1 1) (1 1) (1 0) (1 1) (0 1) (1 1) (0 0) (1 0) (0 1) (0 1) (0 1) (1 0) (1 0) (1 1) (1 0) (1 1) (0 1) (1 1) (1 0) (1 0) (0 0) (0 0) (1 1) (0 0) (1 0) (0 1) (0 0) (1 0) (0 0) (0 0) (0 0) (1 0) (1 0) (1 1) (0 1)
char 39 (t h) (d g) (l p) (d m) (a a) (l b) (e g) (h e) (s f) (i e) (e c) (s c) (h t) (i a) (r c) (j b) (e r) (e c) (m i) (f o) (d m) (n p) (m h) (t f) (i n) (o k) (s q) (r m) (i n) (q g) (a b) (k o) (a e) (n d) (o k) (e l) (m a) (r o) (a m)
double 39 (1.21 3.81) (4.52 7.88) (6.21 2.72) (0.15 8.81) (8.62 7.84) (4.75 5.58) (2.25 3.25) (0.33 6.45) (6.56 9.88) (2.91 9.91) (9.05 6.22) (1.97 4.11) (7.51 5.35) (8.09 1.87) (5.93 0.33) (6.66 4.51) (0.42 9.22) (7.89 4.93) (4.6 4.85) (8.53 3) (9.53 3.58) (9.86 0.51) (6.53 2.41) (4.46 8.63) (0.7 9.4) (2.34 6.7) (5.76 8.99) (9.23 9.31) (3.52 5.38) (2.25 3.13) (6.25 9.74) (5.62 1.69) (8.02 2.69) (0.97 4.49) (4.15 5.46) (6.04 0.96) (1.46 9.13) (8.02 1.55) (7.71 3.07)
int 40 (18 12) (50 76) (20 98) (49 79) (48 32) (71 89) (72 26) (25 44) (62 23) (77 29) (81 24) (61 55) (47 30) (17 8) (6 89) (66 70) (48 61) (86 30) (48 27) (93 44) (86 3) (37 90) (29 17) (21 33) (35 53) (47 77) (87 80) (86 27) (76 49) (21 16) (81 19) (24 41) (9 12) (84 79) (92 28) (40 88) (88 21) (57 73) (5 98) (10 44)
char 42 (p p) (b d) (c h) (m n) (b n) (l p) (a k) (b g) (i s) (i e) (j f) (a g) (f f) (j j) (q e) (b b) (c t) (m k) (j r) (r l) (b e) (k q) (o k) (l j) (t r) (k n) (a b) (m l) (m s) (h e) (n e) (j q) (m h) (d r) (q s) (j t) (k l) (j g) (r h) (r g) (n f) (d b)
int 42 (35 70) (63 14) (77 40) (94 93) (43 23) (62 73) (16 23) (57 82) (18 39) (16 73) (68 68) (36 42) (5 68) (21 86) (62 99) (47 37) (44 21) (32 33) (20 9) (72 14) (91 91) (26 46) (7 99) (31 5) (63 55) (39 12) (95 44) (76 83) (48 5) (69 51) (93 35) (39 76) (55 73) (54 94) (23 23) (70 13) (41 4) (95 65) (48 52) (7 40) (99 76) (6 34)
int 43 (82 66) (36 15) (30 32) (13 2) (1 23) (50 78) (43 29) (27 5) (2 10) (78 84) (26 72) (6 33) (72 46) (34 22) (56 53) (33 96) (24 26) (7 54) (61 15) (73 88) (21 36) (42 17) (64 46) (80 72) (14 74) (52 61) (65 16) (66 60) (16 40) (78 23) (66 85) (38 46) (38 58) (79 55) (91 49) (95 73) (28 5) (29 51) (2 32) (24 38) (96 35) (9 48) (38 81)
bool 44 (0 0) (0 0) (1 0) (0 1) (1 1) (0 1) (1 0) (1 0) (1 1) (0 1) (0 1) (0 1) (1 0) (1 1) (1 1) (0 0) (0 0) (0 1) (1 1) (1 0) (0 0) (0 1) (1 0) (1 1) (0 0) (1 0) (1 0) (1 1) (1 1) (1 1) (1 0) (1 1) (1 1) (1 1) (0 1) (0 0) (1 0) (0 0) (0 0) (1 1) (0 0) (1 1) (0 0) (0 0)
int 45 (41 4) (43 43) (15 64) (46 41) (23 19) (54 68) (49 89) (45 69) (82 18) (7 50) (51 1) (53 79) (54 63) (61 10) (2 43) (83 83) (52 9) (59 47) (12 32) (72 96) (85 3) (15 72) (36 35) (32 15) (54 48) (14 57) (45 43) (25 65) (70 80) (73 35) (6 62) (69 22) (52 71) (18 51) (47 74) (55 2) (30 97) (79 32) (62 15) (39 20) (77 62) (72 13) (63 95) (81 49) (50 41)
bool 46 (1 0) (0 1) (1 1) (1 0) (0 1) (0 1) (1 0) (1 0) (1 1) (0 0) (0 0) (0 1) (0 1) (0 0) (1 0) (0 1) (1 1) (1 1) (1 1) (0 1) (1 0) (1 1) (1 1) (0 0) (0 0) (1 1) (1 0) (1 1) (1 0) (1 1) (1 0) (0 1) (0 1) (1 0) (1 0) (0 0) (0 1) (0 0) (1 1) (0 0) (0 0) (0 0) (0 1) (0 0) (0 1) (1 1)
double 47 (9.66 0.39) (0.74 0.93) (5.77 0.58) (6.94 6.24) (9.95 1.93) (6.32 6.2) (9.57 9.07) (8.32 3.43) (9.97 3.07) (6.68 4.67) (1.17 8.5) (3.92 8.31) (4.66 1.82) (0.91 8.44) (5.46 3.95) (1.52 5.96) (4.64 9.12) (6.94 3.94) (6.84 2.57) (5.58 7.43) (9.59 5.8) (4.93 4.44) (0.39 3.92) (6.95 2.63) (5.98 5.33) (1.27 1.1) (1.77 0.23) (1.45 6.58) (1.23 6.11) (1.16 3.52) (0.91 6.02) (3.08 9.29) (5.12 2.07) (2.08 0.73) (3.97 9.08) (0.67 9.74) (4.29 1.66) (6.88 8.97) (8.39 1.24) (0.12 3.78) (4.94 5.83) (9.94 8.84) (5.03 0.41) (9.08 5.73) (3.99 0.28) (0.56 8.4) (9.13 6.14)
bool 48 (1 0) (0 1) (1 1) (0 1) (1 1) (1 0) (1 1) (1 1) (0 0) (1 1) (0 1) (1 1) (0 0) (1 1) (0 1) (1 1) (0 1) (1 1) (1 1) (1 1) (1 1) (1 1) (0 1) (0 0) (0 1) (1 0) (1 1) (0 0) (1 0) (0 1) (0 0) (0 1) (1 1) (0 0) (0 0) (0 1) (0 0) (0 0) (1 0) (1 0) (0 0) (0 0) (0 1) (0 1) (0 1) (1 1) (1 0) (1 1)
int 51 (18 70) (68 95) (20 35) (9 51) (83 55) (84 91) (3 42) (70 85) (20 56) (94 72) (32 3) (37 56) (17 62) (22 10) (7 84) (3 32) (57 89) (59 81) (71 83) (37 91) (9 73) (8 37) (30 63) (47 17) (58 50) (68 29) (16 91) (73 39) (70 23) (88 9) (12 16) (42 18) (55 81) (56 21) (26 65) (21 4) (94 53) (45 8) (16 99) (44 68) (98 80) (6 99) (61 22) (70 80) (32 59) (42 86) (36 19) (54 94) (13 73) (11 98) (54 22)
int 51 (96 4) (44 8) (33 71) (93 77) (23 35) (98 56) (7 50) (91 82) (40 32) (37 61) (69 49) (77 56) (71 66) (24 45) (40 99) (75 88) (56 54) (64 54) (17 51) (23 48) (39 39) (98 13) (74 5) (77 64) (86 72) (78 94) (42 58) (24 4) (96 1) (66 16) (42 92) (23 91) (82 29) (38 56) (36 14) (54 24) (60 84) (89 85) (74 37) (50 43) (33 43) (25 14) (13 49) (45 88) (45 58) (47 17) (40 32) (52 55) (50 18) (90 13) (29 19)
int 52 (63 59) (99 66) (52 62) (11 68) (33 46) (65 25) (98 80) (41 98) (57 45) (46 77) (95 59) (48 63) (82 49) (52 85) (7 29) (47 22) (65 50) (65 25) (31 29) (79 98) (46 68) (76 38) (5 42) (74 26) (29 49) (87 13) (16 84) (40 27) (3 97) (5 42) (53 53) (8 80) (78 70) (74 5) (70 57) (83 75) (41 85) (44 88) (56 65) (54 75) (13 10) (83 8) (68 73) (18 10) (37 48) (15 70) (62 84) (56 91) (20 76) (91 51) (77 7) (90 12)
double 54 (0.74 8.58) (1.03 9.88) (2.69 0.54) (6.42 8.31) (0.05 3.12) (7.95 8.8) (1.71 6.85) (4.91 5.99) (7.28 4.67) (0.21 2.5) (1.16 4.28) (3.53 3.4) (4.34 2.52) (2.18 9.49) (0.27 6.23) (6.76 4.47) (7.73 4.13) (7.56 6.25) (9.87 2.84) (7.08 5.19) (1.29 2.71) (5.06 9.18) (8 7.53) (6.06 2.69) (5.09 1.52) (5.26 1.05) (6.75 2.55) (1.55 2.55) (1.26 0.98) (8.66 9.63) (7.7 6.23) (4.68 8.77) (6.77 8.83) (6.76 9.97) (9.81 0.48) (6.38 2.74) (6.75 2.24) (0.37 0.98) (3.86 7.22) (5.68 0.57) (0.25 1.3) (5.3 8.84) (1.68 8.82) (1.33 9.2) (8.92 3.16) (0.32 6.91) (3.1 5.78) (9.87 3.76) (4.79 9.17) (9.55 2.81) (2.58 7.78) (2.75 8.58) (4.05 5.49) (2.03 7.41)
double 54 (2.09 5.98) (3.52 5.43) (5.79 8.01) (8.75 5.32) (5.97 7.87) (9.29 4.15) (2.03 0.7) (1.61 5.5) (6.32 3.53) (5.05 5.29) (4.53 7.65) (5.32 0.34) (8.93 0.07) (8.16 1.18) (1.27 2.67) (0.37 3.21) (3.37 6.49) (5 8.81) (1.3 7.07) (1.01 0.01) (3.59 6.22) (1.26 1.06) (5.31 9.89) (7.18 2.82) (3.36 9.41) (5.08 1.08) (8.3 8.09) (9.3 8.45) (1.41 8.5) (6.34 2.93) (6.18 8.31) (7.75 5.59) (7.97 2.29) (1.34 0.75) (5.14 4.3) (9.33 8.34) (7.24 9.63) (7.42 2.02) (2.73 9.8) (1.5 5.32) (1.39 7.11) (8.35 6.91) (2.1 2.52) (0.96 6.58) (7.28 5.91) (5.02 7.01) (1.68 5.77) (9.28 4.74) (0.13 8.71) (6.41 7.02) (9.95 1.01) (9.79 2.29) (5.35 7.38) (8.47 2.23)
int 54 (36 28) (94 78) (53 67) (9 61) (72 11) (88 78) (93 89) (96 65) (67 91) (31 80) (31 3) (71 87) (95 77) (88 95) (75 57) (87 29) (20 89) (42 32) (4 92) (35 57) (76 39) (32 47) (79 42) (16 14) (84 17) (97 65) (35 52) (2 50) (31 34) (54 31) (4 20) (16 82) (78 33) (58 35) (5 20) (36 12) (78 11) (17 97) (73 41) (20 34) (7 53) (72 62) (32 4) (60 25) (35 86) (95 76) (21 48) (83 16) (13 74) (12 4) (23 89) (17 85) (64 32) (14 47)
char 58 (g h) (m o) (r p) (h f) (n r) (e i) (l d) (b g) (j t) (e r) (p e) (s j) (c j) (q c) (i s) (f p) (c j) (f p) (s o) (o r) (e r) (b i) (a g) (i e) (e a) (p f) (f b) (p l) (i k) (a c) (f p) (h e) (p h) (q j) (e i) (l n) (p q) (h l) (e j) (e c) (r m) (s s) (p l) (i g) (m o) (i o) (q l) (h a) (l n) (d o) (f o) (f f) (k i) (q s) (a j) (h o) (b a) (l k)
double 59 (1.9 0.56) (4.54 0.09) (2.79 6.08) (5.78 8.67) (5.54 6.79) (2.51 1.36) (2.77 2.99) (7.42 2.86) (4.47 7.6) (1.09 8.43) (3.93 8.31) (4.11 2.62) (8.43 2.53) (9.4 9.79) (7.49 9.3) (2.14 9.8) (1.19 4.55) (1.98 4.56) (5.56 3.88) (9.6 2.86) (4.71 1.74) (0.3 1.25) (5.21 6.52) (3.74 7.43) (4.93 4.98) (3 8.51) (0.14 9.75) (4.71 5.25) (0.97 4.21) (4.29 7.18) (5.09 4.79) (8.38 4.92) (4.65 0.82) (0.04 6.24) (6.62 4.79) (3.55 8.34) (9.35 5.88) (1.7 3.84) (4.54 3.33) (0.89 3.73) (9.19 5.92) (3.98 0.4) (8.25 2.27) (7.92 3.03) (1.19 6.17) (2.67 5.44) (0.26 1.38) (9.86 2.93) (9.75 3.25) (2.08 8.94) (5.65 0.77) (2.32 8.78) (8.47 6.15) (7.84 4.09) (0.15 5.16) (1.77 2.06) (1.79 2.02) (7.26 6.13) (1.46 3.02)
int 60 (47 87) (70 61) (54 32) (53 99) (41 91) (78 97) (30 85) (23 86) (89 31) (89 7) (97 9) (56 71) (16 16) (11 3) (78 45) (2 39) (87 59) (40 10) (61 41) (24 69) (93 30) (87 5) (50 52) (48 86) (72 49) (73 86) (8 68) (43 74) (95 30) (51 87) (17 37) (98 90) (88 44) (67 82) (56 11) (27 14) (94 41) (71 98) (20 39) (27 54) (5 96) (48 65) (10 39) (77 76) (97 19) (29 85) (41 9) (62 82) (62 39) (59 51) (59 39) (50 2) (53 66) (69 29) (44 44) (93 87) (22 81) (90 1) (22 17) (98 44)
int 61 (58 59) (61 29) (46 32) (10 24) (7 90) (85 6) (75 51) (85 15) (23 53) (43 91) (96 85) (40 62) (40 37) (1 18) (38 52) (11 94) (13 11) (20 82) (16 12) (52 89) (42 74) (65 49) (10 40) (22 60) (49 51) (70 36) (84 7) (64 93) (2 84) (46 30) (96 74) (23 57) (11 82) (91 91) (98 51) (6 26) (72 68) (22 85) (35 67) (11 22) (25 95) (5 90) (82 33) (73 72) (38 76) (74 5) (66 72) (28 16) (91 74) (5 78) (24 41) (75 67) (44 70) (54 10) (56 96) (39 81) (26 58) (22 2) (48 92) (15 38) (70 3)
int 62 (20 49) (53 35) (18 70) (68 87) (14 4) (62 30) (86 46) (11 99) (38 78) (33 18) (42 98) (82 48) (96 82) (57 11) (58 85) (26 4) (94 72) (94 66) (56 25) (5 93) (37 66) (86 87) (4 35) (87 45) (83 66) (63 75) (21 79) (82 75) (23 40) (70 93) (40 83) (89 79) (50 31) (86 16) (23 56) (28 91) (36 74) (11 67) (72 18) (98 23) (79 59) (58 42) (79 18) (22 57) (99 70) (32 70) (61 38) (78 69) (20 53) (7 40) (90 77) (68 44) (15 41) (96 50) (6 73) (81 67) (70 84) (49 60) (30 83) (21 39) (51 50) (45 78)
double 62 (2.82 6.13) (7.9 9.43) (2.73 4.3) (2.86 1.99) (4.89 7.15) (4.67 2.54) (9.69 0.44) (4.38 7.82) (6.62 5.66) (0.49 2.85) (4.99 8.62) (6.82 3.59) (9.01 5.21) (6.27 0.67) (1.32 8.2) (8.18 9.8) (6.13 8.93) (4.98 9.64) (5.66 7.26) (3.17 1.57) (0.26 7.47) (6.77 4.24) (6.02 7.6) (7.91 5.64) (4.78 8.66) (8.22 2.18) (9.98 2.73) (6.43 5.6) (9.51 0.31) (6.92 8.28) (7.38 9.29) (5.11 1.02) (3.25 2.33) (8.33 2.49) (8.64 9.66) (0.2 2.27) (8.58 9.29) (7.34 6.55) (9.14 9.04) (3.21 2.45) (2.27 8.27) (9.06 7.6) (4.07 4.86) (2.12 0.45) (3.05 6.68) (4.25 5.81) (6.1 0.61) (7.55 7.68) (4.43 6.36) (0.18 1.26) (6.05 5.96) (4.26 7.08) (0.35 3.44) (9.25 9.77) (8.36 9.51) (0.93 1.77) (3.84 0.23) (2.5 6.69) (7.92 9.44) (5.86 1.63) (3.99 3.9) (0.98 0.53)
char 63 (g f) (p o) (o j) (i g) (s n) (k h) (p n) (c r) (o g) (n k) (l c) (o j) (e k) (r f) (l h) (a a) (p e) (j r) (d r) (j d) (o s) (b e) (i e) (l c) (f i) (h m) (m j) (t b) (l a) (g t) (j o) (b o) (l a) (f m) (r m) (p e) (s o) (o e) (r n) (f b) (a c) (f k) (o t) (e j) (q h) (f h) (h f) (n p) (e i) (g s) (h o) (t a) (f a) (n a) (g s) (k i) (a m) (s o) (e c) (a k) (o n) (m p) (t a)
double 63 (6.58 9.51) (0.69 4.53) (7.25 7.82) (7.37 3.64) (8.34 4.84) (4.57 2.06) (2.58 1.67) (4.05 5.34) (1.86 0.31) (9.68 4.46) (6.27 8.11) (7.23 0.46) (6.03 7.9) (4.32 8.02) (7.9 7.02) (8.24 5.71) (3.8 9.52) (6.82 9.75) (3.16 7.14) (0.63 0.12) (5.72 9.67) (2.04 1.99) (6.46 8.45) (9.87 8.25) (9.84 7.25) (2.77 4.76) (2.48 9.89) (8.35 9.47) (4.9 2.85) (4.8 5.29) (5.44 9.02) (7.44 6.94) (5.86 5.03) (3.43 1.42) (4.72 9.7) (7.06 8.67) (6.24 3.82) (7.66 8.14) (3.96 8.25) (2.14 8.21) (5.42 4.79) (6.4 6.06) (4.89 8.16) (9.62 1.11) (2.93 3.85) (8.28 6.96) (5.09 1.09) (0.1 8.24) (8.78 5.32) (6.86 5.32) (2.88 2.93) (6.49 9.65) (3.95 1.69) (0.44 0.59) (9.43 1.92) (7.72 8.18) (7.47 2.94) (9.28 9.71) (1.15 9.73) (2.86 4.9) (0.64 0.96) (8.42 9.16) (4.35 1.98)
double 64 (5.54 9.23) (7.85 2.64) (4.46 9.52) (7.68 2.7) (2.11 7.17) (2.97 8.79) (9.03 3.32) (0.81 6.98) (3.43 7.68) (2.69 8.85) (0.65 8.38) (3.48 9.36) (8.58 4.52) (3.58 3.15) (1.16 8.17) (5.94 2.04) (2.37 9.54) (9.73 3.84) (8.72 9.75) (5.78 8.87) (7.75 3.07) (3.25 5.06) (6.54 8.84) (9.45 6.37) (9.41 2.66) (9.11 1.49) (6.56 3.41) (7.79 0.57) (8.49 1.33) (6.45 7.6) (7.35 3.3) (5.39 7.5) (7.65 6.24) (4.16 2.09) (3.87 5.98) (4.29 5.65) (8.87 8.57) (9.5 3.96) (8.8 0.32) (2.19 0.09) (8.95 0.5) (2.56 3.6) (8.24 2.45) (7.89 2.94) (5.47 0.02) (0.09 9.61) (1.04 5.8) (0.54 3.2) (6.23 6.23) (5.05 6.73) (7.65 6.3) (0.9 9.95) (0.55 3.68) (9.96 2.69) (5.84 5.82) (1.26 3.45) (9.92 8.73) (9.23 8.56) (6.64 3.64) (2.26 8.75) (8.25 5.46) (5.43 6.72) (8.08 5.79) (2.96 2.68)
int 64 (51 28) (83 6) (14 23) (52 39) (43 73) (23 61) (84 58) (93 1) (77 75) (76 29) (11 84) (57 95) (24 51) (79 19) (82 2) (99 81) (14 64) (56 66) (21 68) (69 70) (81 95) (60 44) (13 18) (40 57) (92 65) (59 98) (89 74) (80 48) (26 77) (13 63) (7 90) (25 58) (92 4) (14 32) (24 98) (52 38) (89 50) (44 29) (72 98) (76 89) (62 56) (25 46) (2 47) (34 29) (11 79) (95 15) (46 40) (98 35) (2 57) (8 13) (64 99) (20 68) (85 21) (76 25) (20 66) (65 71) (66 2) (65 4) (22 34) (49 81) (74 97) (85 80) (27 21) (52 48)
bool 68 (0 1) (1 1) (1 0) (1 0) (1 0) (0 1) (0 0) (1 0) (0 1) (0 1) (1 1) (1 0) (0 1) (1 0) (1 1) (1 1) (0 1) (0 0) (0 0) (0 0) (1 1) (0 1) (1 0) (1 0) (1 0) (1 0) (0 0) (1 1) (0 0) (1 0) (1 0) (1 0) (1 0) (0 1) (1 0) (1 1) (0 1) (0 1) (1 1) (0 0) (1 0) (1 1) (0 0) (0 1) (1 1) (0 1) (0 1) (0 1) (0 1) (1 0) (1 1) (0 1) (0 1) (0 1) (1 0) (1 0) (0 1) (1 0) (1 0) (0 0) (0 0) (1 1) (0 1) (1 1) (1 1) (1 1) (0 1) (0 1)
int 70 (80 3) (22 82) (8 50) (87 3) (75 70) (18 99) (66 79) (64 23) (15 30) (39 4) (48 7) (46 96) (84 96) (6 96) (83 86) (16 61) (90 68) (51 77) (66 4) (51 53) (75 76) (76 44) (26 34) (17 79) (60 72) (84 79) (65 41) (6 10) (51 5) (69 30) (73 18) (5 87) (93 98) (3 8) (38 10) (47 93) (51 22) (59 7) (55 82) (82 83) (59 73) (61 12) (60 26) (62 66) (3 64) (95 69) (56 41) (4 16) (37 85) (92 48) (39 10) (69 56) (80 74) (52 71) (50 18) (78 30) (62 78) (69 69) (12 89) (68 73) (5 90) (48 44) (79 20) (23 2) (60 3) (19 54) (81 96) (22 32) (89 81) (92 61)
double 71 (1.13 6.95) (5.2 0.5) (9.55 1.82) (9.83 7.77) (2.84 5.43) (8.36 3.26) (0.62 4.92) (0.54 7.6) (1.89 9.3) (0.44 8.9) (1.64 2.62) (8.28 7.28) (9.27 1.23) (9.44 7.49) (9.92 2.27) (1.2 0.1) (8.09 2.32) (9.97 6.18) (0.92 7.26) (4.97 1.76) (7.82 0.11) (9.08 5.27) (2.74 3.34) (7.94 2.58) (6.1 8.76) (5.96 5.41) (9.14 8.05) (5.2 7.19) (1.71 6.28) (4.78 7.64) (0.25 4.89) (6.94 0.69) (8.69 5.21) (5.48 1.92) (0.26 3.83) (5.1 2.36) (3.21 9.02) (1.73 1.19) (4.02 3.21) (5.33 3.69) (9.6 6.67) (2.93 3.41) (2.42 9.55) (0.36 8.79) (4.42 1.69) (4.73 1.45) (7.44 3.94) (4.63 7.39) (0.67 8.82) (0.2 8.96) (5.57 0.27) (8.55 6.97) (0.84 5.78) (7.25 1.97) (2.84 3.42) (3.96 1.85) (4.06 1.91) (9.25 4.59) (7.15 5) (1.56 2.75) (5.46 3.1) (7.93 3.95) (5.25 6.55) (7.1 8.98) (8.03 9.58) (0.69 5.63) (2.57 4.92) (9.45 3.2) (9.94 6.57) (3.64 5.55) (5.49 8.79)
double 72 (5.53 0.87) (2.82 9.17) (0.89 4.23) (8.79 4.77) (4.66 4.03) (9.23 5.53) (0.87 4.61) (4.41 8.09) (5.31 6.44) (9.33 7.72) (8.18 3.7) (0.69 5.14) (4.12 6.9) (9.99 6.78) (6.15 7.9) (9.98 1.94) (6.69 1.1) (6.25 2.5) (2.93 7.08) (6.64 1.47) (7.25 0.04) (3.68 5.49) (4.3 8.67) (4.83 0.9) (6.78 3.92) (0.97 1.58) (8.81 4.24) (0.82 2.86) (9.23 3.48) (2.76 9.67) (6.77 9.34) (3.37 2.01) (6.88 9.77) (8.67 4.94) (8.33 8.82) (1.79 8.03) (4.14 4.3) (8.19 0.91) (5.98 8.14) (4.46 8.22) (2.57 5.98) (6.07 5.76) (2.73 3.87) (9.18 2.9) (7.64 4.96) (0.5 4.69) (3.12 6.05) (5.94 0.13) (4.27 4.58) (2.74 4.37) (2.28 0.38) (1.86 4.22) (9.36 3.83) (2.74 5.49) (6.82 7.86) (6.66 9.39) (8.01 6.23) (9.33 4.3) (0.51 5.41) (7.29 7.07) (8.28 3.53) (6.72 1.66) (7.02 0.7) (9.95 4.65) (9.59 1.87) (1.31 6.55) (8.81 6.32) (2.05 6.27) (3.8 8) (0.01 3.97) (1.56 5.14) (4.49 8.12)
bool 72 (0 1) (1 1) (1 1) (1 1) (1 1) (1 1) (1 0) (1 0) (0 0) (1 0) (0 1) (0 1) (0 0) (0 1) (0 0) (1 1) (1 1) (0 1) (1 0) (0 0) (1 0) (0 0) (0 1) (0 0) (1 1) (1 1) (0 1) (1 0) (0 0) (0 0) (0 0) (1 1) (1 1) (1 0) (0 1) (0 0) (0 1) (1 1) (1 0) (1 1) (0 1) (0 1) (0 1) (1 1) (0 0) (0 0) (0 1) (1 0) (0 1) (0 0) (0 0) (0 0) (1 1) (0 1) (0 1) (1 1) (1 0) (1 1) (0 1) (0 0) (0 0) (1 0) (1 1) (1 0) (0 0) (0 0) (0 1) (0 0) (1 0) (1 0) (0 1) (1 1)
int 76 (52 41) (42 54) (24 2) (52 47) (92 37) (47 61) (69 90) (82 74) (19 72) (53 97) (37 17) (45 90) (11 22) (2 96) (79 15) (36 49) (29 28) (91 83) (77 13) (22 34) (35 17) (10 64) (68 43) (61 52) (51 9) (66 27) (71 78) (76 37) (31 78) (4 48) (61 43) (79 39) (38 6) (23 16) (53 32) (10 9) (30 44) (75 32) (73 99) (56 47) (87 35) (67 27) (35 13) (78 71) (98 86) (69 85) (13 59) (42 74) (95 34) (10 16) (54 84) (88 10) (28 4) (58 15) (34 40) (40 34) (23 55) (66 95) (25 84) (45 66) (3 51) (72 27) (73 16) (57 23) (89 98) (29 81) (14 91) (96 56) (4 86) (48 2) (22 65) (24 46) (55 58) (71 50) (19 31) (31 30)
char 77 (c j) (d p) (q s) (q q) (j p) (e i) (k j) (h c) (p m) (o n) (s g) (e l) (b b) (q p) (q j) (p l) (a r) (p e) (d d) (p q) (a t) (b f) (b b) (j q) (b m) (c s) (k s) (s k) (g t) (i g) (g e) (b p) (e t) (g m) (q e) (d l) (s o) (s p) (l m) (s b) (q r) (k s) (q s) (p p) (j c) (s t) (c q) (n o) (s s) (a k) (f j) (t p) (e e) (l c) (r b) (i p) (c m) (d a) (j b) (p h) (n m) (j j) (m b) (b p) (n e) (k q) (p h) (p k) (j f) (a e) (s a) (f c) (l g) (j h) (j p) (d f) (a m)
char 79 (p k) (i s) (t j) (p t) (o t) (b q) (e d) (q i) (r e) (s m) (e q) (c q) (i g) (h c) (e h) (r c) (s i) (c p) (p j) (p m) (d t) (m a) (m c) (f l) (l p) (a a) (d m) (d n) (i b) (s s) (c e) (n n) (a k) (s b) (j t) (e t) (e i) (n m) (n m) (r c) (g g) (r p) (m n) (j o) (m b) (m d) (p n) (i o) (k r) (s c) (g b) (c h) (o s) (l g) (p s) (s a) (d b) (f c) (i n) (i p) (h r) (h g) (i i) (e l) (t h) (b l) (o q) (a i) (t p) (c e) (b m) (n n) (q o) (s f) (l k) (l c) (j d) (p c) (n q)
bool 79 (0 0) (1 1) (1 1) (1 1) (1 1) (1 1) (0 1) (1 0) (0 0) (1 1) (0 1) (1 1) (0 0) (0 0) (0 0) (1 0) (1 1) (1 1) (0 1) (0 0) (1 1) (1 0) (1 0) (1 1) (0 0) (0 0) (0 1) (0 1) (0 1) (1 1) (1 1) (1 0) (0 0) (1 1) (0 1) (1 1) (0 1) (1 1) (1 0) (1 1) (1 1) (1 0) (0 1) (0 0) (0 0) (0 0) (1 0) (1 0) (1 0) (1 1) (1 1) (0 0) (1 1) (1 1) (1 1) (1 0) (0 1) (1 1) (0 0) (0 0) (1 1) (0 1) (0 0) (0 1) (1 0) (0 1) (1 1) (0 0) (0 1) (1 0) (0 1) (1 1) (0 0) (1 0) (1 1) (0 1) (1 1) (0 1) (0 0)
char 79 (t i) (j k) (g d) (e f) (d q) (o d) (j t) (e f) (s g) (s e) (c b) (l r) (m n) (e j) (l k) (c i) (h g) (l c) (r k) (t r) (t k) (n l) (n i) (m r) (c l) (t b) (l m) (t s) (b i) (k m) (o a) (o p) (d s) (b a) (g e) (r r) (f f) (c h) (r m) (j o) (h c) (m m) (l r) (h r) (t i) (p j) (b g) (c l) (n t) (j o) (l t) (h k) (f h) (g h) (o j) (d e) (d n) (p p) (s i) (e n) (t j) (c j) (m n) (p c) (f p) (p m) (q k) (a b) (c t) (a p) (h r) (e e) (n a) (o k) (p a) (a e) (b i) (q h) (i n)
int 79 (45 95) (28 48) (95 12) (97 98) (70 32) (60 96) (18 28) (2 10) (46 81) (72 45) (32 18) (17 64) (46 24) (59 26) (61 32) (12 35) (95 91) (28 72) (60 20) (23 3) (24 38) (71 67) (67 5) (1 50) (15 50) (64 11) (59 21) (86 51) (93 59) (7 62) (65 56) (10 63) (74 30) (8 75) (36 99) (12 52) (34 26) (98 22) (43 19) (54 82) (63 76) (94 35) (45 53) (96 5) (64 35) (47 31) (19 9) (38 47) (16 43) (97 31) (37 58) (45 19) (17 81) (15 69) (42 44) (95 22) (48 69) (12 57) (43 39) (45 30) (52 97) (13 93) (10 69) (45 56) (41 41) (9 80) (35 6) (46 76) (61 6) (86 62) (79 11) (92 13) (85 82) (4 9) (49 45) (98 75) (64 97) (28 83) (14 88)
bool 80 (0 0) (1 1) (1 1) (1 1) (1 0) (1 0) (1 0) (0 1) (0 0) (0 0) (0 0) (1 1) (1 0) (1 0) (1 0) (0 0) (1 0) (0 0) (0 0) (0 0) (0 0) (0 1) (1 1) (0 0) (1 0) (1 1) (0 1) (1 0) (1 1) (0 1) (1 0) (1 0) (1 0) (0 0) (0 0) (1 0) (1 1) (0 0) (0 0) (0 0) (1 1) (1 0) (1 0) (1 1) (1 1) (1 1) (0 0) (0 0) (0 0) (0 1) (0 1) (1 1) (1 1) (0 0) (0 1) (0 0) (1 1) (0 1) (0 1) (0 1) (1 1) (0 1) (0 0) (1 1) (0 0) (1 0) (0 0) (1 1) (1 0) (0 0) (0 1) (1 0) (0 1) (0 0) (0 0) (0 1) (1 1) (0 1) (0 0) (0 1)
double 80 (0.87 2.05) (4.62 4.98) (6.43 2.92) (9.65 4.51) (4.47 0.99) (4.32 6.06) (5.75 9.78) (1.79 7.75) (6.78 1.11) (6.49 5.75) (6.92 4.89) (6.11 2.25) (7.32 8.15) (9.4 3.12) (1.3 0.31) (7.77 0.52) (3.75 1.8) (1.05 6.69) (1.57 8.69) (1.45 1.99) (5.93 8.77) (2.2 6.42) (2.85 1.03) (0.05 8.33) (6.98 9.62) (7.63 1.49) (9.88 1.46) (0.11 8.71) (0.16 5.8) (1.54 5.07) (4.64 0.72) (1.4 6.97) (8.38 7.73) (0.69 7.92) (0.86 1.12) (9.06 9.72) (5.24 6.67) (6.34 3.83) (6.07 8.6) (8.2 2.23) (8.52 0.61) (3.16 6.69) (3.66 0.33) (9.4 7.4) (3.04 3.38) (9.5 7.01) (2.01 8.52) (5.79 7.8) (3.87 5.87) (5.41 8.94) (7.39 5.57) (5.05 9.68) (9.31 0.24) (9.09 4.09) (6.66 2.34) (8.99 5.85) (5.65 3.45) (3.71 3.44) (6.91 3.63) (0.36 5.05) (0.98 0.53) (1.74 5.4) (6.62 2.09) (9.32 6.51) (5.21 7.37) (9.08 7.87) (8.46 9.79) (0.1 9.22) (9.52 1.14) (9.36 3.48) (7.46 7.65) (0.07 0.66) (0.3 9.32) (4.03 6.84) (5.28 0.21) (4.55 6.55) (4.27 2.25) (6.5 5.39) (6.71 9.27) (3.54 3.19)
double 80 (0.05 9.11) (8.51 8.82) (7.28 7.35) (6.84 1.07) (1.28 4.52) (9.93 1.03) (5.25 3.44) (6.15 7.7) (0.21 6.88) (8.86 3.18) (2.49 6.38) (8.83 0.86) (0.19 3.12) (8.01 0.42) (2.09 9.1) (9.84 0.65) (3.86 9.81) (8.24 0.12) (9.2 8.18) (1.54 6.68) (0.18 4.08) (1.73 6.97) (6.75 1.33) (1.58 4.35) (6.58 7.13) (6.81 9.1) (5.94 2.4) (9.96 3.52) (6.81 8.21) (8.71 5.95) (1.28 9.64) (2.59 7.52) (2.6 0.66) (4.49 6.5) (5.2 2.08) (9.31 1.89) (2.2 3) (1.31 0.86) (0.45 4.43) (8.32 2.41) (0.68 3.57) (1.24 5.63) (4.28 7.35) (5.19 0.94) (5.78 3.4) (2.29 5.61) (6.55 1.22) (3.11 3.92) (8.27 6.72) (1.76 0.08) (9.27 8.69) (4.77 9.06) (8.74 1.75) (5.62 4.49) (1.39 1.21) (0.82 7.51) (4.03 7.51) (1.98 7.58) (4.5 1.21) (8.31 5.09) (1.31 6.73) (2.47 7.94) (3.06 4.85) (5.68 9.69) (3.84 1.55) (9.94 2.95) (7.25 6.2) (0.27 3.11) (4.12 9.57) (8.2 0.58) (0.88 2.41) (8.67 5.75) (7.7 9) (3 8.69) (3.48 5.96) (0.87 8.51) (4.93 2.38) (3.69 4.52) (8.18 5.56) (6.29 8.19)
char 80 (j j) (p c) (l n) (j k) (e e) (t a) (c p) (e e) (k d) (f i) (b h) (p b) (l c) (f k) (a a) (q s) (t d) (k f) (j q) (p m) (m r) (n l) (k k) (d e) (g g) (r d) (p k) (p l) (f a) (g q) (m j) (c r) (o m) (e n) (n h) (f e) (t h) (r b) (j a) (d b) (d m) (n a) (r m) (n j) (q m) (q k) (n l) (m c) (n i) (o j) (s r) (e n) (f g) (m r) (c e) (d l) (m s) (q q) (f f) (i k) (l t) (n l) (n b) (m i) (m c) (s l) (r k) (r p) (h i) (h d) (r m) (c p) (m d) (h p) (c j) (b e) (j l) (e g) (a f) (k n)
char 82 (a h) (r t) (t o) (d q) (s c) (d g) (p g) (p e) (b d) (s t) (j m) (b k) (n a) (m e) (n h) (b q) (c a) (n g) (h i) (i f) (q m) (r i) (g j) (m q) (b s) (g n) (b j) (i k) (s k) (c s) (s i) (f m) (a b) (l h) (l i) (g f) (a n) (j k) (h k) (k g) (h q) (j o) (s q) (a n) (g q) (b m) (c e) (e k) (o d) (d e) (f d) (g f) (s e) (i e) (i m) (p s) (s d) (s q) (l o) (q m) (m a) (f c) (g o) (p h) (n e) (f j) (a q) (l t) (q h) (t b) (q a) (d f) (c h) (q s) (c n) (a b) (j t) (h d) (d h) (o k) (g c) (d d)
char 83 (n i) (f s) (o g) (r p) (k t) (h n) (i j) (b e) (j f) (s c) (p e) (f d) (r h) (i t) (j t) (d j) (l a) (d n) (f c) (r g) (c h) (a i) (t m) (f b) (s b) (q b) (j a) (h f) (g j) (o c) (d t) (h h) (r b) (c o) (s r) (b s) (d e) (s g) (q h) (q m) (e t) (p h) (j q) (j l) (q f) (e r) (l o) (m n) (p p) (e o) (d j) (q n) (g d) (a i) (i c) (q h) (i n) (t e) (t n) (e p) (q q) (i q) (d o) (c g) (g n) (h a) (o t) (i f) (i m) (j q) (k r) (k g) (k h) (o s) (h j) (t m) (p i) (m t) (e a) (o o) (c i) (m h) (j j)
char 84 (q h) (q b) (n l) (n m) (g e) (b q) (q q) (c h) (j m) (h f) (b k) (s d) (c l) (o f) (g o) (b l) (e a) (g g) (r h) (m g) (p r) (t m) (r o) (p m) (c q) (c b) (p i) (c j) (h s) (d n) (e d) (o l) (o s) (r n) (o g) (l b) (p b) (n q) (t k) (r s) (m k) (e s) (j d) (h t) (e h) (i t) (m j) (n n) (k f) (t f) (c l) (i s) (f j) (m f) (k j) (b c) (f r) (o h) (j r) (n r) (g j) (s j) (l a) (c j) (n p) (b r) (f t) (j c) (p g) (b k) (j m) (f o) (n h) (s h) (s o) (b e) (b r) (f f) (a e) (k n) (d d) (f a) (n j) (t f)
int 84 (19 70) (94 3) (79 90) (85 10) (38 34) (97 73) (77 85) (99 75) (99 90) (35 5) (33 99) (26 50) (17 93) (33 82) (23 8) (2 76) (93 79) (11 98) (41 9) (16 90) (26 14) (5 18) (87 70) (10 16) (33 22) (66 26) (49 16) (87 4) (56 76) (68 74) (11 23) (5 93) (14 35) (1 23) (88 25) (40 24) (82 69) (20 98) (24 58) (58 24) (92 24) (28 89) (9 66) (16 35) (44 54) (45 54) (24 96) (69 3) (79 17) (54 37) (50 11) (43 63) (88 23) (41 53) (27 45) (16 13) (15 65) (18 99) (98 88) (62 41) (42 9) (64 68) (35 98) (11 54) (70 90) (3 12) (60 15) (87 87) (80 32) (66 82) (29 64) (20 11) (1 49) (92 48) (80 80) (9 36) (98 56) (53 18) (15 60) (56 84) (68 86) (83 75) (18 46) (62 66)
int 85 (23 81) (55 93) (65 91) (45 72) (24 84) (55 99) (99 49) (37 26) (17 1) (58 94) (24 87) (50 88) (1 6) (90 72) (21 22) (79 5) (42 53) (84 10) (23 49) (5 50) (90 99) (24 96) (28 11) (81 18) (28 54) (94 85) (83 75) (64 94) (12 11) (60 44) (66 94) (78 29) (6 32) (14 86) (4 20) (89 92) (53 21) (90 89) (14 9) (96 84) (56 85) (77 43) (22 19) (63 31) (25 97) (52 32) (31 93) (83 40) (59 99) (50 76) (46 79) (3 96) (27 1) (2 72) (18 45) (58 76) (22 87) (85 34) (89 35) (9 91) (55 34) (73 58) (36 45) (70 14) (91 35) (52 26) (82 42) (48 91) (53 5) (42 4) (82 99) (11 18) (44 3) (34 10) (52 25) (39 97) (49 97) (49 10) (35 26) (16 88) (77 98) (50 90) (57 8) (15 65) (27 74)
int 85 (39 77) (66 79) (64 79) (81 19) (82 49) (84 37) (93 19) (51 85) (22 96) (11 25) (68 33) (91 12) (90 83) (78 50) (88 69) (85 83) (90 29) (84 67) (51 57) (64 69) (78 55) (28 15) (13 76) (10 35) (89 52) (13 25) (93 31) (75 50) (53 56) (59 25) (46 14) (73 50) (14 39) (14 91) (7 1) (70 53) (75 48) (49 40) (8 45) (58 59) (58 25) (76 30) (15 40) (40 78) (39 47) (83 19) (36 10) (57 27) (12 90) (81 24) (48 29) (68 50) (41 31) (44 51) (38 19) (36 59) (85 41) (88 1) (21 69) (13 19) (79 94) (97 58) (28 91) (6 94) (41 37) (5 66) (93 50) (11 10) (68 84) (76 53) (47 71) (69 94) (65 90) (6 82) (52 19) (92 84) (95 50) (59 94) (56 81) (11 49) (75 48) (69 56) (7 55) (45 11) (58 51)
double 90 (3.54 6.53) (7.69 8.5) (7.7 3.52) (0.28 7.02) (8.92 2.27) (1.91 0.83) (1.92 8.55) (3.76 6.08) (9.89 1.29) (1.39 5.52) (8.37 0.32) (4.59 4.92) (0.61 5.15) (5.12 5.05) (0.85 5.39) (9.93 1.78) (2.81 9.8) (2.44 6.66) (9.08 8.16) (9.9 9.87) (8.07 8.89) (1.53 1.86) (9.84 2.69) (1.71 6.19) (0.28 0.87) (1.9 8.13) (5.81 1.59) (1.96 0.91) (2.56 8.97) (9.95 9.03) (0.89 3.31) (5.4 0.83) (3.55 4.1) (8.88 5.42) (5.74 2.42) (5.7 0.96) (3.1 8.89) (5.35 7.72) (6.56 8.54) (1.95 2.11) (0.83 8.84) (4.29 9.78) (9.81 8.47) (0.79 4.38) (6.92 7.01) (0.57 7.28) (2.73 7.72) (3.58 5.64) (2.94 2.88) (8.67 5.75) (2.77 7.7) (6.17 8.44) (7.5 0.02) (5.22 3.2) (9.02 1.75) (3.44 8.74) (6.02 1.54) (2.67 1.93) (4.27 7.06) (4.45 4.08) (3.59 2.9) (4.72 3.95) (9.56 7.23) (8.19 1.62) (7.79 0.89) (9.95 5.85) (5 5.11) (0.9 3.78) (3.72 6.75) (0.53 4.46) (1.28 4.11) (9.58 5.97) (9.75 1.02) (8.8 4.84) (2.24 3.75) (2.56 7.1) (8.19 1.85) (4.35 5.97) (1.15 3.48) (4.04 2.36) (7.92 6.31) (7.17 2.21) (7.98 1.45) (1.92 5.11) (9.15 8.13) (0.22 5.78) (9.89 6.81) (7.22 5.11) (4.44 4.46) (1.06 6.38)
double 90 (9.02 6.09) (8.65 6.58) (2.74 8.03) (5.36 9.75) (3.77 6.59) (8.31 2.48) (5.22 5.15) (8.77 7.71) (0.82 0.59) (0.96 0.22) (5.4 7.25) (1.57 6.55) (9.82 7.37) (6.87 3.42) (8.32 0.89) (1.37 0.26) (7.46 9.19) (6.46 3.56) (8.52 3.29) (6.34 0.12) (3.4 1.58) (8.01 2.11) (1.03 8.14) (4.67 3.73) (5.47 8.07) (1.34 1.23) (6.81 9.55) (5.53 9.6) (9.99 7.4) (1.17 2.47) (8.75 2.7) (4.01 3.69) (3.93 0.63) (1.26 9.98) (8.92 2.09) (5.68 7.29) (2.34 7.28) (4.99 1.86) (1.73 6.18) (2.35 0.23) (5.03 2.6) (8.26 1.38) (3.38 7.58) (7.78 3.84) (7.4 9.91) (8.45 0.04) (6.9 2.84) (7.93 1.18) (3.58 2.92) (1.46 5.25) (4.15 2.16) (2.73 9.37) (9.96 9.39) (4.85 1.84) (0.66 0.05) (6.68 9.62) (5.08 2.15) (3.3 7.16) (9.09 1.51) (8.87 8.37) (5.03 8.98) (4.89 4.06) (7.19 0.18) (2.57 5.1) (3.52 9.17) (0.47 2.37) (0.23 1.87) (5.41 1.14) (6.2 3.9) (7.92 6.34) (2.86 8.67) (3.89 3.18) (6.04 9.17) (5.96 2.15) (1.45 9.46) (1 8.62) (3.96 7.4) (3.68 7.95) (6.63 4.15) (8.28 0.44) (9.29 9.61) (1.53 1.85) (0.05 0.02) (7.51 8.87) (4.07 7.53) (8.33 9.48) (2.51 2.84) (8.74 9.64) (2 4.94) (6.94 1.78)
double 91 (0.48 6.6) (5.38 1.28) (9.55 9.59) (4.02 2.96) (6.32 6.3) (6.3 5.24) (2.61 1.71) (2.7 5.24) (1.57 1.91) (5.63 1.51) (4.84 7.25) (1.13 2.37) (7.5 0.08) (4.56 3.62) (3.55 5.09) (4.12 8.38) (4.04 1.32) (3.6 3.45) (1.89 6.49) (1.19 0.23) (3.04 2.53) (4.74 6.82) (6.3 6.16) (7.56 7.53) (0.48 1.13) (4.6 4.1) (3.28 9.3) (8.44 4.06) (3.82 3.45) (2.1 5.52) (5.63 0.47) (6.72 2.89) (5.71 3.19) (5.6 6.66) (9 1.04) (1.14 4.42) (0.94 0.94) (1.55 6.4) (2.69 7.13) (1.04 6.78) (7.12 6.88) (8.46 3.43) (8.52 9.21) (8.08 5.44) (1.21 9.01) (1.04 5.35) (9.59 7.95) (8.72 2.38) (3.92 7.36) (1.87 1.9) (6.76 8.24) (1.28 2.64) (3.6 3.64) (5.55 7.42) (2.38 3.19) (1.13 7.52) (9.94 9.67) (3.34 7.92) (6.15 6.88) (2.09 8.6) (5.69 5.06) (5.14 8.03) (8.53 4.39) (4.4 7.75) (4.38 6.38) (8.82 9.88) (6.77 2.94) (4.75 3.95) (9.25 0.06) (2.28 5.54) (3.01 2.08) (7.11 6.22) (5.13 3.54) (5.41 6.86) (8.87 5.79) (0.93 8.87) (0.76 0.94) (7.68 8.11) (4.98 0.31) (7.16 8.01) (5.04 5.83) (2.05 3.1) (4.91 6) (1.38 4.6) (7.08 2.23) (2.42 7.27) (2.02 1.61) (3.73 7.52) (0.18 0.98) (6.04 7.81) (7.29 3.18)
bool 91 (0 1) (1 1) (0 1) (0 0) (1 1) (0 1) (0 1) (1 1) (1 0) (1 1) (0 0) (1 0) (0 0) (0 0) (1 1) (1 0) (1 1) (0 1) (1 1) (1 0) (1 0) (1 0) (1 0) (0 1) (1 0) (0 1) (0 1) (0 1) (0 0) (1 1) (1 1) (1 0) (0 1) (1 0) (0 1) (0 0) (1 0) (0 0) (1 1) (1 1) (0 1) (0 0) (1 1) (1 0) (1 0) (0 0) (1 0) (0 0) (1 1) (1 1) (0 0) (0 0) (1 0) (0 0) (0 0) (0 0) (0 1) (1 0) (1 0) (0 1) (1 0) (0 1) (0 0) (0 1) (1 1) (0 1) (0 0) (1 1) (1 1) (1 0) (0 0) (1 1) (1 1) (0 1) (0 1) (0 1) (1 0) (0 1) (0 0) (1 0) (0 0) (1 1) (0 0) (1 0) (0 0) (0 1) (0 1) (1 0) (1 1) (1 1) (1 1)
bool 93 (1 0) (1 1) (1 1) (1 0) (1 0) (0 1) (0 0) (0 1) (0 1) (1 0) (1 1) (1 1) (1 1) (0 0) (0 1) (1 0) (1 1) (1 1) (0 0) (1 0) (0 1) (1 1) (1 0) (1 1) (0 1) (1 0) (1 0) (0 1) (1 1) (1 0) (0 1) (1 1) (1 0) (0 0) (0 1) (1 1) (0 0) (1 1) (0 0) (1 0) (1 0) (1 1) (1 1) (1 1) (1 0) (1 1) (0 0) (0 1) (0 1) (1 1) (1 0) (1 1) (0 0) (0 1) (1 1) (1 0) (0 1) (1 0) (1 0) (1 0) (0 0) (1 1) (0 1) (0 1) (1 1) (1 0) (0 1) (0 1) (1 1) (0 1) (1 0) (0 1) (1 0) (0 0) (1 1) (1 0) (0 1) (0 1) (0 1) (1 0) (1 0) (0 1) (1 1) (1 0) (1 1) (1 1) (0 1) (1 1) (0 1) (0 1) (0 1) (0 0) (0 0)
char 93 (b b) (k l) (i i) (j l) (m l) (s a) (c j) (g b) (r d) (r o) (b f) (n m) (a i) (o g) (s l) (o l) (m g) (n k) (d s) (d o) (t j) (j j) (t a) (g n) (t c) (t e) (p q) (d o) (m f) (e t) (h o) (r h) (a b) (k h) (l p) (l n) (a t) (a o) (h h) (l m) (m k) (n q) (g c) (k f) (o k) (m n) (g l) (r e) (t q) (g k) (q h) (k r) (c k) (o s) (c s) (j s) (k m) (n t) (i k) (k j) (k e) (r n) (r i) (c o) (t s) (m o) (k f) (r f) (p s) (l k) (s d) (j s) (q o) (l b) (f l) (k b) (m g) (j c) (d j) (e d) (q q) (f f) (d e) (s d) (q e) (o i) (g b) (p b) (o k) (g h) (o q) (q t) (f e)
int 94 (47 20) (88 97) (5 99) (93 68) (80 36) (14 98) (7 9) (89 48) (19 72) (50 8) (9 31) (40 41) (53 52) (83 35) (33 71) (26 60) (70 76) (47 74) (76 31) (18 42) (2 13) (95 50) (68 72) (99 20) (2 75) (93 20) (70 45) (28 41) (89 54) (47 12) (82 48) (65 98) (89 82) (82 47) (37 32) (78 53) (1 56) (36 41) (5 95) (94 31) (85 46) (95 23) (7 77) (25 37) (35 24) (51 43) (40 79) (34 88) (30 41) (25 24) (20 98) (83 52) (90 75) (74 32) (14 44) (34 38) (46 13) (47 76) (25 50) (22 19) (35 19) (65 1) (8 89) (90 79) (16 76) (67 77) (70 48) (87 38) (26 36) (72 33) (99 54) (42 58) (96 7) (69 58) (19 41) (59 55) (62 44) (13 90) (97 65) (96 94) (69 65) (39 50) (11 68) (89 17) (37 77) (58 56) (33 42) (89 67) (9 17) (37 85) (74 41) (37 3) (25 11) (71 41)
int 95 (87 17) (54 66) (90 76) (82 40) (40 95) (46 87) (80 94) (2 14) (23 23) (62 3) (82 27) (75 2) (29 1) (45 4) (40 9) (9 57) (30 9) (29 69) (59 46) (63 23) (61 86) (75 58) (45 36) (82 71) (98 85) (88 6) (30 43) (24 52) (18 18) (83 71) (25 93) (16 40) (79 98) (83 5) (73 84) (54 22) (13 88) (56 61) (93 9) (57 57) (25 51) (66 32) (43 58) (27 52) (54 83) (43 93) (57 46) (97 69) (7 85) (95 27) (42 5) (68 77) (64 80) (7 83) (1 97) (53 40) (60 69) (20 84) (4 75) (29 27) (50 34) (65 62) (60 9) (39 53) (53 90) (91 30) (94 17) (11 9) (75 23) (43 16) (83 46) (18 7) (49 26) (79 87) (97 10) (87 90) (87 64) (74 34) (12 14) (23 50) (77 55) (82 49) (66 62) (34 74) (94 36) (49 11) (34 53) (34 79) (28 38) (78 75) (50 80) (7 45) (25 98) (34 77) (87 28)
char 98 (n e) (d h) (s t) (q i) (e p) (j m) (t n) (b m) (b j) (g i) (f i) (i n) (m l) (f c) (d p) (r i) (o k) (e b) (i t) (i k) (a b) (t j) (r b) (h c) (k m) (r n) (j c) (p d) (l o) (t f) (f l) (h d) (p j) (g p) (r c) (b i) (b r) (l a) (b r) (n j) (m r) (e i) (t m) (o n) (l c) (d f) (a q) (j m) (j p) (e l) (n s) (g i) (s n) (c s) (o f) (a l) (k o) (h q) (l d) (b o) (c a) (o a) (t b) (k s) (d j) (s g) (f i) (g k) (j s) (f n) (o b) (a e) (d c) (h c) (r q) (a o) (l o) (o d) (e t) (l m) (e k) (t h) (h c) (q q) (n e) (q p) (g l) (l h) (e j) (m e) (b d) (e g) (a i) (t a) (q o) (e d) (h s) (q n)
int 99 (60 70) (91 44) (37 99) (93 7) (6 55) (28 56) (65 50) (45 48) (69 78) (41 64) (77 19) (47 72) (46 45) (86 87) (78 59) (79 7) (24 15) (28 18) (88 37) (4 58) (63 60) (4 23) (80 22) (87 93) (63 24) (99 45) (89 75) (81 93) (98 67) (98 74) (1 49) (4 2) (58 65) (55 25) (49 38) (33 39) (29 62) (56 45) (49 7) (49 6) (31 32) (24 4) (43 22) (55 91) (55 26) (75 60) (79 12) (98 48) (42 60) (61 66) (50 45) (14 53) (12 13) (73 76) (73 82) (60 9) (29 82) (27 4) (53 1) (63 66) (49 43) (61 32) (12 48) (96 4) (58 80) (31 53) (18 74) (70 37) (74 20) (12 58) (92 48) (53 72) (91 18) (7 73) (99 27) (40 29) (11 51) (18 2) (64 56) (29 87) (84 29) (38 22) (19 3) (67 36) (56 2) (17 60) (24 94) (14 63) (5 42) (21 1) (36 74) (98 64) (67 94) (71 19) (61 84) (99 66) (59 57) (66 20) (47 3)
int 100 (19 26) (49 49) (64 38) (33 10) (40 20) (96 41) (46 93) (72 2) (61 17) (28 44) (33 38) (62 28) (2 30) (16 34) (82 18) (52 96) (42 63) (40 56) (52 7) (44 39) (95 54) (60 94) (50 6) (96 18) (66 1) (27 98) (55 46) (55 77) (53 78) (55 34) (69 17) (46 17) (52 54) (91 69) (79 51) (84 88) (68 88) (88 61) (13 21) (7 16) (95 7) (82 56) (96 96) (28 23) (99 67) (98 43) (76 22) (29 37) (86 4) (20 87) (32 66) (93 40) (18 82) (91 54) (88 35) (2 69) (82 38) (4 65) (49 57) (81 37) (12 3) (27 90) (40 64) (91 95) (71 95) (80 32) (97 29) (92 93) (57 27) (9 41) (38 26) (95 9) (2 34) (13 16) (34 8) (50 42) (89 52) (83 55) (61 60) (90 38) (90 79) (54 44) (26 28) (29 55) (95 51) (59 33) (96 94) (61 46) (26 91) (85 32) (45 6) (38 4) (58 43) (91 48) (41 64) (86 25) (46 32) (40 85) (70 82) (69 35)
bool 101 (1 1) (1 0) (0 0) (0 1) (0 1) (1 1) (1 1) (0 1) (1 1) (0 0) (0 0) (1 0) (1 1) (1 1) (0 0) (0 1) (0 0) (0 0) (1 1) (1 1) (1 1) (1 0) (0 0) (1 0) (1 0) (1 0) (0 0) (1 0) (0 1) (1 1) (0 0) (1 0) (1 0) (0 1) (1 0) (0 0) (0 0) (1 1) (1 1) (0 1) (0 1) (1 0) (1 1) (0 1) (0 1) (1 0) (0 0) (0 1) (0 0) (1 0) (0 0) (0 1) (1 0) (1 1) (0 1) (1 0) (1 1) (0 0) (0 0) (1 1) (1 1) (0 1) (1 0) (1 0) (1 1) (0 1) (1 1) (0 0) (0 1) (1 0) (0 0) (1 0) (0 1) (0 1) (0 0) (1 1) (0 1) (0 0) (0 1) (0 1) (1 0) (0 1) (0 1) (1 0) (1 1) (1 1) (1 0) (0 0) (0 0) (1 1) (0 1) (1 1) (1 0) (0 1) (0 1) (1 0) (1 1) (0 0) (1 1) (0 1) (0 0)
int 101 (68 92) (75 39) (46 78) (83 5) (24 70) (50 81) (48 46) (24 4) (97 60) (2 45) (57 34) (34 8) (32 28) (84 59) (10 72) (62 2) (88 89) (14 52) (14 21) (98 7) (46 38) (94 34) (58 9) (93 65) (53 16) (6 39) (30 88) (37 78) (31 12) (74 51) (42 50) (67 89) (9 75) (27 81) (8 57) (60 45) (9 23) (78 23) (28 49) (2 44) (47 44) (90 89) (46 66) (39 12) (95 37) (38 14) (68 43) (93 93) (7 26) (13 79) (32 77) (29 42) (3 97) (70 67) (42 43) (66 87) (7 36) (9 43) (3 75) (69 66) (79 62) (27 61) (86 54) (97 7) (46 25) (87 10) (66 23) (82 69) (15 59) (95 88) (91 66) (23 58) (35 58) (23 37) (40 62) (30 46) (35 67) (7 86) (40 72) (86 7) (99 63) (21 69) (64 3) (17 99) (30 15) (51 82) (16 97) (90 16) (71 16) (12 48) (91 36) (72 97) (21 97) (19 97) (6 73) (82 89) (25 24) (65 26) (52 29) (45 50) (76 30)
double 103 (6.07 1.52) (7 8.82) (6.86 5.42) (1.01 6.89) (9.17 9.87) (5.12 3.96) (2.24 9.96) (8.42 6.52) (1.48 2.93) (9.77 5.53) (5.26 6.25) (9.45 8.2) (4.45 6.24) (0.26 5.55) (3.02 5.16) (1.94 3.75) (0.27 3.7) (5 1.52) (9.66 1.29) (3.68 6.64) (3.03 7.22) (8.71 1.48) (7.71 7.71) (8.24 3.99) (1.37 7.94) (3.19 9.51) (3.73 7.22) (0.88 6.88) (6.65 7.53) (0.17 0.84) (7.23 8.81) (0.93 6.8) (1.67 5.64) (4.93 3.35) (1.49 5.13) (0.97 9.92) (4.79 7.38) (7.57 0.98) (7.91 9.66) (1.73 8.26) (9.43 9.06) (6.4 9.93) (9.53 9.78) (1.3 3.22) (2.31 1.72) (4.44 2.23) (4.44 4.8) (4.76 8.93) (3.5 4.08) (6.16 2.2) (1.11 1) (3.51 7.48) (3.26 0.71) (4.19 4.49) (8.24 9.54) (4.52 8.4) (8.73 7.33) (8.9 7.72) (4.46 5.05) (1.68 6.67) (7.63 0.82) (2.58 0.97) (7.43 0.7) (5.68 1.32) (9.1 8.12) (8.53 1.16) (8.12 3.3) (6.6 4.84) (7.35 6.04) (0.52 7.3) (6.71 0.33) (2.4 0.68) (1.68 0.93) (4.02 0.75) (9.81 6.87) (3.85 8.2) (0.05 0.74) (3.4 0.95) (8.76 8.7) (1.38 4.12) (7.58 2.39) (9.29 0.1) (9.25 9.67) (5.46 3.61) (1.01 9.38) (7.35 6.02) (6.69 6.37) (4.51 2.25) (6.98 0.33) (4.03 5.46) (4.68 7.16) (7.5 7.02) (3.73 8.69) (9.64 9.96) (7.67 6.06) (5.73 0.04) (7.74 3.79) (5.47 5.84) (0.94 1.41) (6.22 2.53) (6.65 8.45) (9.32 1.5) (3.23 4.58)
bool 104 (0 0) (0 1) (1 1) (0 1) (0 0) (0 1) (0 0) (0 1) (0 0) (0 1) (0 1) (0 1) (1 0) (0 0) (0 1) (1 1) (0 1) (1 0) (0 1) (1 0) (1 1) (0 1) (0 1) (0 0) (0 0) (0 1) (0 1) (0 0) (0 1) (1 0) (0 0) (0 0) (1 1) (1 1) (0 1) (0 0) (0 0) (0 1) (1 0) (0 0) (1 0) (0 0) (1 0) (1 0) (0 0) (1 1) (1 0) (0 0) (0 1) (0 1) (0 0) (1 1) (1 0) (1 0) (0 1) (0 0) (0 0) (1 1) (0 1) (0 1) (0 0) (1 0) (0 1) (1 0) (1 1) (1 0) (0 1) (1 0) (1 0) (0 1) (1 1) (0 0) (0 1) (0 1) (0 0) (0 0) (0 1) (1 0) (0 0) (0 1) (0 1) (1 0) (1 1) (1 1) (1 1) (0 1) (1 0) (1 1) (0 1) (1 0) (1 0) (1 0) (0 1) (1 1) (0 1) (0 0) (0 0) (1 1) (1 1) (0 0) (1 0) (1 1) (1 0) (1 0)
bool 104 (0 0) (1 0) (0 1) (0 0) (0 1) (1 1) (0 1) (0 1) (1 1) (1 0) (1 0) (1 1) (1 0) (1 0) (0 0) (1 1) (0 1) (1 1) (0 0) (0 0) (1 0) (0 1) (1 1) (0 0) (1 1) (1 0) (0 1) (0 0) (1 1) (1 1) (0 1) (1 1) (0 1) (0 1) (1 1) (1 1) (1 0) (0 0) (0 0) (0 1) (1 1) (1 0) (1 1) (0 0) (1 1) (1 0) (1 0) (0 0) (0 0) (0 0) (1 1) (1 0) (0 1) (1 1) (1 0) (1 0) (1 1) (0 1) (1 0) (0 1) (0 1) (1 0) (1 1) (0 0) (0 1) (1 1) (0 0) (0 0) (1 0) (0 0) (1 1) (1 0) (1 0) (1 1) (0 0) (1 1) (1 0) (0 1) (1 1) (1 0) (0 0) (1 1) (1 0) (1 0) (0 0) (1 0) (0 0) (1 0) (1 0) (0 0) (0 0) (0 1) (1 1) (1 0) (1 1) (1 0) (1 1) (1 0) (1 0) (1 0) (1 1) (1 0) (1 1) (0 0)
int 106 (73 79) (15 72) (17 70) (48 72) (76 65) (33 96) (36 80) (98 32) (90 76) (10 18) (66 74) (89 62) (53 5) (62 63) (40 96) (43 91) (18 30) (25 42) (61 85) (59 20) (1 84) (93 55) (6 23) (90 91) (8 15) (24 60) (51 84) (81 88) (99 76) (43 42) (22 70) (81 26) (87 84) (78 17) (18 17) (6 15) (29 92) (81 88) (80 17) (51 43) (32 33) (39 44) (7 24) (87 82) (54 31) (34 97) (96 60) (28 9) (95 50) (76 98) (52 96) (38 61) (25 91) (35 23) (12 4) (17 55) (39 53) (15 98) (22 54) (11 57) (35 71) (69 60) (64 31) (73 65) (77 11) (42 7) (81 83) (77 48) (42 6) (73 32) (82 51) (45 95) (97 95) (13 59) (88 75) (48 31) (8 73) (27 61) (40 62) (77 63) (41 52) (24 13) (38 66) (92 77) (52 99) (48 89) (53 80) (69 83) (46 3) (58 79) (29 25) (46 91) (37 29) (7 27) (59 14) (13 57) (10 24) (49 99) (70 89) (5 75) (28 48) (56 5) (8 46) (83 83) (63 8) (67 31)
bool 107 (1 0) (1 1) (0 0) (1 0) (1 0) (1 1) (1 0) (0 0) (0 1) (0 0) (0 0) (1 1) (1 0) (1 0) (1 0) (1 1) (0 0) (0 1) (1 1) (0 1) (1 1) (1 0) (0 1) (1 0) (0 0) (1 1) (0 0) (1 0) (1 0) (1 1) (1 0) (0 1) (1 0) (0 0) (0 0) (1 0) (1 0) (0 0) (1 0) (0 0) (1 1) (1 0) (1 1) (1 1) (0 1) (1 0) (1 1) (0 1) (0 0) (1 0) (1 0) (0 0) (0 1) (0 0) (1 0) (0 1) (0 0) (1 0) (0 1) (0 0) (1 0) (1 0) (0 0) (0 1) (1 1) (1 0) (1 0) (0 1) (1 0) (1 0) (1 0) (0 0) (1 1) (1 1) (0 0) (0 0) (0 1) (0 0) (0 0) (0 0) (1 1) (0 0) (1 1) (1 1) (1 0) (0 1) (0 1) (1 1) (0 1) (0 1) (1 1) (1 0) (0 1) (0 0) (0 1) (0 0) (1 0) (0 1) (1 1) (1 0) (1 0) (1 1) (1 0) (1 1) (1 1) (1 1) (0 0)
double 107 (3.48 4.15) (5.65 3.01) (4.67 7.42) (5.67 9.69) (6.66 9.97) (6.05 7.76) (8.83 0.92) (1.72 2.78) (2.58 4.4) (3.09 5.77) (6.9 8.96) (3.09 5.21) (6.96 9.85) (2.75 8.46) (4.45 5.22) (7.92 6.78) (6.62 3.07) (8.51 0.25) (2.23 7.85) (0.24 1.73) (5.29 3.54) (1.48 0.45) (2.25 5.97) (2.37 3.92) (7.28 5.92) (6.73 9.44) (2.21 6.63) (6.43 5.37) (0.3 2.54) (7.2 8.36) (7.04 4.71) (5.35 6.65) (7.63 6.67) (6.64 7.74) (6.13 9.23) (8.01 3.96) (8.73 4.71) (4.37 5.17) (2.49 6.21) (8.56 3.71) (3.74 5.77) (8.03 8.41) (7.52 9.8) (9.4 7.84) (6.9 1.4) (5.84 9.91) (5.36 6.48) (5.63 2.46) (9.01 9.81) (3.28 0.44) (3.61 6.16) (6.19 5.43) (6.53 3.72) (3.91 3.43) (9.99 7.4) (2.81 6.36) (5.9 4.99) (1.88 2.81) (1.94 0.16) (6.37 6.02) (6.96 7.73) (7.34 8.79) (1.33 8.98) (4.89 0.76) (6.92 8.34) (5.06 8.33) (2.42 5.4) (6.98 0.84) (1.68 8.78) (8.14 3.6) (2.46 9.48) (4.18 4.85) (5.18 8.35) (7.89 8.49) (2.95 9.41) (9.29 5.01) (2.21 5.08) (7.03 3.9) (7.31 3.08) (9.53 7.21) (2.05 3.5) (6.05 4.44) (9.68 4.26) (9.74 1.8) (9.33 6.58) (7.89 6.36) (9.86 8.45) (3.68 6.3) (8.29 4.31) (0.86 1.44) (4.01 4.79) (0.5 8.28) (2.34 1.18) (4.02 2.31) (0.24 4.75) (9.48 0.76) (1.63 0.12) (0.17 4.58) (2.33 3.79) (6.19 3.35) (3.81 8.36) (9.6 2.56) (4.51 5.27) (9.18 7.65) (4.42 3.58) (6.85 9.61) (9.28 3.95)
char 108 (t d) (g g) (b h) (d a) (f t) (b q) (i i) (c a) (t q) (s a) (m m) (e p) (d k) (c c) (s b) (e j) (a h) (h e) (p g) (r r) (t e) (r a) (r p) (c c) (g t) (n d) (l t) (f e) (f m) (j m) (m b) (s a) (h j) (j l) (o c) (m l) (f o) (m h) (g k) (c s) (g n) (s j) (d g) (s i) (n t) (m o) (e f) (n e) (t d) (c e) (s j) (j r) (g e) (t j) (a l) (i a) (o h) (s a) (s n) (m c) (g l) (o r) (n a) (o l) (e i) (j m) (l a) (m h) (g c) (l p) (q s) (n o) (c g) (b t) (b h) (a r) (o i) (k s) (q k) (k o) (d r) (c r) (s f) (b n) (r j) (d t) (s m) (s q) (g q) (j j) (m o) (m g) (m j) (k o) (k n) (a f) (n j) (g c) (t l) (e i) (d k) (o p) (p n) (h i) (s c) (l h) (d c) (i n)
double 108 (8.71 8.18) (4.58 2.5) (0.63 7.44) (9.79 7.23) (8.6 8.33) (4.8 8.9) (2.17 1.69) (3.72 2.7) (6.33 1.68) (5.54 3.97) (3.09 5.21) (4 7.11) (3.91 3.69) (9.51 4.37) (5.32 2.49) (9.19 1.1) (3.94 5.88) (0.91 3.94) (6.87 4.74) (0.74 7.92) (0.64 0.06) (3.73 0.7) (2.97 0.13) (5.69 3.7) (7.73 1.63) (1.29 2.33) (5.44 1.08) (4.62 2.84) (0.93 6.75) (4.72 5.08) (0.04 5.45) (8.83 3.12) (3.97 8.5) (0.3 5.62) (1.73 1.64) (0.88 8.7) (5.25 1.23) (7.53 6.97) (3.67 8.15) (6.03 5.99) (0.24 8.04) (3.09 6.18) (6.18 3.26) (4.14 2.39) (9.05 2.29) (7.34 7.1) (4.23 3.19) (7.49 1.86) (7.75 0.08) (8.03 6.74) (4.79 4.02) (0.02 2.59) (7.6 6.55) (3.01 5.3) (8.25 9.89) (1.59 6.58) (3.43 2.06) (8.29 3.75) (6.84 8.24) (5.43 1.28) (7.83 8.85) (8.6 7.53) (9.21 0.43) (2.31 0.76) (1.63 9.4) (8.68 8.58) (6.26 4.75) (3.58 1.61) (5.75 5.31) (1.67 5.17) (1.66 6.79) (9.7 4.44) (3.4 2.46) (5.76 4.17) (3.2 4.25) (2.56 2.79) (0.43 3.31) (5.28 6.76) (0.14 9.66) (0.9 9.36) (6 2.02) (7.64 9.91) (3.69 2.52) (3.11 5.43) (5.88 7.35) (3.94 2.88) (4.23 6.26) (8.63 7.86) (4.62 8.95) (6.33 5.82) (4.39 0.17) (7.24 4.79) (8.83 6.43) (6.68 9.06) (6.36 8.24) (7.2 2.09) (4.29 1.52) (2.22 7.88) (4.97 9.79) (9.37 3) (0.67 7.94) (1.47 0.16) (3.15 4.47) (7.89 4.88) (8.28 2.25) (1.95 0.22) (5.07 1.47) (6.52 4.62)
char 109 (k g) (d i) (l m) (s m) (t k) (j b) (o r) (t s) (t q) (t q) (h b) (b j) (h f) (d q) (t b) (a m) (m c) (r f) (k j) (i s) (p c) (j n) (s t) (a p) (d b) (j r) (j q) (f a) (e d) (t a) (f e) (q g) (s q) (k a) (r r) (t m) (a f) (d r) (s q) (s q) (j n) (m m) (c r) (g e) (h d) (i l) (t f) (t b) (i a) (d n) (t g) (m n) (l i) (t a) (g b) (l s) (e g) (q c) (l t) (j s) (j o) (j b) (b b) (n n) (d c) (q b) (l d) (d p) (k o) (l s) (g c) (o k) (c e) (p g) (l i) (g l) (o q) (m m) (e i) (l i) (j i) (r k) (t m) (j f) (s b) (h e) (b t) (l a) (a i) (k j) (b a) (c p) (o h) (q e) (g r) (n f) (h b) (r p) (a f) (t p) (n q) (g e) (k i) (a i) (p m) (b g) (e l) (b a) (g d)
