bool 10 1 1 0 0 0 0 0 1 1 0
char 10 f j p o j b r p f e
char 12 s p n r q s g r l s o t
int 12 66 45 14 2 5 33 73 33 43 31 19 11
double 13 1.52 6.03 6.13 0.22 0.63 4.27 5.56 8.53 6.75 2.7 8.62 3.06 5.1
int 15 81 35 22 2 72 38 53 76 26 80 94 89 18 84 14
char 15 f n r j q d b p s a j c o d d
bool 16 0 0 0 0 0 0 1 0 1 0 1 1 0 1 0 0
bool 17 0 0 0 0 0 0 0 0 1 1 1 1 1 0 1 1 0
double 17 7.63 8.01 9.19 4.97 5.38 1.3 7.21 8.35 5.53 5.39 9.2 4.88 3.94 9.97 1.26 7.19 8.1
char 18 i a k s m f i a d m d d m b j b g n
double 19 6.69 1.76 1.93 4.2 9.5 5.12 1.83 8.57 4.78 8.93 4.3 1.37 7.93 2.99 3.89 6 8.67 5.12 1.53
int 19 36 46 33 36 60 5 11 45 1 43 43 59 88 67 80 68 73 80 30
int 20 53 56 45 45 1 27 42 77 94 46 84 27 56 68 36 14 85 60 60 98
char 21 t p k n k m i d b h i g s g h o k k s r g
int 21 32 41 66 32 24 63 71 6 78 31 9 90 95 11 76 6 93 30 79 2 85
bool 22 0 1 0 1 1 0 0 1 1 1 1 0 1 0 0 0 1 1 0 1 0 1
int 23 44 57 17 83 20 5 47 36 52 95 5 26 20 55 27 86 69 63 80 44 98 51 22
bool 25 0 0 0 1 1 0 1 1 0 0 1 1 1 1 0 0 1 0 1 1 0 1 1 1 1
bool 25 1 0 1 0 1 1 1 0 0 0 0 1 0 1 1 1 1 0 0 0 0 1 0 1 0
int 26 75 60 29 66 4 92 72 74 80 44 10 16 7 48 68 11 30 58 51 52 88 91 48 42 78 8
bool 28 1 1 0 0 1 1 0 0 1 0 0 0 0 1 1 0 1 1 0 1 0 0 1 0 1 1 1 1
char 28 q r q t n d q d p p t b n m e p q d a j r d f c b r c s
bool 30 1 0 0 0 0 1 0 1 1 0 1 1 0 1 1 0 1 1 1 1 1 0 0 0 1 0 0 1 1 0
bool 30 0 1 0 1 0 1 1 0 0 1 1 0 0 1 1 0 1 0 0 0 0 1 1 0 1 0 1 1 1 1
char 31 b e a q k c e b t m b k d j o t i f f c l s h c p b c q n k a
char 32 r r s f o s k n h l l g i c g l i s n f p c c k s e k e j k r c
bool 32 0 1 1 1 0 1 1 1 0 0 0 0 1 0 1 1 1 1 1 0 0 1 0 0 0 1 0 1 1 1 1 0
int 33 6 83 72 23 37 59 15 24 15 64 38 83 92 70 2 96 8 70 14 57 23 20 85 24 79 78 5 25 76 9 37 36 52
bool 35 1 1 1 0 0 0 1 1 1 0 0 1 1 1 1 0 0 0 1 1 1 1 1 0 1 0 0 1 0 0 1 0 0 0 1
int 36 79 15 23 67 55 97 53 27 93 81 37 17 24 1 64 59 41 60 50 75 30 87 68 75 24 28 85 99 64 65 80 94 87 49 82 96
bool 37 0 1 0 1 1 1 1 1 0 0 1 0 0 1 0 0 1 1 1 1 1 1 1 0 0 0 0 0 0 1 0 1 1 1 1 0 1
char 38 k m n m l c n k r f a g d e c h r f h p i t t r c h l l j j t b i f r f n c
double 38 8.37 1.62 5.84 0.79 9.45 9.23 0.27 0.2 6.85 2.27 7.4 1 1.06 0.35 6.18 3.51 6.53 9.3 8.5 8.61 4.58 3.75 1.62 5.48 3.54 3.24 7.88 6.35 4.26 2.53 8.07 0.15 9.03 4.52 4.93 3.42 9.65 2.74
bool 38 0 1 0 0 1 0 1 1 0 1 1 0 1 1 0 0 1 1 0 0 0 0 1 0 1 0 1 0 1 0 1 1 1 0 1 1 1 1
double 40 8.88 8.87 1.74 3.92 6.77 4.83 3.02 2.68 0.56 6.21 7.4 3.88 9.68 4.83 3.27 9.29 5.1 9.02 8.85 6.1 8.81 7.83 2.35 0.41 7.05 2.33 8.64 1.28 7.49 0.52 3.9 4.16 5.62 2.82 0.3 7.97 9.14 8.11 6.1 3.46
int 42 93 19 92 2 70 58 37 68 54 18 72 37 12 84 22 60 95 5 68 34 42 2 86 62 77 34 8 81 77 2 14 24 17 99 52 84 60 32 15 84 91 86
char 43 r p k n g p c c f q c t b b i c t j o g r c s g t s g q t q g e q b s j b h n h g p m
int 44 31 55 5 98 69 45 62 21 86 17 67 9 21 70 57 73 1 64 60 36 28 29 90 12 29 15 88 53 68 67 11 20 60 27 23 44 84 14 9 27 86 41 32 31
bool 45 0 0 0 1 0 0 1 1 0 0 1 1 0 1 1 1 0 1 0 0 1 1 0 0 1 1 1 0 1 1 1 0 0 0 0 0 0 0 1 1 1 0 0 1 1
int 45 38 57 90 4 62 45 64 25 4 12 70 93 97 57 62 34 66 94 47 8 88 43 12 97 34 17 61 14 51 83 12 88 69 65 90 97 9 55 31 45 27 29 72 35 83
double 45 9.5 2.57 9.09 9.89 4.73 8.31 6.99 9.63 6.44 2.88 1.7 7.93 5.54 5.44 7.84 9.03 9.58 6.94 4.9 6.5 2.94 7.88 1.77 4.76 6.03 3.41 2.2 2.03 3.7 8.5 3.97 2.69 3.62 8.55 8.43 2.98 2.01 8.18 8.13 6.12 9.19 0.75 8.38 9.73 9.29
double 48 7.55 7.24 0.77 1.35 2.16 0.07 9.92 8.59 9.35 9.32 7.71 2.28 6.99 0.56 7.51 5.07 2.21 8.73 1.37 6.22 6.95 3.99 4.3 1.54 2.97 7 9.41 1.93 3.97 6.12 0.42 8.12 1.28 8.83 8.94 1.11 5.67 4.14 7.62 9.17 8.36 6.91 5.72 3.97 5.46 3.02 8.14 3.96
char 48 h c o r f d d p i s r o r p e f h h d i g l r l l d n a b h e i j m j g h m j c o b j r j j m q
bool 50 1 1 1 0 1 1 1 0 1 0 0 1 0 1 1 1 1 0 1 0 1 1 0 1 1 0 0 0 1 0 1 1 1 0 1 1 0 1 1 1 0 0 1 0 1 1 1 0 1 1
double 51 3.88 1.93 0.75 4.89 8.03 9.74 1.26 9.05 4.27 2.97 0.32 7.16 1.57 0.27 5.95 4.43 6.03 3.54 4.66 7.68 4.51 7.24 6.95 0.21 1.86 5.35 3.48 9.72 8.92 5.87 0.39 3.2 9.22 5.11 4.13 9.03 0.54 1.72 3.31 1.63 8.7 8.26 1.03 3.31 4.43 2.25 3.77 0.37 5.23 9.25 8.45
double 52 7.7 9.82 7.17 3.94 5.6 2.24 8.76 2.7 7.51 7.55 5.53 7.72 9.41 2.24 0.25 8.19 1.52 9.52 3.43 1.62 8.72 9.75 8.83 9.89 4.16 9.76 1.37 4.98 3.51 4.56 4.71 4.14 4 4.08 8.26 3.52 4.19 2.38 3.93 8.85 0.4 6.69 2.09 6.43 0.67 7.09 7.38 7.39 6.54 6.69 3.35 1.61
double 52 8.63 7.03 0.91 8.15 0.13 9.13 0.04 0.06 1.36 7.55 5.72 1.49 1.92 4.7 2.54 1.1 3.07 9.58 8.57 0.46 5.52 3.45 0.2 3.68 4.61 7.44 2.28 8.14 9.75 5.68 6.02 3.64 6.02 1.21 9.12 1.93 4.73 8.11 3.07 8.23 1.64 6.28 9.68 4.39 4.42 8.3 8.61 5.46 3.18 5.95 4.42 7.74
bool 53 0 1 1 1 0 1 1 1 0 1 0 0 1 0 1 1 0 0 0 1 0 1 1 1 0 0 1 0 0 1 1 1 1 1 1 1 0 0 0 0 1 0 0 1 1 1 1 0 0 1 1 0 0
bool 53 1 1 1 1 0 0 0 1 0 1 0 1 0 0 1 0 0 1 0 1 0 0 0 1 0 0 1 0 1 0 1 1 1 1 1 1 1 1 0 1 1 0 0 0 1 0 0 0 0 1 1 0 0
char 58 h k d r f n d g j h o p o q d c f i d r t g f g l i e s c h h l g b k a g g r f p e o l k f d j q j c a f o k e h g
double 58 0.41 9.38 7.43 8.05 2.88 9.53 0.19 2.8 1.84 8.92 9.6 4.74 9.45 8.67 9.95 1.27 9.73 2.51 3.88 0.94 5.3 3.25 1.4 2.1 4.18 4.99 2.58 0.13 6.8 0.58 9.58 2.89 3.03 0.05 5.98 8.36 2.07 2.07 6.45 4.69 7.47 3.21 9.61 7.35 7.8 7.15 7.68 2.99 4.75 7.3 2.27 7.43 5.21 7.46 6.31 4.06 8.28 7.86
int 59 24 95 19 91 73 86 12 40 88 92 75 46 50 76 36 70 85 77 31 69 75 25 47 89 99 12 1 6 16 32 79 23 45 34 32 16 45 51 7 79 20 8 38 39 14 17 6 91 10 94 22 74 63 57 60 24 30 82 76
bool 59 1 1 1 0 1 1 1 1 0 0 0 0 1 1 1 1 0 1 1 0 1 1 1 1 0 0 1 0 1 1 1 1 0 0 1 1 1 0 1 1 1 1 1 1 0 0 0 0 0 1 0 1 1 1 1 1 1 1 0
bool 60 1 1 0 1 0 0 1 1 1 1 1 1 0 1 0 0 0 1 1 1 0 1 0 0 1 0 0 1 1 1 1 0 1 1 0 0 1 1 1 0 1 0 1 1 0 1 0 1 0 1 1 1 1 0 1 0 1 1 1 1
double 60 0.43 2.67 3.46 4.57 9.8 7.23 6.59 2.96 8.76 2.29 4.44 6.14 1.67 6.18 9.92 9.82 0.35 0.84 0.52 1.11 6.58 1.43 7.07 8.64 3.44 1.67 5.77 1.99 3.2 9.81 8.95 7.77 9.64 0.03 5.63 8.83 6.91 1.77 1.26 6.7 0.87 2.21 5.76 3.73 8.3 7.07 7.88 5.21 6.21 2.99 5.81 2.19 3.69 7.32 6.8 9.68 3.93 5.27 2.75 9.35
double 62 7.19 9.57 9.72 7.65 4.68 8.79 0.05 9.25 0.83 8.07 8.85 0.33 1.93 6.49 7.09 2.87 8.17 6.76 6.06 8.04 2.59 5.91 1.43 9 7.44 4.28 7.54 6.02 9.75 1.64 6.14 6.46 1.08 5.02 5.12 4.14 6.14 3.21 0.78 2.23 6.42 9.49 6.12 4.23 0.17 2.91 8.38 5.51 7.01 4.34 4.16 9.52 8.13 7.7 7.66 1.03 1.29 0.51 4.1 1.96 6.95 2.58
char 64 l s p m q b b q k r n n f s a r e e s s r m c f r i m t a s q o p t t c i g l a c l g t r n f l d q j i c q h e p p b j s l c j
bool 65 0 0 0 1 0 0 1 1 1 0 1 0 1 1 1 1 1 1 1 0 0 0 1 1 1 0 0 1 1 0 0 0 0 1 0 0 1 0 0 1 1 1 1 0 0 1 0 1 0 0 0 1 1 1 0 1 0 1 0 0 1 1 0 1 0
bool 66 0 1 0 1 0 0 0 1 0 1 0 1 0 1 0 1 1 0 0 0 0 1 0 0 1 1 1 1 1 1 0 1 0 0 1 0 0 0 0 0 1 1 1 1 1 1 0 0 0 1 1 1 0 1 0 0 0 0 0 1 1 1 0 0 0 0
double 67 7.29 9.81 5.52 1.85 2.53 8.23 1.93 3.6 8.71 5.61 2.04 5.38 2.56 2.5 7.42 9.14 8.1 7.39 0.21 4.91 0.58 7.82 4.65 8.73 6.64 2.78 3.41 4.31 5.69 6.01 5.09 4.44 8.56 8.38 5.12 6.93 8.01 0.09 8.22 4.8 6.54 5.09 6.03 7.15 0.34 0.91 0.25 9.14 0.78 3.58 3.9 4.68 1.46 2.63 8.54 3.54 6.05 0.13 7.07 9.16 0.13 4.37 7.08 2.32 2.18 1.43 9.13
double 67 5.25 3.39 3.61 7.66 2.57 4.82 7.41 0.68 9.59 6.36 8.05 1.24 2.19 9.77 4.38 1.72 2.39 4.05 9 1.54 8.1 2.27 9.67 7.44 2.17 1.45 0.89 2.66 4.87 9.95 0.57 3.21 7.91 3.45 5.36 2.98 7.52 3.79 4.51 3.47 0.62 4.85 2.5 8.42 7.03 0.11 6.54 5.45 9.03 7.53 4.83 0.63 1.36 0.9 4.82 5.5 3.78 1.03 2.65 2.13 6.31 9.31 4 3.49 3.49 1.57 5.1
bool 68 1 0 1 0 1 1 0 1 1 1 0 1 0 1 1 0 1 0 1 1 0 0 0 1 0 0 1 0 0 0 1 1 0 1 1 0 1 1 1 1 1 1 1 1 1 1 0 1 0 0 1 1 0 0 0 0 1 1 1 1 0 0 1 0 0 0 1 1
char 69 h t j t e a q g c k g p t c b r o h m f q m h k h n h t l q m f h j r t m m s s f g s m k n r o n p e r p r e a f e b c e q s q j o s q b
double 71 2.54 5.54 4.06 3.7 9.02 2.63 6.32 6.03 0.68 5.67 6.18 6.54 3.09 1.16 8.14 1.19 7.84 0.59 7.09 2.04 3.76 0.61 3.92 8.32 0.4 2.7 7.9 0.72 4.99 0.74 0.44 7.6 0.86 7.27 1.18 2.12 8.1 5.85 7.15 7.85 1 4.37 3.82 8.12 0.72 4.14 2.29 9.07 5.32 4.82 7.98 3.04 7.01 3.23 4.53 9.93 0.07 2.12 5.14 0.59 6.62 7.93 4.9 5.57 9.96 6.04 8.5 3.67 0.29 6.22 6.9
double 75 2.91 2.34 1.83 5.67 9.88 5.03 2.35 8.85 4.98 4.71 2.85 6.74 7.72 2.8 4.49 3.62 2.16 8.17 5.66 5.66 3.6 6.28 9.16 5.49 2.92 8.96 7.45 6.53 2.22 7.36 1.38 7.95 0.27 1.54 8.02 9.48 5.26 9.81 9.16 9.81 8.07 0.88 9.44 1.9 0.18 5.29 8.99 8.98 4.4 4.46 0.97 8.9 5.77 9.84 2.22 0.6 8.53 1.38 2.09 0.21 9.7 9.24 8.71 6.05 5.5 0.74 5.49 2.28 7.4 5.77 3.38 9.63 1.66 6.23 1.89
double 76 6.77 7.71 9.47 7.05 9.64 6.49 9.5 8.48 1.62 4.58 4.75 5.69 8.05 2.92 6.57 9.94 7.81 5 6.38 9 7.66 4.15 8.31 7.7 9.52 4.79 8.9 4.74 1.3 8.75 1.76 5.04 5.62 4.54 9.04 1.31 0.15 7.41 4.28 6.05 9.36 9.68 0.65 0.93 2.5 6.11 3.63 6.84 0.51 9.01 7.31 9.83 4.97 3.67 9.19 2.19 2.89 8.83 5.41 1.93 0.04 1.87 4.57 8.24 5.76 8.54 2.69 2.47 2.81 5.41 5.21 6.76 1.5 1.22 3.34 3.18
char 77 f m i l e c t n t g g q m d h d i a n j k t k a s d o n t q j d r e g n k k l l m m q c f p f j t l s f k p j j b b q c e t g p i f s f f e d c j m q r b
bool 80 1 0 1 1 0 1 1 0 1 1 1 0 0 0 1 0 1 1 1 0 0 1 1 1 1 1 1 0 0 0 1 1 1 0 1 1 0 1 0 1 0 0 0 0 1 0 1 1 0 0 0 1 1 0 1 0 1 0 1 1 0 0 0 0 1 0 1 1 1 1 1 0 1 0 1 1 0 0 1 0
double 84 7.57 0.7 2.19 4.27 0.67 7.99 6.61 7.44 5.57 9.81 9.82 5.95 0.38 4.07 1 7.6 2.5 0.78 3.53 8.49 3.34 2.7 2.86 3.47 8.12 6.86 1.07 4 2.67 7.08 6.51 5.85 2.38 2.93 8.11 2.15 3.24 0.55 6.49 3.12 1.02 0.54 1.01 1.49 4.56 7.68 9.11 2.04 8.23 2.08 1.31 2.18 2.43 3.29 3.92 1.24 1.91 3.65 8.09 8.23 7.68 7.32 7.59 9.1 6.32 5.04 3.01 8.85 8.35 7.23 7.15 9.07 2.61 2.93 4.35 4.37 9.18 7.41 7.96 4.39 4.42 5.09 1.63 6.53
int 84 85 41 9 62 82 62 39 59 51 59 39 50 2 53 66 69 29 44 44 93 87 22 81 90 1 22 17 98 44 8 69 10 99 26 58 70 67 53 57 23 81 8 26 37 64 80 68 57 5 92 89 35 29 74 15 32 14 94 35 25 34 20 12 71 65 23 27 3 35 54 48 55 65 18 38 67 10 93 64 77 19 96 37 70
char 87 s f b l t n s h f l m b m i s e p a s b c p m o k j a t o k k b d f c p r e n h s j j k o e k o c b o k e i d r k c s r a n n l k e f o j q k n k g c t l p k b r t n f b a l
int 89 6 31 37 90 99 72 15 34 24 74 93 68 78 37 55 20 8 72 93 11 37 8 30 4 77 18 59 68 51 52 17 75 68 33 56 47 18 68 69 71 8 7 24 3 31 64 6 84 12 22 8 46 61 81 76 10 46 22 54 1 50 39 65 1 2 57 39 96 36 50 10 34 46 11 47 38 40 7 50 68 88 97 74 11 27 3 59 11 31
char 90 f a m j t t b a i k i b f c p b t c t b e o c q m t h s n o c d i r q q i k d f p l l o g k b c m t s r m d b c q m r c r r r p l k q j o n n g t f k e o e q b j f c d r p o k a o
bool 90 1 0 0 0 0 1 1 0 0 0 0 0 1 1 1 1 0 0 0 1 0 1 0 0 1 0 0 1 1 1 1 1 1 1 0 1 0 0 0 1 0 1 1 1 0 0 0 0 1 1 0 1 1 0 1 0 1 1 0 1 1 0 0 1 1 0 1 0 1 1 1 1 1 1 0 1 0 1 0 1 0 1 1 0 1 1 0 0 1 0
double 91 9.7 1.77 3.59 8.57 5.33 1.69 1.89 1.34 8.99 9.45 3.2 1.47 8.3 6.9 9.81 1.19 0.58 6.63 6.63 1.36 2.37 9.38 3.88 0.93 2.92 5.94 6.31 6.68 7.63 1.77 6.12 9.54 7.59 3.28 6.72 1 8.95 6.27 2.44 6.56 3.32 9.92 7.04 8.47 0.24 0.52 5.19 7.64 0.32 8.4 6.67 5.95 3.48 4.31 9.69 7.9 8.79 9.59 0.99 8.49 9.02 5.02 2.72 5.91 3.57 6.04 6.86 8 7.15 9.9 3.02 1.4 3.22 6.75 8.32 9.79 5.94 4.71 4.88 9.3 2 9.18 2.93 5.27 3.02 8.61 9.56 4.82 0.16 1.15 6.23
char 92 i m k a o e a s p t a l f i o e o d p t r k d m j s m f q g q i t n f p l a p p s b c e r h n t m k s s g i b k m t t k a d t s s h j b p l j e o r k l h m m q m j r j m o c i n q o s
char 92 d r h b d e j m s a t k t m p h p a p d d j g d n k r m b i r b h r m g t p l c t f c a e i k o l e r c m e s f p h j a j e r q k m c a m c c d t i p g e c n g k k h d e r j p k n j k
char 94 t i l e r d s k m n n h g a r t m p b g e f a g f r m m k s b q o e q b n q m l s s m q p f f j t e j b m e l j n o d a q b f r q h o o a n b b s s l s l m p s c d g q e b s r p r a o s d
char 95 i q j r f c g t t f j p j c r l p c c s c c l d d n e h m t d e p g b a e n f b t i r i m m r g k g p f a p l c m c t b p f t b k p a c a t s p d a a c c b q j f g c e n j a o k r p s i e h
char 96 g n m n f e j n m d s o g l q a h m h j c e i j t b h i a k l j n c j n h c e p q t b b n a h r a l o a k k r m b d g n n g e j f q p k g t g t e e a r h k j k r j n n e h l l a t p c c s a q
char 96 b j s c i r o c t s k f d f j j o h b e k t n e s q h e j j g t c c h o b o i r k i d p h f d t s o d r m h g f e g q o s r l m e n n k q e l n r c k f l m e n n s k o g i o i i i t c l b e l
char 97 c m m o r f b s a b n o p q q q e b k p a o s g k s b j m d q p l j q l t r m o n b g k f j p h e t h r p i g t b c g i n q b c e n s l a l b o m g g f r r k d g f h l o q q h j m l q a h o c m
double 97 3.3 7.79 7.63 3.29 8.3 6.58 0.68 5.19 8.94 3.49 7.93 0.9 4.73 9.24 3.39 7.31 7.55 9.93 8.52 1.32 4.22 7.37 8.2 7.94 0.04 0.41 0.39 0.17 4.42 5.11 3.94 3.6 2.16 3.13 0.77 3.25 9.92 9.2 0.05 7.21 2 2.44 3.63 3.82 2.45 4.49 9.13 3.02 9.3 5.56 8.51 7.47 0.64 9.77 7.03 4.51 1.14 0.63 9.32 4.01 9.41 0.79 1.51 1.43 7.76 6.09 9.4 3.51 7.61 7.52 6.51 2 5.97 4.28 1.43 9.86 7.03 1.29 2.42 3.25 5.32 4.8 7.1 6.02 6.95 5.23 2.87 7.29 4.14 5.02 2.38 5.72 1.3 2.52 0.37 1.4 6.4
bool 97 1 1 1 0 1 0 1 1 1 1 1 1 1 1 0 1 0 1 0 1 0 1 0 0 0 0 1 0 1 0 1 1 1 1 0 0 0 0 1 0 1 0 0 0 0 0 1 0 0 0 1 0 1 0 0 0 1 0 1 0 0 0 0 1 0 0 1 1 0 1 1 0 1 0 1 1 1 0 0 1 1 0 0 1 1 1 0 1 1 1 1 1 1 0 0 1 0
bool 97 1 0 1 1 0 0 1 1 1 1 1 0 1 1 1 0 0 1 0 1 1 1 1 0 0 1 1 0 0 0 0 1 0 1 0 0 0 0 1 1 1 1 1 0 1 1 0 1 0 1 1 0 0 1 1 0 0 1 1 1 0 1 0 1 1 1 0 1 0 0 1 1 1 1 0 1 0 1 1 1 0 1 1 1 0 0 0 1 1 0 1 0 1 1 1 1 1
int 98 94 55 61 67 50 59 95 46 97 19 2 93 62 48 30 19 40 25 48 32 5 81 13 36 9 19 54 15 52 83 11 62 84 42 96 76 81 79 72 72 30 51 70 48 11 88 47 64 72 11 83 93 99 47 88 60 40 93 55 83 69 9 13 57 63 77 82 1 42 73 72 87 97 71 80 17 32 32 89 30 35 99 27 45 88 82 75 37 43 64 34 38 89 26 36 66 66 44
double 99 3.89 8.68 2.19 1.75 8.73 2.62 7.67 8.82 8.7 8.87 4.31 9.41 3.17 1.85 2.76 6.38 7.46 4.83 9.53 3.9 3.42 1.35 3.75 7.3 0.92 7.35 9.96 9.47 9.94 1.91 9.57 7.57 1.21 1.48 9.58 1.14 5.77 0.86 8.86 2.52 9.3 0.44 3.45 1.37 4.41 6.27 0.67 6.62 8.28 2.1 4.27 2.1 7.94 5.49 7.67 5.88 8.38 4.63 1.11 4.18 9.98 1.17 3.39 0.31 2.97 6.14 7.18 6.06 7.53 3.16 3.88 1.62 1.15 9.44 5.15 6.07 8.16 2.57 8.22 8.16 1.69 0.22 3.82 1.36 5.57 5.06 9.49 3.68 0.54 7.7 8.82 3.29 4.62 9.99 7.78 9.64 7.42 4.34 2.82
bool 99 0 0 0 0 0 0 0 1 1 0 0 0 0 1 1 1 0 0 1 0 1 1 1 1 0 0 0 0 0 0 0 0 0 1 0 0 0 1 1 1 0 1 1 0 1 1 1 0 1 1 1 1 0 0 0 1 1 1 1 1 0 1 1 1 0 1 1 1 1 0 1 0 1 1 1 1 1 0 0 1 0 1 1 0 0 1 0 1 0 0 1 0 0 0 0 1 0 0 1
bool 99 1 1 1 0 1 0 0 0 1 0 0 0 0 0 0 0 1 1 1 0 1 1 0 0 1 1 0 0 0 0 1 0 1 0 0 1 1 1 0 1 1 1 1 0 1 1 0 0 0 1 0 0 0 1 1 1 0 1 1 0 0 0 0 1 1 0 0 1 0 1 0 1 0 0 0 0 0 1 1 0 0 1 0 0 0 1 0 0 0 0 1 0 0 0 1 0 0 1 1
bool 100 1 1 1 1 1 1 1 1 1 1 0 0 0 1 1 1 0 1 1 0 1 0 0 0 1 1 1 1 1 0 0 0 0 0 1 1 1 1 1 1 1 1 0 1 1 0 0 1 0 1 1 1 0 1 0 0 0 1 0 1 0 1 1 0 0 1 1 0 1 1 1 0 1 1 0 0 1 1 0 0 1 1 1 1 1 1 0 0 0 0 0 1 0 0 1 0 1 1 1 1
double 103 8.97 1.08 9.91 5.84 9.38 1.03 1.23 5.78 7.87 0.5 4.45 1.43 9.04 5.53 0.25 8.74 7.98 5.28 3.9 7.58 5.6 7.87 4.48 6.47 2.15 2.84 6.18 9.79 9.06 2.99 6.29 4.57 9.08 2.89 0.5 2.18 3.18 4.95 9.28 1.1 7.85 9.39 3.7 2.12 5.29 5.89 9.37 6.77 7.27 2.11 4.24 8.08 5.07 4.79 9.25 7.04 7.49 2.97 3.98 7.64 4.55 5.43 0.47 5.55 3.03 6.5 3.82 6.21 8.22 8.58 1.03 3.86 0.03 4.39 4.74 3.63 8.98 5.86 1.47 6.54 5.53 2.6 6.97 3.98 6.48 4.16 6.28 4.89 5.21 1.57 1.77 0.25 6.07 6.07 4.59 8.29 4.7 2.55 9.23 9.48 8.64 3.41 1.97
bool 103 1 1 0 1 0 1 0 0 1 1 1 0 0 1 0 1 0 1 1 1 0 1 1 0 0 0 1 0 1 0 0 0 1 1 1 1 0 1 1 0 1 1 1 1 1 1 0 0 1 0 0 1 0 1 1 1 0 0 1 0 1 1 1 1 1 0 0 0 0 0 1 1 1 0 1 1 0 1 1 0 1 0 0 1 1 0 1 0 1 0 1 1 1 1 1 0 0 1 0 1 0 1 0
bool 106 1 0 1 0 1 1 0 1 0 0 1 0 1 1 1 1 1 0 1 0 0 0 1 0 0 0 1 1 0 1 0 0 0 0 1 1 1 1 1 1 1 1 0 0 0 0 1 0 0 1 1 0 0 0 1 0 1 0 1 1 0 0 0 0 0 0 1 0 1 0 0 1 0 0 1 1 0 0 1 1 0 0 1 1 0 0 0 1 0 1 0 1 0 1 0 1 0 1 1 1 0 0 1 1 0 0
int 106 34 62 34 75 84 36 38 38 15 50 49 18 21 15 47 29 15 60 22 78 41 1 53 76 75 57 33 5 89 76 1 79 50 3 82 44 7 15 33 41 88 20 16 45 95 45 70 56 39 82 72 45 98 44 40 84 38 44 99 76 23 97 10 25 6 24 97 28 27 82 57 69 10 66 1 4 60 27 12 40 43 5 46 97 39 33 64 20 97 53 18 88 21 43 22 33 3 83 6 91 83 29 10 19 92 8
char 107 e o d b s b e g k d f t l l m o n c o j s k o a j i o q i o g r l r p m a f b f q l t h n b e k d n t r o h q q d i e k m h r g d i t e n m g b e r q b t s p e f i m o m c i r o i t a c d l o t n b f l f n q p b t
int 107 90 37 61 86 7 21 32 45 18 70 94 28 15 68 10 7 1 5 23 4 3 94 7 91 32 21 64 12 48 25 28 70 9 95 72 19 96 67 66 61 76 12 71 78 21 85 40 71 16 66 59 9 4 49 61 68 66 21 69 24 14 52 41 42 54 24 2 52 47 92 37 47 61 69 90 82 74 19 72 53 97 37 17 45 90 11 22 2 96 79 15 36 49 29 28 91 83 77 13 22 34 35 17 10 64 68 43
int 108 37 17 63 8 81 83 5 60 69 37 8 84 3 87 62 42 45 88 26 80 89 74 22 89 75 20 77 31 94 56 12 69 2 63 51 84 7 26 40 72 22 13 66 71 80 34 71 70 48 74 4 59 46 18 61 6 18 63 39 31 63 80 92 59 66 92 5 9 80 94 26 14 89 84 62 74 81 58 1 18 69 43 80 72 86 47 5 82 4 23 67 4 90 56 11 54 51 28 10 5 42 63 70 12 64 94 99 30
char 108 l c j b b r l j n e s s e b a p e t t i b k q j d t b t s j j k d g t g d i h d b s h o n r p p m k q s o p t m e d p b n i g a b q d l f g h l r t l j d g b m l h e h q h q q e n i q j c o r e a t g h l a k g d g a
bool 109 0 0 1 1 1 0 0 1 1 1 0 0 0 0 0 0 0 0 1 0 0 1 1 0 1 0 1 1 1 1 0 1 0 1 1 1 1 1 0 1 1 1 1 1 1 1 0 1 1 0 0 0 1 0 0 1 1 1 1 0 1 0 1 1 1 0 1 0 0 0 1 0 1 1 1 1 1 1 0 1 0 1 1 0 0 0 0 1 0 0 0 0 1 1 0 1 1 1 0 0 0 1 0 0 1 0 1 1 1
