17 6 4 8 11 1 2 5
55 6 6 12 5 11 2 4
57 9 11 12 2 3 1 16 8 9 6
69 10 5 8 9 12 1 15 17 20 6 14
47 10 16 9 12 2 14 1 18 13 4 17
65 11 14 4 16 9 20 19 22 10 7 21 5
52 12 20 24 21 13 12 2 14 4 7 8 17 5
14 12 1 11 19 18 16 4 7 15 5 8 3 24
61 14 5 10 21 18 4 20 8 24 12 6 28 1 11 3
129 16 9 15 10 14 16 26 31 22 20 17 21 18 32 3 27 13
20 17 34 8 9 28 33 6 26 29 19 10 7 3 22 11 1 2 13
118 18 1 22 28 16 21 24 10 19 6 14 34 29 11 2 12 9 26 31
160 18 5 19 14 9 31 16 4 15 20 23 25 3 13 11 34 17 6 27
84 19 25 2 26 11 19 10 13 15 30 37 9 23 29 20 27 12 22 35 1
153 20 21 17 37 14 16 25 18 24 34 22 19 3 15 2 32 38 20 7 36 30
78 20 40 7 37 8 32 19 21 30 1 9 16 17 10 5 6 18 38 34 27 28
175 26 16 28 12 45 33 17 36 34 21 22 11 29 41 30 44 9 1 7 47 31 48 19 40 50 8 32
162 26 41 9 30 39 27 37 13 16 6 24 8 31 32 4 47 42 26 35 29 17 19 23 1 2 43 20
133 26 35 5 3 36 34 24 45 52 7 10 9 32 4 38 25 1 46 12 49 27 21 19 50 31 8 17
170 28 30 23 42 33 27 14 34 43 39 46 24 55 7 5 19 35 13 26 36 45 54 53 41 32 25 11 38 17
189 28 3 37 29 13 51 56 23 55 48 26 16 43 19 11 49 15 52 38 53 14 33 17 4 42 12 34 30 45
274 29 46 26 28 29 18 39 50 58 40 20 16 56 57 23 30 36 6 24 7 34 8 37 5 42 41 38 13 35 10
133 29 6 41 44 20 29 18 15 50 24 14 49 37 4 9 8 25 23 27 35 51 34 33 46 53 17 32 16 28 10
200 30 28 44 49 31 52 48 20 18 60 7 29 55 45 36 56 27 32 38 5 19 51 15 9 37 25 6 10 40 57 42
128 30 25 45 10 34 36 35 13 40 8 1 42 17 38 54 22 39 56 24 26 29 18 5 53 12 19 4 6 9 41 50
77 31 38 27 26 22 58 13 55 20 39 50 32 14 59 16 31 56 7 36 8 9 15 44 45 25 62 43 47 12 52 51 46
258 32 22 37 20 18 42 39 35 62 64 51 60 50 55 43 48 11 9 36 13 34 10 15 61 47 54 25 2 6 23 59 8 16
121 32 12 10 40 16 55 36 47 45 32 52 17 35 29 13 58 9 24 20 39 15 11 62 44 37 2 18 61 6 41 14 48 23
210 32 59 34 3 25 42 55 30 51 32 39 41 48 26 15 24 63 9 50 13 47 17 4 38 8 16 22 35 21 40 11 5 49
249 33 23 21 54 50 34 32 14 26 56 12 8 37 57 15 33 38 24 53 62 41 44 17 20 61 47 45 22 4 48 65 3 36 19
167 33 1 30 6 60 19 65 22 15 56 20 46 40 42 48 47 21 18 44 49 50 34 38 53 3 57 39 9 12 52 17 2 33 27
302 33 25 32 53 65 2 63 46 49 29 39 26 44 66 35 8 57 14 17 34 23 11 21 10 42 3 33 43 60 16 27 52 48 22
121 33 61 6 12 57 7 14 43 55 8 11 41 3 39 34 36 35 38 53 4 42 59 25 5 31 44 65 23 54 58 15 2 13 9
98 33 23 11 57 10 61 2 58 46 44 27 16 36 20 6 53 25 51 50 62 43 18 28 45 5 35 47 40 52 66 3 37 54 24
140 33 17 66 37 52 38 34 35 3 55 12 6 28 4 50 10 18 59 40 45 41 7 23 44 13 30 26 19 33 46 49 5 31 58
130 34 62 64 25 34 51 37 4 3 15 45 40 48 44 20 18 13 19 8 55 17 53 46 54 60 32 67 68 5 38 58 10 9 52 59
91 37 33 52 28 6 58 12 60 9 49 24 53 64 68 11 59 29 50 37 38 44 1 4 5 70 56 71 47 20 69 3 27 15 57 61 40 73 42
68 38 4 71 33 72 45 52 50 62 74 61 15 37 1 57 8 75 44 36 39 30 60 9 22 76 31 19 20 35 23 7 26 12 66 3 28 10 2 34
191 38 71 3 76 47 13 72 32 51 26 4 55 75 46 21 25 6 43 74 28 53 34 44 66 67 36 10 18 17 29 52 24 20 14 7 8 22 9 58
435 39 10 77 23 75 31 68 8 70 78 54 47 72 40 41 39 65 66 34 14 69 7 58 24 50 36 48 5 57 29 43 76 21 63 19 6 45 22 55 60
215 41 59 2 6 61 23 53 25 30 80 66 14 38 20 40 26 7 60 74 9 57 16 4 46 11 49 64 32 18 28 31 43 68 19 8 67 27 42 37 29 73 54
331 41 23 75 70 5 9 44 55 64 14 20 32 45 57 24 39 12 3 18 36 40 29 8 25 52 79 17 48 65 81 1 10 26 72 56 61 51 33 13 16 66 30
492 43 22 29 74 53 5 34 60 16 17 68 8 42 4 56 12 25 64 78 27 80 70 85 71 36 1 69 67 32 2 11 62 24 7 14 84 10 23 31 75 65 83 49 9
337 43 17 52 57 21 8 45 60 25 9 71 75 15 47 66 76 80 3 73 59 78 14 70 11 22 41 38 5 29 49 74 48 82 6 64 68 72 50 84 7 33 36 55 19
339 44 61 5 14 73 63 1 15 40 12 16 30 72 56 32 58 59 11 9 2 88 51 78 26 36 69 77 20 48 46 29 18 75 27 55 66 67 31 41 49 70 6 57 54 50
101 45 82 86 45 42 76 60 13 33 58 75 34 83 59 1 28 11 29 90 18 24 48 89 49 56 19 32 52 6 61 5 67 81 31 8 4 68 25 54 27 2 9 40 70 44 30
147 46 16 62 11 5 8 24 71 43 13 82 74 25 42 75 64 57 41 37 70 91 51 26 49 68 92 87 10 52 12 46 18 22 21 1 9 77 15 78 36 35 2 29 38 33 83 17
399 48 71 12 61 64 48 68 46 40 43 39 57 24 84 8 87 83 93 14 75 56 9 96 11 51 74 38 86 58 30 1 29 72 77 13 34 37 80 45 85 17 67 50 52 3 59 28 79 27
281 49 45 80 75 13 84 15 77 79 50 30 65 24 38 25 81 96 83 46 26 52 91 72 41 14 42 51 20 44 40 47 8 82 88 67 21 70 85 11 34 12 73 39 49 76 7 22 87 29 36
198 50 37 95 58 6 28 22 30 54 39 52 59 62 98 92 12 24 64 93 4 66 50 47 86 35 48 44 84 83 70 25 36 71 8 23 17 63 15 69 34 40 75 2 3 9 1 46 21 49 20 11
231 51 72 88 6 2 8 32 75 101 89 69 55 42 97 30 64 58 71 66 28 20 7 82 87 74 17 47 93 29 15 31 53 56 86 102 45 99 92 36 24 51 22 67 25 18 65 40 100 50 13 44 68
207 52 97 22 26 72 18 50 35 57 56 100 82 12 6 81 85 54 59 47 20 95 69 80 73 48 94 67 74 17 29 96 87 71 98 41 70 61 15 51 103 38 8 60 14 45 1 44 63 99 62 49 16 3
338 53 91 70 15 69 68 62 101 3 36 49 4 8 57 47 89 61 86 9 76 83 98 13 21 104 19 78 24 6 87 29 58 32 40 39 53 59 97 11 34 77 60 93 90 92 106 99 75 50 103 23 67 38 14
292 54 23 80 44 74 37 11 99 102 27 79 83 55 106 78 48 42 58 2 50 54 4 17 16 19 46 49 40 63 103 52 65 68 10 24 61 36 13 87 30 6 67 96 89 105 22 26 28 38 25 29 56 1 97 75
458 55 21 91 16 46 85 70 36 17 79 31 83 6 86 104 93 1 81 48 38 105 8 4 37 2 72 33 34 29 92 102 3 7 88 51 63 56 84 76 50 43 96 25 19 39 101 13 77 66 14 64 15 32 103 49 28
168 55 103 89 74 99 71 46 31 92 95 77 80 19 101 107 67 97 45 5 14 50 10 48 61 21 13 40 58 109 78 55 98 75 35 54 15 68 76 59 6 3 49 96 110 53 25 12 66 11 44 8 94 73 47 18 28
552 55 57 26 5 108 87 59 16 1 6 13 50 12 48 27 40 52 71 77 36 76 105 72 75 42 107 43 62 68 55 30 78 21 18 32 47 96 89 93 29 94 8 28 44 65 56 104 31 70 63 35 85 102 60 81 51
184 56 27 52 106 41 17 89 101 69 76 8 94 95 54 35 44 73 77 86 21 34 16 68 23 58 24 87 5 66 93 50 104 102 33 67 42 26 65 20 78 80 49 99 81 9 18 79 103 100 70 1 90 110 39 98 2 112
176 56 55 34 42 79 37 39 12 56 98 103 67 15 75 5 97 80 27 66 52 1 73 99 54 16 105 31 85 62 109 96 4 50 43 40 92 68 21 71 93 44 13 48 3 36 94 2 35 41 29 23 26 95 106 33 6 47
260 57 73 8 59 39 98 58 44 64 53 23 105 50 75 86 2 78 70 113 49 48 30 94 36 38 60 42 88 46 72 31 84 100 22 45 114 65 24 82 13 96 74 25 14 90 52 10 85 66 77 68 107 80 20 106 57 108 67
441 61 26 74 101 36 27 9 95 11 5 54 76 89 98 6 88 102 86 14 50 49 48 19 64 91 115 90 33 21 66 100 94 120 81 47 104 42 41 85 38 2 97 71 46 61 113 82 1 112 75 8 65 43 105 35 39 52 106 87 58 44 122
337 61 74 27 106 114 63 23 102 104 71 67 52 101 87 107 39 42 69 43 24 82 97 11 90 13 108 18 20 60 76 10 15 116 5 8 50 31 35 91 53 112 81 79 32 75 1 45 65 61 46 40 21 33 34 117 49 41 73 85 99 100 111
623 62 91 106 55 85 61 16 10 34 31 42 123 9 96 36 27 45 23 37 13 117 118 72 65 109 39 40 75 57 98 44 77 70 88 81 60 79 46 22 29 4 105 71 54 32 90 102 51 80 52 108 113 68 26 97 84 83 93 78 114 30 62 95
307 62 106 96 78 80 55 35 111 24 69 41 48 107 20 99 23 8 45 120 89 110 9 18 93 71 116 90 68 21 122 79 112 63 65 44 36 97 117 118 6 43 52 73 39 84 67 27 59 1 121 103 32 77 124 104 53 3 56 54 94 105 12 74
168 64 85 112 99 57 124 67 108 117 20 18 90 62 103 113 93 76 71 80 87 53 6 73 81 28 44 75 83 14 29 51 114 40 27 82 105 98 126 39 122 106 41 49 4 22 60 43 50 107 78 110 9 55 30 35 86 109 102 2 61 70 115 1 63 120
247 65 20 74 130 26 60 64 56 48 51 87 1 65 95 63 18 88 92 28 76 50 85 40 2 3 113 12 25 61 114 43 117 110 81 33 54 46 31 119 80 84 27 24 71 47 36 82 4 112 69 42 10 104 125 9 77 70 94 62 123 52 122 83 67 16 102
458 65 16 88 94 77 99 125 34 117 126 104 69 47 30 8 35 105 79 93 5 15 39 42 64 33 4 10 123 40 76 36 6 112 121 21 130 95 98 120 63 59 9 28 19 14 12 67 26 18 2 1 20 114 17 82 25 23 43 89 60 56 80 129 101 54 52
384 66 18 132 116 105 96 113 84 112 121 100 36 118 63 3 40 75 1 69 33 39 35 4 19 94 26 129 8 2 58 43 41 55 47 66 14 22 45 125 25 65 73 88 114 9 49 106 59 68 87 24 53 30 81 122 130 90 123 16 37 15 48 92 101 77 120 91
245 66 121 101 95 118 24 67 56 26 70 72 34 16 12 61 47 131 123 100 87 77 90 43 88 80 8 119 35 132 105 40 13 104 93 127 25 76 117 2 58 86 27 85 44 69 28 3 20 83 106 48 113 19 4 107 82 6 75 92 39 11 122 81 94 22 79 21
538 68 80 8 25 84 38 54 70 127 46 73 94 34 130 58 28 135 10 99 112 86 4 32 105 15 111 57 60 83 107 119 98 52 82 113 64 67 85 18 2 120 6 90 35 124 92 51 49 13 96 88 126 132 16 3 39 33 136 59 22 125 78 12 122 102 72 117 89 56
344 69 13 34 118 10 22 28 96 114 67 33 51 65 116 79 20 52 47 23 39 129 126 37 4 134 86 36 97 71 27 78 63 82 31 8 100 113 29 44 18 9 98 21 58 32 2 125 105 45 137 122 55 120 83 81 43 60 72 135 24 127 68 128 19 94 115 74 61 76 89
264 74 60 19 118 63 92 30 66 96 124 68 47 105 121 11 3 44 112 33 70 80 9 76 138 26 77 2 16 144 54 31 87 129 123 122 134 75 51 27 82 14 116 39 91 94 71 135 23 79 56 132 139 117 78 148 107 50 22 108 99 126 57 106 25 147 34 37 61 10 115 21 143 43 125 84
507 74 58 132 143 34 120 14 129 79 144 147 61 99 90 7 18 27 19 86 126 57 123 55 145 29 53 44 54 116 16 12 134 45 121 62 64 66 25 36 15 77 138 2 20 21 52 1 26 127 140 102 24 85 48 68 130 76 17 95 71 141 28 40 43 72 42 49 97 35 74 112 109 78 93 4
262 75 22 77 149 115 41 50 6 17 134 91 103 46 132 68 3 108 12 63 51 25 18 19 47 55 107 119 75 45 10 114 122 15 43 70 131 42 56 21 109 78 117 141 102 94 20 76 13 72 148 69 16 65 9 85 87 130 88 48 62 40 143 113 1 116 8 81 82 89 118 57 129 66 138 24 37
610 75 142 48 143 74 148 23 138 134 95 19 56 132 127 96 107 110 40 54 8 2 101 149 50 28 122 121 42 61 18 102 37 136 13 80 89 124 147 58 112 105 62 63 52 139 140 145 123 68 27 88 141 90 108 137 103 44 49 125 87 35 22 79 128 43 94 33 114 82 51 135 67 21 45 120 47
386 77 84 78 97 51 120 6 53 130 118 40 67 110 31 15 128 147 41 86 18 71 132 99 45 79 74 38 60 92 9 119 32 83 80 73 62 145 26 152 48 47 52 93 134 2 12 21 129 91 33 59 105 3 148 35 109 17 136 89 98 82 42 43 50 55 14 69 87 19 137 117 131 49 68 125 103 81 11
178 77 50 72 25 2 122 70 121 123 111 99 63 92 1 4 107 85 95 5 138 154 21 14 86 39 126 89 130 150 55 53 19 80 119 41 113 10 110 100 40 104 106 32 59 13 93 118 91 48 37 141 47 127 144 74 137 68 36 45 151 143 131 3 81 7 46 90 34 115 114 64 26 97 108 15 124 52 94
215 78 96 9 128 81 144 68 154 100 140 126 55 136 12 64 39 135 48 40 73 21 65 127 121 123 109 77 60 17 112 78 57 110 115 125 146 92 45 141 156 93 152 16 22 122 95 13 10 70 4 107 26 119 118 74 49 105 32 131 27 2 84 61 143 71 37 72 18 83 82 113 23 104 97 116 132 36 103 14
400 79 139 47 32 155 154 55 22 56 110 106 135 57 18 91 80 36 101 108 142 76 130 99 30 34 148 16 132 35 68 19 33 88 86 69 81 97 149 11 7 136 123 100 85 122 58 113 112 125 104 116 118 48 78 98 129 45 38 14 2 133 107 70 24 156 66 72 3 102 157 52 62 141 134 115 6 158 71 111 9
385 79 101 142 38 50 6 5 83 128 124 75 9 57 45 93 106 68 60 17 1 130 21 42 53 4 46 121 129 103 67 131 33 22 16 132 113 47 23 126 154 11 85 110 114 87 116 95 96 25 12 125 147 94 97 107 70 88 3 48 43 84 66 36 82 34 19 76 86 69 143 10 37 89 122 115 20 157 112 26 29
342 79 16 45 19 41 102 81 59 138 80 22 49 119 2 38 40 1 76 83 128 136 68 91 71 28 97 99 132 32 95 133 30 11 108 15 113 74 139 147 77 54 87 118 145 47 96 140 151 135 46 112 8 50 134 56 42 17 122 62 51 58 73 20 18 107 120 23 149 146 110 29 67 9 24 124 72 25 85 125 10
174 80 5 82 133 73 24 111 51 96 14 118 158 123 28 105 39 139 50 135 90 109 126 147 64 146 26 16 56 87 47 151 59 160 4 136 141 121 8 31 140 92 23 85 18 6 83 91 7 60 71 115 107 33 67 55 32 52 110 72 131 79 101 106 1 35 137 86 81 88 38 70 44 156 27 76 104 89 149 36 13 43
615 81 126 127 119 31 84 2 141 116 154 93 160 44 101 63 138 152 43 28 114 88 67 156 80 118 79 133 70 19 124 3 37 110 104 61 33 11 68 27 12 13 144 47 64 75 62 35 139 87 40 8 98 148 81 96 26 50 86 94 20 146 48 83 73 16 142 151 60 131 15 32 69 92 49 115 34 153 102 105 91 65 99
498 82 24 66 96 58 6 102 99 100 1 36 47 41 109 64 78 73 54 138 22 75 92 38 60 18 163 40 33 39 65 129 155 154 69 130 57 74 126 142 80 93 110 106 44 26 5 20 77 81 79 82 85 98 59 7 71 86 83 146 140 127 2 55 144 114 107 63 52 76 34 156 152 141 10 88 133 8 17 3 42 137 157 48
528 85 24 78 155 97 27 126 2 12 4 96 41 68 50 105 158 53 145 160 58 15 135 42 167 6 128 142 91 37 92 18 152 52 123 69 153 23 102 157 124 34 76 86 100 57 89 31 47 59 101 25 119 30 103 156 75 65 130 144 21 83 140 11 146 118 139 149 163 61 56 49 5 108 85 13 122 116 43 115 113 141 132 48 35 33 117
666 87 45 116 164 34 138 129 165 92 12 73 19 141 64 36 169 66 87 99 6 49 16 153 82 70 63 71 28 44 145 119 57 86 59 55 137 167 68 20 130 62 163 107 117 158 30 168 38 15 101 27 78 52 100 131 67 147 42 102 105 123 106 41 121 72 21 109 112 84 155 14 98 103 54 23 152 144 96 156 159 93 161 81 133 18 69 7 11
877 87 121 67 83 166 37 70 80 68 8 28 104 14 116 57 50 152 41 81 153 165 146 61 73 27 48 94 147 87 129 7 111 131 138 96 171 125 114 126 172 79 4 63 78 40 47 33 46 141 135 17 124 43 72 69 149 128 151 32 31 103 3 29 134 99 148 74 108 110 132 155 97 127 58 174 49 71 106 162 160 157 139 133 113 136 52 168 53
449 88 11 15 92 66 56 69 81 120 100 10 168 18 153 151 150 139 173 104 53 33 72 176 171 35 167 136 71 169 138 111 96 145 39 6 93 112 17 117 48 60 14 95 148 7 3 37 28 61 99 124 43 79 34 129 123 140 1 47 16 130 174 156 131 86 87 25 143 170 142 27 50 45 94 20 4 64 8 21 36 162 23 13 154 19 80 68 75 74
399 89 64 172 23 14 9 65 178 125 86 69 153 146 72 130 51 149 38 141 137 84 132 44 24 4 15 85 164 59 11 32 105 151 129 62 122 37 120 121 27 161 123 99 18 93 158 35 94 170 108 134 79 155 167 76 48 22 96 61 175 66 95 83 117 147 41 52 26 12 81 39 116 168 135 148 145 29 107 3 17 124 5 126 128 36 2 133 16 13 28
217 89 121 14 144 107 173 105 147 100 101 106 85 114 142 111 21 124 92 64 43 37 178 78 151 122 54 165 69 16 112 160 13 130 170 89 48 62 118 63 113 20 22 149 79 96 150 46 90 136 70 74 135 8 58 50 65 39 82 47 137 25 61 81 83 66 3 127 172 115 57 126 119 44 91 84 116 10 159 108 68 33 158 164 5 166 169 60 133 32 1
377 91 55 40 165 140 67 7 30 142 113 90 56 133 178 154 139 73 125 32 50 175 155 92 97 64 6 173 162 48 152 181 45 138 112 58 86 12 156 161 52 21 35 153 120 150 157 49 44 130 77 179 95 101 118 70 117 8 158 37 26 1 87 62 103 36 171 34 31 160 180 134 11 127 123 38 94 82 163 84 144 24 46 104 43 172 114 57 145 98 147 60 164
418 92 152 99 70 64 12 58 106 94 22 119 167 141 161 20 56 11 173 127 137 131 72 5 123 130 82 101 45 157 179 43 51 35 155 73 124 59 98 66 142 172 110 181 32 108 33 50 69 7 27 102 148 67 29 171 47 136 112 65 111 156 168 164 4 120 68 44 48 91 144 128 40 10 115 3 178 30 133 74 166 19 53 92 79 121 80 134 109 132 177 55 34 163
876 94 156 93 49 112 183 81 175 188 146 64 92 128 132 172 149 157 79 34 14 36 163 159 104 171 24 122 15 37 13 72 89 59 35 102 12 140 151 169 33 147 170 22 8 179 5 152 67 50 145 47 74 17 1 39 108 55 143 19 46 113 57 166 80 101 91 32 30 138 184 51 158 20 116 41 40 103 62 26 165 6 68 155 87 78 42 126 187 58 10 73 56 54 85 162
151 94 4 26 71 20 46 34 50 143 30 7 69 70 98 6 17 173 57 150 131 68 106 73 166 78 134 136 170 25 149 91 96 54 111 32 185 148 13 167 94 155 141 92 118 113 3 40 181 144 176 15 55 161 1 132 28 36 48 142 41 153 65 124 168 61 72 107 112 16 128 172 88 108 160 14 159 121 137 95 51 75 100 49 39 157 22 8 52 60 19 76 42 10 103 86
229 95 99 21 108 95 173 124 96 5 89 79 131 101 51 27 102 18 88 164 29 188 2 12 1 66 73 11 37 127 168 178 9 176 68 118 183 60 43 166 6 116 97 93 90 125 104 80 143 81 171 28 4 136 26 98 138 147 181 48 163 50 76 85 126 17 70 165 71 55 128 16 36 106 113 54 175 41 72 74 56 64 20 134 33 109 35 40 13 107 86 14 177 52 100 132 32
676 95 109 168 69 115 149 126 15 41 59 186 62 28 107 174 23 64 75 81 121 102 66 156 163 78 134 3 155 135 164 171 125 136 169 71 82 63 95 100 166 47 122 7 152 67 45 129 92 162 118 138 179 167 139 12 5 103 2 17 44 37 142 57 70 60 176 140 9 181 182 91 96 51 16 93 177 46 77 87 188 124 175 42 56 65 6 158 29 113 112 85 173 144 110 84 160
861 99 157 111 115 117 44 59 161 159 131 148 166 87 155 180 35 18 152 195 144 25 41 129 167 197 141 168 28 107 105 12 9 134 90 48 179 112 63 57 98 19 170 133 91 149 156 184 164 174 26 142 151 3 46 78 113 139 109 125 47 49 177 178 123 185 183 20 100 104 84 67 51 175 181 192 75 33 7 169 189 89 60 188 102 50 5 120 96 24 116 145 74 163 88 71 146 38 16 8 119
754 99 22 129 142 179 108 80 114 79 117 196 12 135 55 185 125 5 190 121 56 97 25 127 180 113 57 181 154 186 130 119 166 106 160 172 11 66 146 157 78 58 89 136 131 15 68 49 175 191 167 102 94 104 9 122 67 173 16 45 155 116 7 31 193 13 8 128 110 43 70 153 84 101 158 77 41 4 32 141 61 183 139 76 137 115 21 53 36 105 40 92 10 156 133 126 198 28 75 51 85
150 100 38 72 120 114 189 122 112 46 135 171 134 116 98 87 53 23 68 136 48 74 20 50 85 151 149 138 123 99 169 3 190 19 110 118 31 105 4 141 111 30 182 142 108 25 83 126 39 29 84 188 183 160 94 129 91 81 7 28 181 32 82 163 133 1 95 187 186 2 144 199 106 103 104 176 80 22 75 125 56 5 153 78 159 61 113 96 192 101 195 132 90 178 107 200 194 131 17 10 184 109
293 104 44 114 68 188 56 140 186 179 191 207 117 126 145 129 62 156 196 134 81 180 64 79 13 36 66 118 51 190 208 14 95 59 43 111 201 194 106 160 192 29 4 9 202 1 3 21 23 91 26 185 116 98 164 34 52 16 136 166 39 27 119 138 165 175 83 110 11 101 161 154 99 189 74 19 35 61 108 72 92 86 22 33 105 80 131 50 198 173 102 6 109 170 144 171 90 157 70 12 155 148 15 75 120 8
