int 13 63 19 38 83 44 88 32 15 17 67 24 94 93
bool 14 0 0 1 0 1 1 0 0 0 0 1 0 0 1
int 14 79 89 91 58 57 36 55 54 53 67 97 67 65 91
bool 15 1 1 1 0 1 1 0 0 0 1 0 0 1 0 1
double 16 7.86 6.44 5.77 4.97 7.68 1.73 9.01 9.63 5.75 7.62 3.8 0.09 6.08 2.9 7.77 5.67
char 19 d r q c j s f j c p f t l b o o c g d
double 20 8.12 6.62 3.35 5.79 6.68 1.89 9.8 2.67 1.86 6.8 1.02 5.1 4.73 9.5 8.13 6.75 1.1 7.5 5.7 3.59
double 21 9.81 3.95 0.01 4.85 2.45 3.27 3.48 3.4 8.41 5.52 0.33 3.76 2.71 3.97 4.54 3.82 3.37 1.72 7.84 9.66 3.91
bool 22 1 0 1 0 0 0 1 1 1 1 1 0 0 0 1 1 1 0 0 1 1 1
bool 22 1 1 0 1 1 0 0 1 0 1 0 1 0 1 0 1 1 1 0 0 1 0
bool 22 1 0 0 0 1 0 0 1 1 1 1 0 0 0 1 0 1 0 1 1 1 0
int 24 79 60 97 20 73 39 99 51 26 38 15 54 67 85 12 73 5 75 89 98 15 33 89 52
bool 24 0 0 0 0 0 0 1 0 1 0 0 0 1 0 1 0 1 1 0 0 0 1 1 1
char 25 e n e h p t n g f l s j k j h m o e k n l i e s i
bool 25 0 0 0 1 1 0 1 1 0 0 1 1 1 1 0 0 1 0 1 1 0 1 1 1 1
char 26 m t t j l o e e l e l h b t r p g l l s c n s d d a
bool 27 0 0 1 0 0 1 0 0 0 1 1 0 1 1 0 0 0 0 0 0 1 0 0 0 0 1 1
bool 29 0 0 1 1 0 1 1 0 0 0 0 0 1 0 0 0 0 0 0 1 1 0 1 1 0 1 1 0 1
bool 30 1 0 1 0 1 1 1 1 1 0 0 1 1 0 1 1 1 0 0 0 0 0 1 1 1 0 0 1 0 0
bool 30 1 0 0 0 0 1 0 1 1 0 1 1 0 1 1 0 1 1 1 1 1 0 0 0 1 0 0 1 1 0
int 32 38 80 24 29 49 28 26 8 2 8 85 58 42 64 15 78 19 14 27 55 61 3 61 89 51 27 97 29 11 4 83 86
double 34 2.78 4.97 5.27 6.78 3.68 3.53 6.67 2.35 1.34 8.11 0.87 3.61 8.64 4.95 0.13 6.66 7.81 6.14 6.01 3.47 4.84 2.7 9.45 1.68 8.03 2.78 3.53 6.38 4.22 6.02 5.27 2.8 4.1 2.32
double 34 4.18 7.21 0.95 1.86 1.41 6.21 2.28 4.36 9.93 6.91 7.44 0.78 0.89 0.8 5.82 8.7 5.6 6.61 3.21 2.09 2.99 0.14 7.49 6.51 5.02 5.9 4.45 6.89 6.39 5.23 6.8 2.68 1.92 4.11
char 35 t g e c h i c r o e q h r l m k e r q c q q l j h c q s g l r a c a b
int 35 87 46 66 42 59 58 27 35 82 76 10 25 50 94 23 41 38 4 18 19 14 60 20 87 92 26 45 75 59 51 58 22 18 18 33
double 40 0.55 7.34 3.01 2.96 4.04 5.3 4.24 4.16 7.09 3.9 9.64 5.62 3.14 7.42 6.29 1.21 1.01 4.5 9.78 8.79 8.89 4.02 8.16 7.84 1.9 5.83 5.21 0.04 2.79 5.75 2.85 8.41 7.34 6.4 3.38 4.22 6.51 9.9 8.41 6.01
double 41 3.34 3.63 1.99 1.41 3.84 4.19 9.71 0.77 8.28 0.84 7.75 7.02 0.79 0.4 4.77 2.44 9.58 4.51 2.48 6.77 0.19 3.96 6.43 3.81 5.27 5.83 0.92 9.68 3.51 7.31 5.29 5.92 8.13 1.46 2.33 1.9 4.99 8.99 1.54 8.59 1.51
char 45 b p r b r i j n r i b m n g a o a k s p i p b l s p a o s k b q m p i k p i d h b i i b j
bool 46 0 1 0 0 1 1 0 1 0 1 0 1 0 0 0 1 1 0 0 1 1 1 0 0 0 0 0 0 0 0 1 1 0 1 1 0 0 1 0 0 0 1 0 1 0 1
int 47 31 79 61 38 64 65 51 7 56 45 65 26 98 47 53 24 7 38 18 26 51 98 78 7 71 81 21 3 67 18 58 44 44 38 26 78 97 47 49 79 73 72 11 9 2 48 84
char 48 o h o q e b d o c g k b f d t n n o g c f k a m b i o k e k b m f k k q l d e g r s m f o t q g
double 51 7.67 0.59 3.02 4.27 8.43 6.85 7.77 6.5 3.75 0.26 0.88 9.76 5.41 0.45 5.42 7.43 8.77 0.71 7.02 5.71 5.11 4.28 3.47 1.15 4.31 5.85 8.03 0.93 0.5 5.91 3.64 6.36 9.15 7.26 5.6 2.61 8.37 8.43 4.14 5.38 7.85 4.49 8.05 6.85 6.01 4.74 6.74 2.66 8.19 2.59 9.78
bool 51 1 1 1 0 0 0 0 1 1 1 0 1 0 1 1 1 1 0 0 1 1 0 0 1 0 0 0 0 1 1 0 0 0 0 1 0 0 0 0 1 1 1 0 1 0 0 1 0 1 0 0
char 52 h l s c s n s t i n r i f m l k a l n p o p o e s i a g i r p g g f a r d s r f o d f k b j o c g h a g
char 52 p d q p j h f e f k i m g o t b g i t s s h c c p e c s i k c c d s f o j j m f p d r e k k s o h l l t
int 53 50 60 82 38 78 83 12 55 51 75 58 37 52 27 23 57 20 1 34 79 91 43 55 21 77 25 78 43 29 60 89 90 70 29 30 1 35 17 98 6 99 95 10 85 55 28 40 61 56 13 98 84 89
int 54 62 61 50 93 86 76 7 19 69 20 8 69 76 30 59 94 77 49 67 18 97 48 52 99 40 24 97 95 72 31 63 13 94 28 48 15 27 71 68 92 86 42 33 46 43 37 10 86 29 6 70 11 81 24
char 54 k j s l o s s r q j r i b o n g c t t q n m e s r t o i p j p c b e m k s m m o t r b j c c b o b a k s k b
int 57 91 70 73 94 29 38 84 85 6 93 68 15 89 72 29 77 27 89 97 70 71 19 66 14 54 28 83 27 74 47 90 20 9 62 2 88 28 32 30 7 9 20 57 93 58 43 5 25 98 74 95 63 64 2 6 64 9
double 57 1.83 7.02 4.8 4.41 3.49 9.45 4.2 4.2 2.9 8.15 5.53 9.52 1.2 7.76 7.72 8.82 0.57 7.44 6.87 7.42 3.33 2.2 8.84 1.45 7.44 4.67 7.27 4.58 0.24 7.79 6.52 1.85 6.12 5.85 1.96 3.44 6.37 0.91 3.96 7.86 6.79 9.15 0.84 7.91 4.09 8.99 3.19 9.53 5.06 5.77 6.07 8.41 0.84 3.36 6.76 0.47 4.08
bool 58 0 0 0 0 1 1 1 0 1 0 0 1 0 0 1 1 1 0 1 0 1 1 0 1 1 1 1 0 0 1 1 0 0 1 0 1 0 1 1 0 1 1 0 0 0 1 0 0 0 1 0 0 1 0 0 0 1 0
int 60 66 29 19 3 60 15 58 32 41 79 55 36 81 80 23 18 18 49 60 68 45 63 24 99 51 60 78 24 6 45 9 28 18 43 55 81 37 65 20 20 87 67 62 24 24 94 54 26 72 12 68 91 14 67 31 15 35 52 12 84
bool 60 1 1 0 1 1 0 0 1 0 1 1 1 1 1 0 1 0 0 0 1 1 1 0 0 1 0 0 0 1 1 1 1 0 0 1 0 1 1 1 1 1 1 1 1 0 1 0 0 1 0 1 0 0 0 1 1 1 1 1 1
int 61 18 9 54 71 54 25 13 73 92 72 12 75 88 23 52 28 76 28 23 70 61 97 68 45 29 51 26 38 71 16 21 62 20 35 7 14 12 61 78 64 32 64 55 33 16 34 5 89 70 98 33 87 25 30 9 16 82 56 98 36 42
bool 62 1 1 1 0 0 1 0 1 1 0 1 1 1 0 1 1 0 1 0 0 0 1 1 0 1 1 1 0 1 0 0 1 1 0 0 1 0 0 0 0 1 1 0 0 1 1 1 0 1 1 1 1 1 0 0 0 0 1 1 0 1 0
int 62 48 73 95 11 98 7 8 44 61 49 34 72 73 77 76 17 6 4 71 87 15 1 42 23 90 51 4 56 28 34 98 55 39 49 62 33 63 81 36 24 13 93 86 69 93 87 23 42 94 96 75 8 39 76 15 35 40 94 44 78 96 43
char 64 f b q c k o f e o p j s n n l s m q m q m a t t p s o e k s l h m r r d k p o d c h m n d o p l m f i p q s b r i a e k a e f b
char 65 d t j t t k c p b d t q o p g f f g j m d r k k m a i p m f s q h i q l t p j n f p e t b i r d t b k m a a r f p e j t f e b j l
int 66 87 59 44 99 1 99 74 96 4 74 82 53 97 92 78 98 12 76 81 7 72 10 89 14 7 5 59 61 94 81 94 44 2 79 90 81 13 18 31 47 43 13 54 24 13 94 17 4 9 55 72 1 5 6 62 67 34 24 97 30 6 29 62 70 93 52
double 67 7.29 9.81 5.52 1.85 2.53 8.23 1.93 3.6 8.71 5.61 2.04 5.38 2.56 2.5 7.42 9.14 8.1 7.39 0.21 4.91 0.58 7.82 4.65 8.73 6.64 2.78 3.41 4.31 5.69 6.01 5.09 4.44 8.56 8.38 5.12 6.93 8.01 0.09 8.22 4.8 6.54 5.09 6.03 7.15 0.34 0.91 0.25 9.14 0.78 3.58 3.9 4.68 1.46 2.63 8.54 3.54 6.05 0.13 7.07 9.16 0.13 4.37 7.08 2.32 2.18 1.43 9.13
bool 71 0 1 0 0 0 1 1 1 0 1 1 0 0 0 0 0 1 0 1 1 0 1 0 1 0 1 0 0 1 0 0 1 1 1 1 0 1 0 1 1 0 1 0 0 1 1 1 0 1 0 0 0 1 1 1 1 1 0 0 1 1 1 1 1 1 0 0 1 1 0 1
double 72 5.79 7.8 0.86 8.23 6.76 6.19 9.23 6.36 1.02 7.14 9.88 9.31 0.93 6.3 6.3 4.65 3.15 2.57 0.52 8.77 3.77 6.65 5.4 4.57 6.33 3.42 2.86 0.25 4.99 3.3 4.85 6.6 8.9 8.53 8.91 7.75 3.03 3.64 4.13 7.72 0.37 2.46 1.92 2.48 6.33 8.37 0.23 8.3 5.47 7.46 2.03 9.52 2.5 4.64 5.36 1.4 1.9 3.37 7.68 9.08 9.42 1.61 1.41 1.89 4.06 7.52 2.5 3.7 1.69 3.49 1.3 0.85
int 74 16 7 89 18 95 53 2 22 28 18 28 34 80 61 60 23 68 76 60 49 16 89 59 16 90 26 17 17 84 33 20 95 29 24 18 70 61 7 52 53 63 94 75 71 86 73 52 7 83 53 5 5 53 95 6 72 98 71 22 19 1 40 50 32 49 8 29 1 22 45 16 52 58 52
double 75 2.91 2.34 1.83 5.67 9.88 5.03 2.35 8.85 4.98 4.71 2.85 6.74 7.72 2.8 4.49 3.62 2.16 8.17 5.66 5.66 3.6 6.28 9.16 5.49 2.92 8.96 7.45 6.53 2.22 7.36 1.38 7.95 0.27 1.54 8.02 9.48 5.26 9.81 9.16 9.81 8.07 0.88 9.44 1.9 0.18 5.29 8.99 8.98 4.4 4.46 0.97 8.9 5.77 9.84 2.22 0.6 8.53 1.38 2.09 0.21 9.7 9.24 8.71 6.05 5.5 0.74 5.49 2.28 7.4 5.77 3.38 9.63 1.66 6.23 1.89
bool 76 0 1 0 0 1 0 0 1 0 0 0 0 1 0 1 0 0 0 0 0 1 0 0 1 1 1 1 1 0 0 1 1 0 0 1 1 0 0 1 0 1 1 1 1 1 0 0 0 1 1 0 1 0 0 0 1 0 1 0 1 0 0 1 1 1 1 1 0 0 0 0 1 0 0 1 1
bool 76 0 1 0 1 0 0 1 0 0 0 1 0 1 1 0 0 1 0 0 1 1 0 0 0 0 0 1 0 1 0 1 1 0 1 0 1 1 0 0 1 1 0 1 0 1 1 1 0 0 0 1 0 1 0 1 1 1 0 0 1 0 0 1 0 1 0 0 1 1 0 0 0 0 1 0 1
int 76 64 38 91 73 41 29 30 11 99 26 55 10 99 43 39 58 70 9 26 7 11 57 34 66 83 24 67 74 66 85 23 10 27 36 70 45 91 22 75 42 13 96 16 42 19 56 15 86 53 38 76 7 31 22 18 16 32 57 32 22 52 88 84 83 40 58 17 90 69 52 71 82 49 31 23 30
double 76 8.28 1.63 4.89 1.73 2.37 9.91 8.79 4.23 5.26 2.04 5.65 7.73 8.16 5.87 5.83 3.77 1.51 7.31 9.07 7.51 6 1.67 3.53 2.59 0.19 6.33 4.78 0.44 2.86 5.36 2.92 9.54 1.77 7.34 3.87 9.04 2.29 9.3 0.81 6.94 2.2 8.87 5.55 0.9 3.67 4.05 4.78 1.59 4.76 7.52 8.64 2.71 8.76 4.41 9.33 4.27 3.34 1.19 0.15 0.77 2.88 5.05 5.42 7.16 7.74 1.08 7.94 2.58 1.73 7.72 1.82 5.17 3.83 2.62 1.83 5.76
bool 77 1 1 1 0 0 1 1 0 1 0 1 0 0 1 1 0 0 0 0 0 0 0 1 0 0 0 0 0 1 0 1 0 1 1 1 0 1 0 0 0 1 0 0 0 0 1 1 1 0 1 0 0 0 1 0 1 1 0 0 1 1 0 0 0 0 0 1 1 1 1 0 0 1 1 0 0 0
char 77 m a t g h t o d h f f t k f s g m m a e d d i r f n f g n l t e t p n p l e t n p n r q e d h d a t l h o k o r p i s q a g r k c n i b q r r a q l n t e
int 77 47 39 14 94 94 3 52 70 6 96 23 13 11 13 89 67 28 75 14 1 39 22 30 48 59 8 48 63 95 97 86 85 81 39 23 85 98 69 37 40 42 26 15 76 25 70 62 84 40 9 16 73 81 83 3 85 72 72 12 16 58 64 26 83 36 59 58 53 98 17 58 34 72 77 83 17 97
bool 77 0 0 0 1 0 0 0 0 1 1 0 1 1 0 1 0 1 0 0 0 0 0 1 0 0 0 0 1 0 1 0 1 1 1 0 0 1 1 0 0 0 0 0 0 1 1 1 1 0 1 1 0 0 1 0 0 1 0 0 0 1 1 1 1 1 0 1 1 1 1 1 1 0 1 0 1 1
char 77 f m i l e c t n t g g q m d h d i a n j k t k a s d o n t q j d r e g n k k l l m m q c f p f j t l s f k p j j b b q c e t g p i f s f f e d c j m q r b
double 78 9.81 1.42 8.91 5.42 1.64 3.86 6.4 4.15 7.41 1.24 5.81 1.35 8.41 2.62 9.45 3.44 8.91 8.87 2.72 5.07 6.94 6.84 8.39 9.16 9.9 5.87 0.37 2.55 2.39 2.94 6.33 7.62 5.07 2.22 0.01 2.33 6.57 9.43 7.27 1.63 4.37 9.15 4.45 1.08 7.73 9.37 2.79 0.82 6.98 6.87 8.29 8.13 9.49 0.45 4.93 8.12 5.6 6.3 2.55 8.74 7.81 0.77 7.8 3.87 1.74 4.3 0.04 0.19 7.59 4 7.3 9.45 5.64 3.09 8.26 8.61 0.99 3.4
char 79 r s g n e i e j b m h o l i q h c g m t l c k c q n e h i m k o d k g o r k s d b a j s h a k p s f q l r h s i p a t h b d l k m p l d e d k s l i p h b i s
double 80 7.24 7.13 5 9.3 7.01 7.78 0.76 7.78 1.26 5.13 7.38 9.59 5.94 3.98 9.29 7.47 3.81 6.46 0.6 2.19 3.45 4.68 4.85 6.75 2.26 4.92 2.78 2.27 6.18 0.6 1.31 0.62 9.36 4.05 1.65 1.57 8.63 5.81 5.1 8.77 9.29 6.6 6.97 3.11 9.74 1.21 3.46 4.98 2.71 7.44 7.06 7.88 0.57 0.97 4.57 5.63 9.84 8.27 5.66 4.1 6.36 4.32 4.01 3.36 3.98 5.3 2.11 1.99 2.39 0.78 4.6 5.85 7.11 0.89 6.73 2.45 7.62 7.34 1.56 0.89
double 80 0.34 1.99 4.37 7.05 7.09 8.19 2 7.65 0.69 8.88 7.58 3.65 0.27 3.39 6.28 8.58 2.79 2.12 8.14 9.15 4.5 1.72 7.93 5.8 6.71 7.58 3.94 1.72 1.94 3.88 4.78 0.84 6.82 4.82 5.39 2.96 7.56 0.91 4.35 3.16 9.6 9.43 1.42 4.41 3.37 8.82 8.14 0.34 9.59 2.54 7.93 2.84 6.07 0.13 5.32 3.07 7.9 1.35 4.88 3.05 5.34 3.46 4.51 8.72 2.21 9.28 3.93 1.16 8.08 3.8 7.16 2.42 3.61 0.12 4.37 6.58 9.88 6.64 7.23 6.59
bool 82 1 0 1 0 0 0 0 1 0 0 0 0 1 1 1 1 0 0 1 1 0 0 1 1 0 1 0 0 0 1 1 1 1 0 1 1 1 0 1 0 0 1 1 1 0 0 1 1 1 0 0 0 1 1 0 0 0 1 0 0 0 1 1 0 1 0 1 0 0 1 1 1 1 1 0 0 0 0 1 0 0 0
char 83 h s q j r g o h b k k k f s a j o h n a k m g e c h t p q n q a h l a l r n l h d h j r s t p q k c p e p t q p b m p p l c f i i t c b s g h s i h i a o e t c g m c
bool 84 1 1 0 0 1 1 0 0 1 1 0 0 1 1 0 1 0 1 1 1 0 1 1 0 1 0 1 0 0 1 0 0 0 1 1 1 0 0 0 1 1 0 0 1 1 0 1 1 0 1 1 0 0 0 0 1 1 1 1 1 1 0 0 0 1 0 0 0 0 0 0 0 0 1 0 0 1 1 0 1 1 1 1 1
double 87 1.55 2.28 9.3 2.23 2.14 7.68 4.32 7.85 7.25 2.2 1.01 6.74 5 6.97 9.7 1.27 4.43 9 0.17 2.98 2.82 6.13 7.9 9.43 2.73 4.3 2.86 1.99 4.89 7.15 4.67 2.54 9.69 0.44 4.38 7.82 6.62 5.66 0.49 2.85 4.99 8.62 6.82 3.59 9.01 5.21 6.27 0.67 1.32 8.2 8.18 9.8 6.13 8.93 4.98 9.64 5.66 7.26 3.17 1.57 0.26 7.47 6.77 4.24 6.02 7.6 7.91 5.64 4.78 8.66 8.22 2.18 9.98 2.73 6.43 5.6 9.51 0.31 6.92 8.28 7.38 9.29 5.11 1.02 3.25 2.33 8.33
bool 88 0 0 0 1 1 0 1 0 0 0 1 1 1 0 1 1 1 0 1 0 0 0 1 0 0 1 0 1 0 0 1 1 0 0 1 0 1 1 1 1 1 0 1 0 0 1 1 0 1 0 1 1 0 0 1 0 1 0 0 1 1 0 1 0 0 0 1 0 1 0 1 0 0 0 0 1 0 0 0 0 0 1 1 1 1 1 1 0
double 88 2.57 6.23 3.91 6.98 1.03 8.04 1.52 9.44 9.23 1.11 0.86 3.66 1.88 7.54 6.06 7.4 2.6 5.87 4.55 4.29 2 2.33 0.4 8.86 1.97 3.69 4.77 3.24 0.17 4 0.56 7.03 7.67 3.02 7.67 0.59 9.02 3.11 3.22 4.78 9.32 3.57 7.44 4.74 1.7 0.57 7.99 1.85 9.76 0.81 1.75 4.49 2.27 1.43 7.19 7.42 4.56 4.8 0.8 6.63 7.51 8.91 2.21 6.8 2.42 0.8 7.05 0.37 1.68 6.36 1.47 9.5 6.58 1.61 7.9 9.84 5.22 4.12 9.46 7.44 9.01 7.99 7.16 1.29 6.71 9.37 1.38 0.28
double 89 7.72 1.38 7.16 8 5.93 6.68 0.66 4.97 1.22 7.15 1.96 8.55 3.4 3.94 8.98 4.55 1.54 3.25 0.93 1.54 0.52 1.69 1.03 3.9 1.25 1.8 3.1 8.4 6.41 1.99 2.62 4.65 8.47 9.54 0.77 6.72 8.38 4.41 9.2 6.48 8.35 3.28 9.07 3.76 3.9 5.7 6.54 6.63 1.49 9.91 9.75 9.49 2.23 2.21 9.55 5.15 3.44 8.8 8.18 4.15 0.21 7.28 5.41 1.68 3.45 1.21 8.07 5.7 9.72 7.68 9.38 3.09 6.68 2.79 7.25 0.65 1.03 3.99 5.17 0.95 5.44 1.22 6.4 1.91 3.2 4.37 4.18 2.12 2.6
char 89 o q b f s p o i m g h k j m b c g j k r g d s q c g q f p s m a n c p b c j g c b p o r o f k p f q e f s b t o p b h p k m n g p p o t t o f h h k o e r j h t f b f p i b s h t
int 90 82 10 73 70 34 18 91 13 45 67 7 55 68 55 87 54 44 68 57 45 59 43 78 97 91 90 47 75 91 40 58 91 31 90 32 14 58 37 5 6 26 92 39 51 87 14 35 79 87 29 91 21 72 1 49 9 63 79 38 80 11 58 14 55 42 87 99 56 81 31 57 8 63 34 87 54 55 68 9 73 57 50 77 35 9 10 29 51 72 24
int 90 48 88 10 5 72 64 97 74 85 89 57 37 24 38 25 55 13 1 59 11 99 86 66 58 37 67 89 75 35 27 1 92 12 53 74 74 21 36 45 12 85 61 27 26 11 67 50 65 27 15 62 83 60 22 48 75 21 88 56 8 90 51 28 83 6 14 23 52 39 43 73 23 61 84 58 93 1 77 75 76 29 11 84 57 95 24 51 79 19 82
int 91 10 45 42 4 11 44 18 70 21 88 43 15 19 23 72 18 56 6 11 65 11 97 26 92 94 30 96 77 84 14 73 19 34 69 55 48 7 53 66 46 27 74 95 57 65 60 25 34 80 36 2 43 27 64 96 67 17 31 59 39 67 72 76 85 99 99 8 8 92 72 27 61 90 80 65 27 49 41 61 41 34 10 84 67 11 11 73 17 61 54 89
bool 91 1 1 1 0 0 1 0 1 1 0 0 0 1 1 1 0 0 1 1 1 1 0 1 1 1 1 0 0 1 0 1 1 1 1 1 1 1 0 0 1 1 0 1 0 0 1 1 1 1 0 1 0 0 0 1 1 0 0 1 0 1 1 1 0 1 0 0 0 0 0 0 1 1 0 0 0 1 1 0 0 1 1 1 1 1 1 1 1 0 1 1
bool 91 1 0 0 1 0 1 0 0 0 1 1 1 0 1 0 0 0 1 1 1 1 1 0 0 1 1 0 1 0 1 1 1 1 1 1 1 0 1 0 0 1 0 0 0 0 1 0 1 1 1 1 1 1 0 1 1 0 0 1 1 1 0 0 1 0 0 0 1 0 1 1 1 0 1 0 0 0 0 0 1 0 0 0 0 0 1 0 1 1 1 0
bool 94 0 1 0 0 0 0 1 1 1 1 1 0 0 0 1 1 0 0 1 1 1 0 0 1 1 0 1 0 1 1 0 1 1 1 0 1 1 1 1 0 1 1 1 1 1 0 1 1 0 0 0 1 0 0 0 1 0 0 1 1 1 1 1 0 0 1 1 0 1 0 0 1 0 0 1 1 0 1 0 1 1 1 1 1 1 0 1 0 0 1 1 1 0 1
bool 96 0 1 0 0 1 1 0 1 0 1 1 1 0 1 1 0 0 0 1 1 1 1 0 0 0 0 0 1 1 0 0 0 0 1 1 0 1 0 0 0 0 0 0 0 0 1 1 1 0 1 0 1 1 1 1 0 0 1 1 0 0 0 1 0 0 1 1 0 0 1 1 0 1 0 0 0 1 1 1 0 1 0 1 0 1 0 1 1 1 0 0 0 1 0 0 1
char 96 b p o l q p c n c e r o p l p m c e c a f i l e r f i b m m t d p g r h e e h o l g g t s a a l a k t l k n n e j j p d h d a e a f c e m f t l k h t f h p g d o c t r l p n r k i p d l s p r
double 96 3.67 5.33 1.72 3.81 9.45 9.79 3.94 9.95 5.23 1.24 9.76 4.5 1.02 3.4 1.52 9.72 1.13 7.04 8.65 7.83 7.36 4.72 1.52 3.6 2.31 6.51 8.09 6.4 6.4 1.75 2.75 6.51 8.49 5.33 8.85 7.09 6.26 5.32 5.42 0.07 9.1 4.71 8.62 4.64 0.13 6.17 5.68 4.43 9.43 6.8 5.67 0.15 1.84 2.77 4.85 2.15 1.21 7.32 1.68 2.77 4.23 4.94 7.4 1.32 3.08 5.13 4.61 1.03 3.54 7.49 6.3 4.55 3.68 2.99 4.95 2.57 2.8 6.13 3.47 5.13 2.5 4.61 3.49 4.1 9.18 3.87 9.01 4.65 8.52 7.56 6.66 7.04 3.02 1.79 3.19 9.81
bool 97 1 1 1 1 1 0 0 1 1 1 1 0 1 0 1 0 0 1 1 1 0 1 0 0 0 0 1 0 1 1 1 1 1 0 1 0 1 0 0 0 1 1 1 1 1 0 1 0 1 0 1 0 1 0 1 0 0 0 0 1 0 0 1 0 0 0 0 1 1 1 0 0 0 1 0 1 1 1 0 0 1 1 0 1 1 0 0 0 0 0 1 1 0 1 0 1 1
double 98 6.02 3.95 8.19 4.28 3.85 6.34 0.02 6.57 7.2 5.97 1.82 2.77 1.25 5.03 0.02 1.91 0.87 5.11 3.06 3.93 7.16 7.66 0.84 6.99 6.62 7.13 4.82 1.53 9.63 2.41 7.8 2.21 8.52 6.28 4.92 3.84 7.39 4.3 1.37 0.88 4.4 0.96 4.7 8.9 4.91 8.99 9.72 6.26 3.33 5.21 9.53 7.88 2.25 7.27 8.82 8.12 5.39 9.76 3.86 6.89 9.87 2.62 4.29 0.49 7.54 3.42 7.46 7.54 9.89 1.05 8.94 6.74 4.34 5.73 3.44 2.89 2.45 8.93 9.29 3.49 7.07 8.03 8.1 7.3 2.51 5.39 8.34 3.35 3.6 0.06 6.7 0.47 9.24 9.8 5.1 1.97 0.88 6.87
bool 98 1 1 1 0 1 1 0 0 0 0 0 1 0 0 1 1 0 1 0 0 1 0 0 1 1 1 1 1 0 1 1 1 1 0 0 1 1 1 0 1 0 0 1 0 0 0 1 0 1 1 1 1 1 1 0 0 0 0 0 0 0 1 1 1 1 0 0 0 1 0 0 1 1 1 1 1 0 1 0 1 0 0 0 1 1 1 1 0 0 1 0 1 0 1 1 0 1 1
char 98 n c f k f a m h b i i k g d p s b e t r f r i n k i l a s t m m g o m s b b n n p t p g e d f m o g n n q n a g f e f t b t b k q r k p e b o p d o g a a o f b q b t j h l b g s t d r f f s l f m
double 99 6.15 4.69 8.94 9.08 2.34 2.22 0.6 5.69 6.4 4.6 7.63 9.93 5.44 3.04 9.4 5.95 0.05 0.97 9.84 6.42 0.62 5.53 2.53 4.04 5.11 4.38 2.77 1.3 0.27 6.93 6.39 9.25 5.62 8.23 0.83 3.03 6.3 3.07 3.73 7.53 5.95 8.6 8.7 1.35 6.06 8.11 9.04 5.59 0.39 6.12 6.07 9.41 9.6 8.9 8.13 4.33 0.69 1.73 2.77 2.18 9.22 6.34 3.19 8.42 6.21 4.01 2.33 5.68 6.68 5.49 5.99 2.18 7.41 1.28 1.1 6.14 6.37 6.32 0.46 1.92 2.94 2.67 4.6 8.62 8.18 7.08 9.67 9.85 3.03 4.11 2.66 9.88 9.93 7.2 4.71 9.9 6.96 9.49 4.43
bool 100 0 1 0 1 1 0 0 0 1 1 1 1 0 0 0 1 1 1 0 0 0 0 0 0 1 0 1 1 1 1 0 0 1 1 0 1 0 0 0 0 1 0 1 0 0 1 1 1 0 0 1 0 1 0 1 0 0 1 1 1 0 0 0 1 0 0 0 0 0 1 0 0 1 1 0 0 1 0 0 0 1 1 1 0 0 1 1 1 0 1 1 0 0 1 0 1 0 1 0 1
char 101 r h r r m o g d t l d g c k f b o t b f b g m d n a p f p m e m m m g q o l e e e k d i a c q s q n t l k m c h r a q m q c m e d p a e d r c f s j h l d t k b h n d o d p m j e b a l k e r h m j g a p
int 102 84 94 37 83 7 31 52 59 26 76 24 67 81 15 90 92 8 22 19 31 23 47 65 52 72 24 19 87 8 27 70 27 77 50 38 46 42 26 6 50 46 52 62 2 91 48 82 48 39 50 30 2 47 53 85 66 98 74 59 85 85 24 18 27 21 20 7 35 72 70 36 90 25 31 77 88 16 86 59 32 54 25 56 66 88 78 12 74 36 58 57 62 67 48 86 17 78 26 11 89 65 78
char 102 a o i n d h o a q t d l c d l f a m s o f b t t b j e o d p k s d c n j j l c h h g l o a p s h c g k c r c d m m s t q s c c k o s f r q k i o h n c r c f d l p f g l p b q o q s g a c h g r n c j a h f
double 103 8.97 1.08 9.91 5.84 9.38 1.03 1.23 5.78 7.87 0.5 4.45 1.43 9.04 5.53 0.25 8.74 7.98 5.28 3.9 7.58 5.6 7.87 4.48 6.47 2.15 2.84 6.18 9.79 9.06 2.99 6.29 4.57 9.08 2.89 0.5 2.18 3.18 4.95 9.28 1.1 7.85 9.39 3.7 2.12 5.29 5.89 9.37 6.77 7.27 2.11 4.24 8.08 5.07 4.79 9.25 7.04 7.49 2.97 3.98 7.64 4.55 5.43 0.47 5.55 3.03 6.5 3.82 6.21 8.22 8.58 1.03 3.86 0.03 4.39 4.74 3.63 8.98 5.86 1.47 6.54 5.53 2.6 6.97 3.98 6.48 4.16 6.28 4.89 5.21 1.57 1.77 0.25 6.07 6.07 4.59 8.29 4.7 2.55 9.23 9.48 8.64 3.41 1.97
double 103 2.72 0.55 8.45 4.75 6.65 3.39 5.38 7.03 0.82 1.91 7.71 8.98 6.28 9.87 9.23 3.96 0.17 6.42 7.71 3.9 0.1 5.01 9.53 3.8 4.72 0.29 2.72 5.09 2.91 4 5.08 3.84 8.4 3.07 6.73 8.85 2.3 3.29 1.08 7.63 6.28 8.32 4.85 1.54 1.12 9.98 0.51 1.26 4.84 5.01 6.5 1.88 4.85 3.52 5.29 8.71 3.18 0.23 7.27 3.81 3.87 7.52 5.08 6.95 9.5 9.22 8.71 3.04 7.95 7.56 0.31 8.84 4.18 0.81 8 1.63 5.76 3.86 4.11 8.57 0.15 4.46 0.68 3.17 6.24 4.52 3.88 8.78 0.11 4.88 0.05 2.09 9.98 0.17 8.87 7.3 0.3 7.62 2.28 0.86 8.32 4.37 0.66
int 103 19 50 59 48 32 30 26 48 71 69 1 36 31 31 53 92 48 10 70 11 38 24 19 54 39 77 5 12 26 16 45 22 76 63 86 44 43 23 95 99 6 80 72 72 11 59 5 72 42 43 25 23 42 12 58 56 25 70 48 13 62 27 65 38 51 27 65 41 20 34 4 27 51 68 74 11 42 24 75 51 43 30 69 32 87 59 48 16 40 85 61 34 97 52 2 78 22 91 43 66 54 67 16
int 104 51 31 54 83 23 56 10 81 90 76 69 45 62 50 82 29 59 31 85 72 6 44 12 6 57 53 52 31 85 35 46 51 67 3 83 76 41 24 41 92 40 45 77 14 95 69 54 76 6 22 41 64 76 18 5 18 44 36 15 78 4 96 14 38 8 2 85 30 40 13 79 20 70 35 43 6 65 69 20 68 26 92 36 95 54 92 48 53 51 7 77 99 2 15 28 46 35 13 23 73 99 99 26 48
int 105 21 81 87 45 99 24 76 8 97 69 79 64 16 33 44 17 87 36 94 5 1 50 75 81 26 19 5 92 74 48 63 67 88 83 22 39 65 77 1 33 3 23 23 80 57 47 93 54 77 39 7 92 52 26 86 27 5 33 84 83 74 93 97 80 24 58 51 68 94 46 18 26 96 21 33 66 45 38 41 89 36 89 17 54 21 68 58 91 94 70 20 70 71 42 55 23 76 88 87 73 84 87 62 3 76
int 105 76 84 34 70 38 65 33 33 76 47 89 36 79 15 99 78 70 47 10 99 48 39 68 53 76 85 38 64 33 33 43 64 50 5 17 79 28 93 54 39 27 10 95 69 27 41 16 9 57 23 85 45 46 26 63 50 12 88 25 35 65 25 87 77 47 56 59 3 12 41 47 95 83 53 94 65 9 65 56 50 6 65 49 16 10 23 89 9 87 10 56 72 43 91 78 16 48 8 71 89 71 63 36 18 41
bool 105 0 1 1 0 0 0 1 0 0 0 0 0 1 1 0 1 1 0 0 1 1 1 0 0 0 0 1 0 0 0 1 0 0 1 1 0 0 0 1 1 0 1 1 1 0 1 0 1 1 1 1 1 1 1 0 1 0 0 1 0 0 1 0 1 0 0 1 0 1 1 1 1 1 1 1 0 1 0 0 1 1 1 1 0 1 1 0 1 0 1 0 1 0 0 0 0 0 0 0 0 0 0 1 1 0
