bool 10 (0 1 0) (0 0 0) (1 0 0) (1 1 1) (0 1 1) (0 1 0) (1 0 0) (0 1 1) (0 0 0) (1 1 0)
int 10 (52 52 6) (70 69 73) (10 1 15) (22 29 51) (5 39 13) (35 41 83) (65 88 4) (31 40 9) (96 24 16) (31 16 45)
bool 12 (1 1 1) (0 1 1) (0 0 0) (1 0 0) (1 0 1) (1 0 1) (1 1 0) (1 1 0) (0 0 1) (1 0 1) (1 1 0) (0 1 1)
char 12 (o t h) (r c k) (t k r) (b q a) (t m t) (q k m) (i o e) (s k b) (p b l) (b f b) (r k i) (f n r)
double 12 (0.04 8.27 1.62) (9.24 5.96 3.77) (7.19 1.32 1.21) (9.52 3.94 0.63) (2.81 8.62 0.65) (7.88 9.09 7.32) (9.58 4.37 0.63) (1.78 6.07 9.92) (7.32 3.32 1.49) (1.62 9.21 3.04) (3.92 6.33 5.64) (7.12 1.95 4.2)
bool 12 (0 0 0) (0 1 1) (1 0 0) (1 0 1) (0 1 1) (0 1 1) (0 0 0) (1 0 0) (0 0 0) (1 1 1) (0 0 1) (1 1 0)
int 13 (53 48 94) (49 92 2) (20 18 51) (4 56 29) (34 8 13) (55 85 72) (51 19 99) (65 42 17) (34 72 19) (20 88 13) (46 7 49) (26 83 65) (61 97 72)
char 14 (c l l) (l c n) (n k a) (e p h) (k b s) (g n a) (t q c) (s o g) (g m p) (b r b) (s o a) (r h l) (c m r) (e r f)
int 14 (64 72 20) (37 32 33) (87 63 6) (12 35 64) (91 66 94) (99 48 34) (15 83 71) (12 15 79) (7 92 71) (67 65 29) (54 87 83) (50 99 87) (31 65 3) (41 92 32)
bool 16 (0 0 1) (1 1 0) (1 0 1) (0 0 1) (1 1 1) (0 1 1) (1 1 1) (1 1 0) (1 0 1) (1 1 1) (0 0 0) (1 0 0) (0 0 1) (1 0 0) (0 0 0) (1 0 1)
double 17 (3.52 8.99 7.42) (5.48 5.22 3.71) (7.73 9 3.55) (3.13 3.35 0.57) (1.91 0.86 8.82) (3.3 2.75 3.85) (4.43 6.96 5.75) (7.92 9.8 7.81) (2.68 1.22 5.01) (6.35 8.44 1.28) (6.06 2.52 3.16) (2.69 1.86 9.9) (7.15 3.45 6.96) (0.5 0.3 7.65) (0.62 6.85 0.48) (7.93 4.05 4.02) (3.11 1.23 5.36)
int 18 (40 23 60) (96 3 87) (75 17 38) (39 17 59) (70 43 86) (80 93 57) (45 95 20) (49 22 36) (82 33 72) (12 43 5) (90 11 86) (63 68 85) (62 77 79) (31 9 75) (56 34 58) (43 59 79) (10 45 80) (29 74 87)
double 19 (0.86 0.85 9.79) (1.76 4.66 0.84) (3.19 0.64 9.35) (7 3.52 0.71) (0.41 3.02 3.89) (7.71 2.47 2.48) (5.91 4.5 9.4) (4.85 4.48 6.39) (3.32 7.54 5.44) (1.36 9.61 0.73) (6.49 3.46 0.13) (0.95 1.05 1.59) (9.03 8.56 9.91) (7.67 7.39 1.68) (3.93 6.14 5.82) (6.24 8.72 7.43) (1.65 4.93 6.77) (3.6 2.4 1.72) (8.62 3.09 0.08)
int 20 (23 3 96) (9 88 45) (19 88 89) (98 8 34) (53 78 99) (77 34 10) (45 55 9) (29 19 96) (88 46 71) (95 71 81) (28 90 66) (18 83 2) (62 97 96) (17 35 61) (39 9 27) (79 66 55) (48 44 86) (35 39 12) (54 33 72) (18 63 51)
bool 20 (1 0 1) (1 1 0) (1 0 0) (1 1 1) (1 0 0) (0 0 1) (1 0 1) (1 0 0) (0 0 0) (0 1 1) (0 1 0) (0 0 1) (1 1 1) (1 1 0) (0 0 1) (1 0 0) (1 1 1) (1 0 0) (1 1 1) (0 1 1)
char 22 (f p r) (m i j) (m n l) (g s o) (k m f) (i t p) (d j d) (f c s) (g f r) (p s e) (c l b) (h b a) (i q l) (n h j) (f l e) (h l q) (g s t) (s j c) (f b c) (e a s) (e t o) (e p r)
bool 26 (1 0 0) (1 0 0) (0 1 0) (0 0 1) (0 1 1) (0 0 0) (1 0 1) (0 0 0) (0 1 0) (1 1 1) (0 1 0) (1 0 0) (1 0 1) (0 1 0) (0 0 0) (1 1 1) (1 0 1) (1 0 1) (1 0 0) (1 0 0) (1 0 1) (0 1 0) (1 0 0) (1 0 0) (0 0 0) (1 1 1)
int 27 (87 75 42) (81 50 98) (21 10 31) (55 5 98) (69 45 62) (21 86 17) (67 9 21) (70 57 73) (1 64 60) (36 28 29) (90 12 29) (15 88 53) (68 67 11) (20 60 27) (23 44 84) (14 9 27) (86 41 32) (31 94 84) (57 56 77) (18 27 92) (81 71 89) (33 91 40) (26 24 27) (47 37 89) (53 58 69) (64 11 47) (9 37 28)
int 28 (29 90 93) (46 14 60) (62 46 16) (57 2 73) (88 78 37) (71 83 25) (9 70 76) (50 93 42) (68 74 21) (29 20 85) (63 20 45) (56 5 60) (58 5 90) (82 40 30) (74 96 86) (68 36 44) (8 41 16) (19 24 96) (47 2 97) (54 98 66) (60 86 49) (17 62 88) (21 7 25) (95 69 11) (89 40 61) (6 37 62) (68 88 2) (36 67 18)
char 29 (i m k) (o i i) (t c h) (s h t) (h l c) (r a n) (r f g) (r i k) (h t g) (p s r) (f l m) (t e c) (a o p) (f o l) (n n c) (i h i) (p e h) (c m i) (c n b) (c j n) (h o m) (l o q) (g o t) (t n a) (c q q) (n b o) (d d s) (q b k) (q s q)
bool 29 (1 1 1) (1 0 0) (0 0 0) (1 0 0) (0 1 1) (0 0 1) (1 1 1) (1 1 0) (0 1 1) (0 1 0) (1 1 0) (1 1 0) (0 0 0) (0 0 0) (0 0 0) (0 0 0) (1 1 0) (1 0 0) (0 0 1) (0 1 0) (1 0 1) (1 0 1) (0 1 0) (0 1 1) (1 0 1) (0 0 0) (1 1 0) (1 1 1) (0 0 0)
double 30 (1.2 6.82 5.32) (4.86 1.18 4.74) (9.98 4.31 2.3) (9.48 5.67 3.22) (3.9 5.09 3.56) (2.65 3.9 8.22) (7.05 6.71 6.74) (3.2 4.19 4.64) (8.39 8.86 1.78) (6.48 5.41 5.96) (2.55 6.88 8.81) (0.03 3.32 9.93) (6.35 2.4 0.93) (9.04 1.19 5.82) (7.63 9.29 9.04) (1.21 7.01 7.68) (3.5 2.73 0.47) (2.49 0.57 6.16) (2.4 0.31 5.06) (1.82 9.74 6.6) (8.61 2.03 4.71) (4.78 6.69 2.69) (8.09 3.05 4.42) (0.3 1 4.21) (7.47 2.5 2.96) (6.59 8.38 2.14) (3.31 4.54 8.76) (4.92 2.61 4.79) (9.54 3.38 0.81) (2.96 6.02 2.48)
double 30 (9.62 0.9 5.21) (3.33 9.27 6.61) (0.3 5.34 9.64) (0.99 8.73 6.48) (0.52 8.99 0.32) (0.83 6.01 1.7) (6.06 3.17 9.54) (6.18 1.65 0.81) (2.15 9.53 3.28) (9.77 4.68 6.58) (8.12 9.28 7.08) (3.15 6.98 3.3) (2.94 3.92 3.64) (2.66 2.2 4.06) (6.69 5.95 4.3) (1.16 2.26 8.88) (8.4 4.12 5.52) (7.3 8.87 3.14) (7.06 3.94 0.72) (1.26 5.03 7.91) (6.05 1.93 2.83) (1.3 7.36 3.43) (3 2.8 4.27) (8.3 6.35 6.35) (8.15 8.96 4.56) (9.7 9.84 6.71) (0.48 5.08 5.59) (3.12 1.32 5.52) (2.87 6.25 8.41) (8.49 4.92 5.58)
int 31 (98 27 57) (53 23 21) (96 3 63) (62 14 39) (39 46 47) (32 77 76) (87 46 12) (47 60 98) (7 40 37) (36 56 50) (13 8 9) (22 70 14) (41 70 89) (72 65 39) (59 69 13) (51 69 15) (11 45 72) (6 99 97) (38 8 58) (91 43 96) (17 41 45) (97 15 30) (46 76 21) (93 2 29) (9 77 22) (99 14 5) (40 18 91) (65 54 93) (61 66 64) (85 38 48) (96 85 69)
double 31 (2.81 6.55 0.34) (5.6 3.25 4.71) (7.21 1.91 4.27) (3.9 0.26 8.57) (8.23 3.36 8.13) (9.67 3.57 5.77) (5.17 6.96 0.61) (7.8 1.04 4.28) (9.76 4.32 4.23) (2.84 6.41 6.3) (4.67 5.52 9.76) (2.02 8.13 6.49) (6.18 8.63 9.74) (0.9 0.49 1.41) (2.46 4.86 2.21) (7.46 1.6 7.85) (9.56 8.63 4.7) (6.57 9.43 9.45) (3.74 8.88 1.08) (1.02 9.35 6.44) (2.19 0.49 2.44) (4.68 3.41 4.32) (7.73 9.88 2.78) (8.11 4.81 5.68) (5 9.72 7.75) (1.72 7.75 0.44) (2.91 6.73 2.22) (1.2 7.88 8.53) (9.67 6.45 3.39) (5.48 8.32 0.42) (5.67 9.17 4.21)
int 31 (23 16 93) (52 54 70) (42 7 85) (62 68 57) (74 86 43) (2 1 78) (98 13 54) (49 5 26) (46 19 58) (14 91 33) (88 65 44) (30 72 22) (80 76 25) (77 53 43) (27 62 25) (64 72 71) (84 19 8) (47 49 29) (48 36 69) (12 99 76) (48 34 37) (95 49 42) (75 4 57) (11 31 31) (16 9 73) (24 75 47) (53 69 5) (82 2 6) (42 62 45) (82 73 44) (59 93 18)
char 31 (m o j) (i l e) (p n h) (d k k) (e t o) (p n c) (o c q) (c g j) (t s d) (b s i) (f r e) (o b t) (h c k) (o q c) (k m g) (q g i) (a l t) (j t j) (g d q) (p i n) (g i e) (g t n) (e l r) (k m d) (m q a) (a t g) (t h d) (j t r) (c p t) (a g k) (t h j)
bool 33 (1 0 0) (1 1 0) (0 0 1) (1 1 1) (1 1 1) (1 1 0) (0 1 1) (1 0 0) (0 1 1) (1 0 1) (0 1 1) (0 0 1) (1 1 0) (0 1 0) (1 1 0) (0 0 1) (0 1 1) (0 0 0) (0 1 0) (0 0 0) (1 0 1) (0 0 1) (0 1 1) (1 0 0) (0 0 0) (1 1 0) (0 0 0) (1 0 0) (0 0 0) (0 1 1) (1 0 0) (1 1 0) (1 0 1)
char 33 (i g b) (i m s) (k q h) (j r n) (c m t) (b t j) (o r m) (m h o) (d b c) (f f j) (o f m) (p i d) (o d d) (j e m) (d d o) (f r i) (n e g) (f l g) (h m h) (j e p) (d n i) (e l r) (m m r) (r r p) (m o p) (l e n) (m o e) (r b a) (m e n) (o q k) (m r f) (h k q) (d d h)
int 36 (29 81 87) (99 79 58) (48 21 82) (4 12 18) (84 88 89) (71 89 50) (79 37 68) (46 9 20) (90 69 32) (15 92 14) (65 9 78) (19 4 71) (26 43 73) (67 69 91) (15 69 4) (81 91 65) (66 53 5) (30 3 53) (1 1 28) (2 91 97) (94 44 12) (76 92 52) (47 65 84) (75 27 76) (2 40 4) (82 60 76) (56 79 63) (82 73 7) (86 34 64) (49 72 57) (16 5 68) (66 24 56) (53 56 88) (6 78 88) (6 49 53) (5 29 23)
char 37 (j q s) (j h n) (o s s) (o e r) (m r q) (s j n) (l a t) (q p t) (q k s) (j h n) (r h n) (r o j) (s p p) (g s t) (f a n) (p r f) (f s e) (t s s) (a b c) (j k m) (p d k) (p p l) (d i d) (h i h) (r s m) (t g j) (b c n) (i r o) (s p g) (b f j) (f t l) (b e h) (q h i) (j m e) (k b m) (n m p) (p a g)
char 38 (a l n) (n d i) (s s f) (n s c) (q e k) (l g a) (c c c) (t h h) (o i i) (n l e) (e h c) (k h o) (o r s) (c s l) (i j g) (n j q) (a r l) (b l j) (d t l) (f q m) (o h g) (g j h) (k i m) (r n m) (h o c) (s i p) (e s d) (d r k) (s f f) (p l s) (n s t) (e m l) (d m n) (s q l) (j q o) (d d t) (l k e) (p n j)
bool 38 (0 0 0) (0 0 1) (1 0 0) (0 0 0) (1 1 0) (1 0 0) (0 0 1) (0 1 0) (1 0 0) (1 1 1) (1 1 0) (1 0 0) (0 1 0) (0 1 0) (1 0 0) (0 1 1) (1 1 0) (1 0 0) (1 1 1) (1 0 0) (1 1 0) (1 1 0) (1 0 1) (0 0 0) (0 1 1) (0 1 0) (1 1 0) (1 0 0) (1 1 0) (1 1 1) (0 0 0) (0 1 1) (1 0 0) (0 0 1) (0 1 0) (1 0 0) (0 0 0) (0 0 1)
int 39 (7 64 71) (37 30 90) (8 1 74) (38 30 5) (51 50 61) (5 6 88) (19 18 6) (72 43 80) (41 2 12) (96 22 73) (7 25 82) (45 58 67) (58 23 6) (44 25 32) (7 49 95) (45 86 92) (9 64 21) (48 92 37) (37 35 59) (65 62 7) (31 44 48) (39 55 43) (12 78 75) (23 59 29) (20 75 30) (71 59 15) (91 31 83) (30 77 92) (98 92 70) (76 21 54) (68 85 12) (41 88 72) (84 31 5) (94 2 50) (22 43 89) (95 2 60) (88 36 42) (68 1 70) (59 71 54)
char 39 (a q e) (t t p) (d f e) (d c s) (d c k) (o s n) (l o a) (s j j) (p c c) (p g p) (b d d) (k o i) (h l o) (q m d) (n t s) (f i t) (a b p) (s d i) (f h n) (r d h) (b c c) (d n j) (a t t) (m r h) (m l c) (q p e) (k m c) (t h s) (a n m) (k d n) (h r r) (t g e) (f h c) (j p g) (s s o) (a c l) (o f p) (m k g) (p e i)
int 40 (46 60 38) (83 13 73) (85 30 58) (90 1 33) (95 89 85) (49 54 38) (36 51 92) (82 52 84) (24 23 49) (6 46 77) (25 48 33) (33 6 74) (12 19 93) (60 88 49) (17 63 74) (74 65 26) (41 22 51) (69 97 31) (23 33 92) (86 77 27) (78 66 85) (52 95 40) (89 44 41) (49 54 47) (47 46 66) (8 53 90) (19 75 17) (69 42 93) (75 20 78) (45 3 58) (10 92 66) (92 6 36) (59 25 22) (81 64 67) (47 60 21) (98 92 50) (93 36 97) (56 14 10) (49 2 17) (48 83 2)
bool 40 (1 0 1) (1 1 1) (0 0 0) (0 0 0) (1 1 0) (0 1 1) (1 0 0) (1 0 1) (0 1 1) (1 0 1) (1 0 1) (0 0 1) (0 1 1) (1 0 0) (1 1 1) (1 1 1) (0 1 0) (1 1 0) (1 1 0) (0 0 1) (0 1 0) (1 1 1) (1 1 0) (0 0 0) (0 1 0) (1 1 0) (1 1 1) (1 0 1) (1 1 1) (0 1 0) (0 1 0) (0 1 1) (0 0 1) (1 0 1) (0 1 1) (1 0 0) (1 1 1) (0 0 0) (0 0 0) (0 1 0)
char 42 (o h o) (n n j) (a h g) (c e r) (s t c) (j a j) (q q m) (o l i) (n c d) (m l j) (f t j) (k q m) (b n j) (q i j) (e g l) (g c f) (g p r) (t s s) (q c q) (m g l) (g r d) (p f f) (c o c) (m s n) (a p g) (m b k) (e k f) (g j h) (d l c) (t n i) (t d g) (a m k) (i s n) (r q i) (f r s) (j e c) (b h t) (d q i) (b b h) (l c l) (i r i) (q k s)
int 43 (62 27 2) (59 30 97) (70 21 41) (92 1 2) (4 67 15) (51 3 18) (93 85 77) (22 79 6) (13 30 25) (81 78 60) (67 31 59) (75 62 57) (47 98 61) (40 22 61) (57 35 27) (88 98 62) (60 29 23) (20 72 52) (25 6 47) (43 57 13) (94 89 15) (70 95 86) (61 17 81) (29 86 85) (8 46 20) (71 69 50) (23 89 71) (54 79 18) (71 9 1) (20 67 19) (80 79 86) (81 49 47) (24 85 11) (40 50 30) (22 50 21) (33 55 55) (50 46 88) (40 99 42) (11 29 52) (70 90 21) (86 75 47) (81 27 61) (14 72 86)
int 44 (24 7 39) (30 45 37) (55 3 13) (36 61 90) (60 52 98) (19 45 70) (71 34 26) (95 34 26) (91 48 60) (78 7 12) (56 93 43) (42 88 92) (37 56 90) (3 74 37) (5 45 40) (92 81 34) (37 11 51) (38 52 97) (4 82 33) (41 28 12) (96 95 37) (76 22 67) (84 73 60) (54 45 87) (23 36 72) (71 44 65) (29 40 46) (41 58 37) (46 83 86) (73 35 75) (56 4 22) (61 82 71) (11 65 68) (1 90 5) (19 46 40) (23 69 29) (99 75 82) (99 46 13) (98 75 86) (3 88 83) (39 85 89) (86 36 94) (48 27 49) (69 57 50)
char 47 (i p k) (t c t) (a a k) (d d c) (s n g) (e q c) (p b j) (m t j) (s b p) (h a q) (o i s) (j t m) (n a d) (o o q) (t b f) (a n h) (h g l) (r e t) (e d t) (b e o) (l c m) (g e b) (q o a) (d d e) (q t h) (e n n) (n e l) (b d f) (s p j) (t g f) (c s k) (f r a) (r t m) (e e g) (l f f) (r s i) (q l i) (c t r) (a j d) (t m k) (j i e) (n l i) (i a h) (t f p) (q f n) (q f o) (e r g)
double 49 (2.82 2.44 9.05) (3.34 4.74 2.26) (3.58 2.68 4.05) (9.65 3.02 6.67) (3.94 6.91 1.08) (3.51 3.05 1.83) (4.2 6.61 0.6) (1.96 2.54 7.94) (9.72 6.5 8.36) (4.41 0.56 5.65) (3.8 6.81 1.6) (7.22 7.58 6.03) (7.61 8.09 2.55) (9.07 7.09 9.02) (4.93 3.86 6.92) (7.77 6.54 1.6) (6.61 5.12 5.7) (4.07 9.29 3.67) (1.18 2.82 5.4) (8.35 6.78 3.68) (8.23 0.92 3.96) (5.59 8.7 0.61) (0.63 3.54 5.33) (8.45 8.6 4.85) (3 5.23 2.15) (7.87 0.16 7.23) (4.33 2.16 3.91) (8.65 5.51 5.99) (0.77 6.96 2.19) (6.87 5.39 6.37) (6.74 8.32 4.32) (8.09 6.1 3.8) (9.57 8.99 4.98) (6.55 9.93 9.11) (6.34 2.2 5.4) (2.47 0.23 1.83) (0.22 0.05 7.63) (3.43 0.64 8.19) (3.04 8.35 0.86) (8.43 5.92 3.22) (4.55 9.25 8.94) (1.82 5.11 5.06) (6.79 3.38 5.83) (1.86 4.59 5.95) (0.22 9.14 8.47) (6.06 4.03 1.75) (4.34 0.35 9.66) (5.07 3.51 5.64) (1.54 7.81 6.07)
char 50 (e p o) (e s p) (i n c) (f t b) (p a b) (q r r) (p a o) (r n i) (e m r) (f j o) (k n b) (q m j) (o g n) (k o l) (h b b) (r a h) (b a a) (k i g) (k j i) (o t r) (q p d) (q o o) (d o k) (n i c) (s h d) (r p s) (o q q) (r d e) (c g k) (g r m) (d h l) (h i s) (a t p) (j d f) (d o d) (s e i) (a h k) (k k i) (q h m) (k l s) (r k j) (m j e) (e n n) (o p q) (q i n) (f n k) (n g h) (g a s) (f j q) (e j b)
bool 50 (0 1 1) (0 1 1) (0 0 0) (0 1 1) (1 0 1) (1 1 1) (1 0 0) (1 1 0) (1 0 0) (0 0 0) (0 0 1) (1 1 1) (1 0 1) (1 1 1) (1 0 0) (0 1 0) (0 1 0) (0 0 0) (0 0 1) (1 0 0) (0 1 0) (1 0 0) (0 1 0) (1 1 0) (1 0 1) (0 0 1) (0 1 1) (1 1 0) (0 1 1) (0 1 1) (1 0 0) (0 0 1) (0 0 0) (0 1 1) (1 1 1) (1 1 1) (1 0 1) (0 0 1) (0 1 1) (0 1 0) (0 1 0) (1 1 1) (1 0 1) (0 0 1) (1 0 1) (1 0 1) (1 0 0) (1 1 0) (1 0 1) (1 0 0)
bool 51 (1 1 1) (1 0 0) (0 0 1) (0 0 0) (1 0 0) (1 0 1) (0 0 1) (0 0 0) (1 0 0) (1 0 1) (1 1 1) (1 0 1) (0 0 1) (0 0 0) (0 1 1) (0 1 0) (1 1 0) (1 0 0) (1 1 1) (0 0 0) (0 0 1) (1 0 0) (0 0 0) (1 0 0) (1 1 0) (1 0 1) (0 1 0) (1 1 0) (1 0 1) (0 1 0) (1 1 0) (0 1 0) (1 0 0) (1 1 1) (1 1 0) (0 1 0) (1 1 1) (0 1 1) (1 0 1) (1 0 0) (1 1 1) (0 0 0) (0 0 0) (0 0 1) (0 1 0) (0 0 1) (1 0 0) (1 1 0) (1 1 0) (1 1 1) (0 1 1)
int 54 (41 84 70) (81 5 10) (65 26 29) (95 36 4) (87 29 33) (60 57 99) (89 53 93) (48 22 19) (61 57 71) (60 29 16) (97 97 36) (1 74 91) (82 27 40) (41 3 7) (3 45 69) (10 86 55) (58 67 89) (16 42 50) (65 47 46) (73 80 82) (47 76 57) (3 7 49) (50 78 40) (35 75 7) (22 93 21) (11 64 30) (85 76 84) (93 25 24) (33 97 27) (71 2 98) (75 72 21) (12 36 23) (21 76 30) (75 42 55) (41 16 72) (23 32 88) (91 10 5) (4 22 39) (48 8 27) (44 60 62) (63 95 54) (20 40 38) (87 78 50) (71 36 95) (87 43 38) (78 52 11) (69 91 40) (93 12 86) (96 91 43) (85 73 31) (84 96 88) (55 69 58) (20 84 10) (81 15 99)
bool 55 (1 1 0) (0 1 0) (0 1 1) (0 0 0) (1 1 1) (0 0 1) (0 1 1) (1 1 1) (1 1 1) (0 0 1) (0 1 0) (0 0 1) (1 1 1) (1 0 1) (0 1 1) (0 0 0) (1 1 1) (0 1 0) (1 0 0) (1 0 0) (0 1 0) (0 0 1) (1 1 0) (0 0 0) (0 1 1) (0 1 1) (0 0 1) (0 0 0) (0 1 1) (1 1 1) (0 1 0) (0 0 0) (0 1 1) (0 0 1) (1 1 0) (1 1 1) (1 0 0) (0 0 0) (1 0 0) (0 1 0) (0 0 1) (0 1 0) (1 1 1) (1 1 1) (0 0 1) (0 1 0) (1 1 0) (0 1 0) (0 1 1) (0 1 0) (0 0 1) (0 0 0) (1 1 1) (1 1 0) (1 1 1)
int 55 (67 77 6) (99 35 12) (11 21 22) (81 79 13) (24 10 63) (97 33 28) (4 90 21) (87 90 64) (99 93 52) (71 63 3) (31 29 60) (12 77 22) (68 59 48) (75 94 58) (84 46 6) (72 13 1) (39 10 58) (53 23 37) (7 87 50) (34 56 44) (39 8 28) (88 41 36) (26 77 29) (39 15 68) (46 49 9) (14 51 24) (4 1 19) (68 91 52) (75 54 99) (55 47 18) (40 86 29) (9 35 30) (63 59 84) (17 93 12) (37 50 61) (16 10 69) (64 4 37) (63 35 48) (80 82 42) (64 10 66) (32 54 22) (94 69 40) (88 81 41) (93 82 33) (92 23 78) (51 73 78) (23 42 15) (88 63 91) (2 75 48) (37 65 91) (85 26 33) (85 48 66) (85 39 43) (47 7 90) (81 85 9)
char 56 (p t i) (f a n) (p j k) (s f c) (h r i) (g c p) (f p q) (t e n) (k f m) (l p a) (t d m) (n s d) (q d f) (a f q) (o j h) (c f o) (e m a) (q b l) (g p j) (b r r) (p r m) (l s t) (e o h) (r k k) (k m f) (f p l) (b t n) (n i o) (d m f) (n e k) (f b q) (o r g) (g n c) (r t c) (k o p) (i i s) (g e i) (a r s) (l n f) (n g p) (b k m) (p p n) (m d m) (b l r) (e o r) (d e r) (j e m) (d l j) (o m n) (g s c) (m h k) (m n r) (q g h) (e o j) (h n d) (h r h)
double 56 (8.06 6.76 1.09) (4.82 5.64 1.46) (9.75 4.72 9.12) (2.41 6.5 2.31) (3.92 4.2 8.37) (5.15 2.28 9.36) (0.28 6.42 0.79) (5.83 0.33 9.64) (6.31 4.77 9.82) (1.21 3.29 3.52) (4.83 0.14 2.7) (5.23 8.84 1.65) (5.73 2.05 8.73) (5.32 3.66 0.55) (0.37 5.99 4.88) (0.01 1.22 1.81) (8.77 8.41 6.33) (8.81 8.19 6.36) (2.27 3.35 3.27) (1.37 4.05 2.91) (4.54 7.77 9.27) (6.02 1.08 6.12) (4.83 2.87 2.18) (1.71 2.25 0.18) (8.07 7.64 6.92) (5.45 8.69 5.22) (1.76 7.18 8.13) (0.25 2.61 2.94) (5.73 5.37 3.23) (5.75 2.11 2.26) (1.11 3.4 5.09) (3.34 5.01 6.17) (5.22 2.24 9.12) (1.03 9.41 3.81) (3.84 7.61 0.68) (0.08 7.52 1.35) (2.3 1.85 7.23) (7.75 2.97 9.8) (9.91 0.91 3.01) (2.64 5.65 4.9) (4.85 0.92 8.64) (5.94 3.58 4.76) (6.65 9.61 1.89) (4.46 1.48 8.49) (9.08 5.12 1.29) (0.03 9.64 1.26) (6.21 7.76 1.19) (2.07 1.22 1.69) (4.5 1.77 0.85) (8.58 7.08 1.61) (9.6 6.87 0.95) (0.64 1.04 5.66) (1.81 9.71 3.48) (2.12 5.49 7.25) (8.79 8.8 1.27) (9.58 8.1 2.46)
int 56 (69 86 73) (11 74 62) (60 38 28) (9 10 7) (6 87 16) (2 5 9) (50 2 49) (51 71 31) (11 94 54) (95 81 79) (10 52 49) (80 12 91) (86 98 42) (68 51 57) (14 54 93) (87 15 92) (73 83 64) (52 60 65) (93 65 6) (24 62 59) (55 15 21) (90 71 58) (84 53 36) (46 39 50) (96 86 55) (94 47 73) (75 78 11) (53 79 54) (11 55 36) (9 91 42) (64 9 83) (14 25 24) (59 67 68) (53 72 94) (36 45 35) (45 36 1) (71 91 6) (74 57 99) (1 88 4) (17 15 52) (21 17 95) (53 21 92) (25 72 15) (44 35 68) (32 46 5) (95 73 32) (64 98 43) (50 31 16) (86 32 88) (7 94 83) (8 60 97) (84 9 78) (17 77 28) (91 40 47) (56 31 34) (20 24 64)
char 57 (n k n) (g i d) (b o k) (s i d) (h h h) (f c i) (a h b) (e g k) (f r b) (t s d) (h r q) (a d i) (t a f) (t m i) (p c c) (m n i) (d o d) (r d r) (g n m) (r a k) (a o l) (o b j) (c s t) (t q a) (c l j) (m a l) (j c r) (o a k) (k p t) (a k r) (c t p) (j j q) (n e b) (q r f) (q j a) (l q c) (q g t) (c p n) (t b n) (t j m) (g e m) (t o n) (g e a) (b j s) (n d h) (a b g) (i k h) (l o f) (a b q) (r m b) (b n q) (t n n) (k q a) (p s e) (i k o) (s q c) (m g b)
int 57 (2 60 66) (17 24 37) (88 40 24) (66 34 79) (46 89 5) (49 65 52) (12 5 61) (62 77 89) (34 38 23) (7 34 29) (34 35 22) (17 93 14) (17 92 75) (56 47 65) (81 17 73) (45 83 35) (15 5 87) (80 15 93) (31 37 98) (10 21 18) (9 11 41) (70 54 28) (96 26 96) (61 56 91) (84 93 99) (53 32 21) (80 3 22) (82 8 50) (87 3 75) (70 18 99) (66 79 64) (23 15 30) (39 4 48) (7 46 96) (84 96 6) (96 83 86) (16 61 90) (68 51 77) (66 4 51) (53 75 76) (76 44 26) (34 17 79) (60 72 84) (79 65 41) (6 10 51) (5 69 30) (73 18 5) (87 93 98) (3 8 38) (10 47 93) (51 22 59) (7 55 82) (82 83 59) (73 61 12) (60 26 62) (66 3 64) (95 69 56)
bool 58 (0 1 1) (1 1 1) (1 1 0) (1 1 1) (1 0 1) (1 1 0) (0 1 1) (1 1 1) (0 0 1) (1 1 1) (1 0 0) (0 0 0) (0 0 0) (1 0 1) (0 1 1) (1 1 1) (1 0 1) (1 1 1) (0 1 0) (1 0 0) (1 0 0) (1 0 1) (0 1 1) (0 0 1) (0 1 1) (0 1 0) (1 1 0) (1 1 0) (0 0 0) (0 1 1) (1 0 0) (1 1 1) (0 1 0) (0 0 1) (1 0 0) (0 1 1) (1 0 0) (1 1 0) (1 1 0) (0 1 0) (1 0 1) (1 1 0) (0 0 0) (0 0 1) (1 0 0) (0 1 0) (0 0 1) (1 0 1) (1 0 1) (1 1 0) (0 1 0) (1 0 0) (0 0 0) (1 1 0) (1 1 0) (0 1 1) (1 1 0) (0 1 1)
char 58 (t o e) (d l t) (n t k) (b i m) (m f a) (a s o) (m m g) (t d n) (e h h) (g g h) (b a e) (k i r) (a p o) (g d l) (r q n) (d f r) (e d n) (c i e) (p g q) (k t d) (j m p) (d g c) (c g t) (n s e) (t i h) (g b a) (e a i) (c b d) (i s j) (g c o) (h c s) (i q r) (o e s) (n e o) (p b b) (n q a) (t f t) (c l e) (e m q) (s i m) (l s k) (q q g) (t h m) (p c h) (r k d) (c i k) (m e f) (k f n) (i p r) (i t h) (o l m) (g g m) (c s h) (d n c) (c j f) (k g s) (e i p) (b r m)
int 58 (25 82 61) (30 73 63) (16 64 54) (69 24 77) (47 77 72) (37 27 10) (59 92 80) (60 13 45) (31 62 99) (52 52 82) (23 78 16) (17 60 95) (85 30 81) (71 4 5) (92 39 28) (30 3 74) (88 87 40) (36 58 23) (30 23 87) (37 20 49) (9 10 24) (93 42 68) (74 4 61) (18 66 54) (5 79 86) (95 49 48) (44 47 23) (53 43 36) (25 53 29) (51 62 16) (56 5 72) (78 47 49) (55 35 7) (7 66 80) (55 41 49) (51 45 57) (68 49 14) (84 49 50) (68 53 86) (13 41 1) (84 84 38) (95 96 84) (92 52 81) (48 91 38) (80 86 54) (65 38 45) (88 13 76) (53 58 4) (7 62 54) (35 61 97) (11 45 98) (45 93 6) (6 20 25) (3 89 7) (53 3 70) (1 68 33) (25 76 80) (68 90 48)
bool 59 (0 0 0) (1 1 0) (0 0 1) (0 1 1) (0 1 1) (1 1 1) (0 0 0) (0 1 0) (1 1 1) (1 0 1) (1 1 0) (0 1 0) (1 1 0) (0 0 0) (0 0 1) (1 1 1) (0 1 1) (1 1 1) (0 0 1) (1 0 0) (0 1 1) (0 0 1) (1 1 1) (1 0 1) (1 1 0) (0 1 0) (1 1 0) (1 0 0) (1 0 0) (0 1 0) (1 0 1) (1 1 1) (0 0 0) (1 1 1) (1 1 0) (1 0 0) (1 1 0) (1 1 0) (0 1 0) (0 1 0) (0 1 0) (0 0 1) (1 0 1) (1 1 0) (1 1 1) (0 1 1) (0 0 0) (1 1 1) (1 0 0) (0 0 1) (1 1 0) (1 1 1) (1 0 0) (1 1 0) (1 1 1) (1 1 1) (0 1 0) (0 1 1) (0 1 1)
bool 60 (1 0 1) (1 0 1) (1 1 0) (0 0 1) (0 1 1) (0 1 1) (0 1 1) (1 1 1) (0 0 0) (0 1 1) (1 0 0) (0 0 1) (1 1 0) (1 1 0) (1 0 1) (1 0 1) (1 0 1) (0 1 0) (1 1 1) (1 1 1) (1 0 0) (1 0 1) (0 1 0) (0 0 0) (0 0 1) (0 1 1) (1 0 1) (0 0 1) (1 0 0) (0 0 1) (0 1 1) (0 0 0) (0 1 0) (1 0 1) (1 1 1) (1 1 0) (0 1 0) (0 0 1) (0 0 1) (1 0 0) (1 1 1) (0 0 0) (0 0 1) (0 0 0) (0 1 1) (0 0 0) (1 0 1) (1 1 1) (1 1 0) (0 1 1) (0 1 1) (1 1 1) (0 1 0) (0 1 1) (1 0 0) (1 1 0) (0 1 0) (0 0 1) (0 1 0) (0 1 1)
double 62 (0.72 1.26 2.82) (2.66 7.18 8.47) (7.42 5.03 4.88) (9.61 5.47 8.62) (4.61 2.05 4.34) (8.74 0.54 7.29) (4.15 9.89 0.13) (9.05 6.39 8.85) (2.03 4.75 8.24) (3.83 7.69 5.37) (0.92 8.93 2.95) (1.77 9.3 0.45) (3.85 6.65 7.22) (6.23 2.57 2.72) (4.41 1.36 3) (5.7 5.48 1.03) (8.52 4.68 9.74) (2.38 4.92 0.32) (2.14 9.86 6.7) (7.81 4.68 9.64) (5.48 4.32 1.09) (4.99 6.48 3.19) (1.61 0.8 9.12) (0.87 8.06 4.02) (8.38 0.28 2.15) (2.41 9 4.2) (7.31 6.52 2.35) (4.62 5.05 9.34) (9.17 7.86 0.72) (9.31 1.33 9.09) (8.56 0.3 5.19) (2.65 7.66 1.29) (7.66 4.52 4.6) (6.84 0.69 9.97) (0.61 8.49 8.34) (1.89 7.64 2.46) (7.24 1.13 2.46) (2.45 5.09 1.54) (6.5 5.57 7.08) (3.84 4.35 4.27) (5.85 6.56 8.72) (3.29 8.67 2.68) (3.33 8.22 7.39) (6.47 7.89 6.02) (9.96 3.81 8) (0.82 2.25 6.3) (9.7 0.73 9.22) (6.91 3.94 5.4) (7.89 2.05 6.37) (9.49 3.56 0.45) (5.89 8.81 7.18) (7.38 0.87 4.32) (5.93 3.98 2.66) (9.11 1.95 4.36) (0.03 4.11 8.28) (3.71 6.48 2.09) (6.49 0.42 5.1) (5.77 3.01 7.7) (1.37 9 2.13) (2.23 6.71 7.53) (7.84 6.56 3.05) (6.81 1.02 3.05)
int 64 (45 43 47) (24 12 6) (26 59 29) (27 29 22) (59 36 34) (74 52 97) (44 71 71) (78 69 9) (12 7 50) (23 27 42) (25 17 39) (94 7 27) (95 33 22) (69 25 75) (89 52 46) (43 13 93) (49 56 66) (97 4 71) (73 45 45) (82 59 44) (12 12 12) (96 59 62) (4 43 69) (8 50 45) (36 19 81) (96 25 20) (8 90 92) (45 30 13) (23 52 64) (76 16 98) (84 98 53) (79 19 65) (38 7 88) (77 27 2) (18 43 15) (24 24 51) (67 62 15) (72 36 44) (63 87 65) (66 29 57) (87 83 48) (99 52 32) (84 70 12) (84 8 75) (77 42 74) (39 51 79) (59 32 17) (52 38 34) (27 18 59) (45 6 46) (40 56 89) (97 56 13) (29 26 24) (79 56 32) (74 77 33) (39 89 87) (21 87 33) (31 3 99) (60 53 30) (94 93 55) (60 33 29) (36 6 88) (73 59 75) (5 71 79)
bool 65 (0 0 0) (1 1 0) (1 0 0) (0 0 0) (1 0 1) (0 1 1) (1 1 0) (1 0 0) (0 1 0) (0 1 0) (1 1 0) (1 0 1) (1 0 1) (0 0 0) (1 0 1) (1 0 0) (0 0 1) (1 1 1) (0 1 0) (1 0 1) (1 0 1) (0 1 0) (0 1 1) (0 1 1) (1 1 0) (0 0 0) (1 0 0) (1 1 0) (0 1 1) (0 1 0) (0 1 1) (0 0 0) (1 1 1) (0 0 0) (1 0 0) (0 1 1) (1 1 0) (0 0 0) (1 1 0) (1 0 0) (1 0 1) (1 0 1) (0 0 0) (1 0 0) (1 0 0) (0 0 0) (0 1 1) (0 0 0) (0 1 0) (1 1 0) (0 1 0) (1 1 1) (0 0 1) (0 0 1) (0 0 1) (0 0 0) (1 1 0) (1 0 1) (1 1 0) (1 0 1) (1 1 1) (0 0 0) (1 1 1) (1 0 1) (1 0 0)
bool 67 (1 1 1) (0 0 1) (0 0 0) (1 0 1) (1 0 1) (0 1 0) (1 0 1) (0 1 0) (0 0 0) (0 0 1) (1 1 1) (1 1 0) (0 1 1) (0 1 0) (0 0 1) (0 1 0) (0 0 0) (0 0 0) (1 1 1) (0 0 0) (1 0 0) (0 0 0) (1 1 1) (1 0 0) (1 1 0) (1 0 1) (1 0 1) (1 1 1) (0 1 1) (1 1 0) (1 1 0) (1 0 1) (1 1 1) (1 1 0) (0 0 0) (0 1 1) (0 0 1) (1 0 1) (1 1 0) (1 1 1) (1 1 0) (0 1 0) (0 1 1) (0 0 1) (0 1 0) (1 0 1) (1 0 0) (1 0 1) (0 0 0) (0 1 1) (1 0 1) (1 0 1) (1 1 0) (0 1 1) (1 0 1) (0 1 0) (1 0 1) (0 0 1) (0 1 0) (1 0 1) (0 1 1) (0 0 0) (0 0 1) (1 1 0) (1 1 1) (1 0 0) (1 1 1)
bool 67 (1 0 1) (0 0 0) (0 0 0) (0 1 1) (0 1 0) (0 0 1) (1 0 0) (1 1 0) (1 0 1) (1 0 1) (1 1 0) (0 1 0) (0 0 1) (0 1 0) (0 1 1) (0 0 0) (0 0 0) (1 1 1) (1 1 0) (1 1 0) (0 1 1) (1 1 1) (0 1 0) (0 1 1) (1 0 0) (1 0 1) (0 1 1) (1 0 1) (1 0 0) (1 1 1) (1 1 0) (1 0 0) (1 0 0) (0 1 1) (1 0 0) (1 1 1) (1 0 1) (1 0 1) (0 0 1) (0 1 0) (1 1 0) (1 1 0) (1 0 1) (1 0 1) (1 1 1) (1 0 0) (1 1 0) (0 1 0) (1 1 1) (0 1 0) (0 0 1) (0 0 1) (0 1 0) (1 0 1) (1 0 1) (1 0 1) (0 0 0) (0 0 0) (0 0 0) (0 1 0) (1 1 1) (1 0 1) (1 0 1) (0 0 1) (0 0 1) (0 0 1) (1 0 1)
char 68 (g q e) (m b p) (a q n) (n d s) (k m n) (m r g) (c l o) (k j k) (k f h) (t p s) (s f n) (n s d) (i e p) (n e d) (h m d) (c i f) (s o e) (g b r) (t h k) (e h l) (e e c) (f a g) (s a e) (q c o) (e h o) (j e f) (t r g) (b d b) (h n n) (q h j) (d e c) (d e q) (g e b) (t i n) (r q d) (m e d) (m r q) (e s p) (d g s) (f q c) (c r k) (n f g) (f e e) (j g o) (h p i) (o d t) (a h q) (k b g) (q q h) (q b n) (l n m) (g e b) (q q q) (c h j) (m h f) (b k s) (d c l) (o f g) (o b l) (e a g) (g r h) (m g p) (r t m) (r o p) (m c q) (c b p) (i c j) (h s d)
double 69 (5.26 4.36 0.42) (9.2 3.1 8.2) (6.29 3.8 4.33) (9.82 9.88 3.47) (5.44 1.98 7.15) (3.33 2.37 5.56) (9.93 5.07 2.44) (0.4 8.21 0.07) (1.27 2.15 0.95) (8.05 2.79 9.63) (7.85 0.17 8.69) (8.64 2.43 0.33) (5.7 3.31 7.29) (6.69 8.34 3.74) (1.4 1.67 3.17) (9.2 3.47 4.87) (4.27 7 8.88) (7.37 6.58 1.52) (8.98 2.92 9.01) (4.23 2.66 2.17) (6.39 0.57 3.02) (8.74 9.11 6.46) (4.03 5.77 8.22) (6.06 5.12 2.91) (3.15 8.65 1.54) (1.39 1.86 0.31) (8.27 7.33 7.01) (3.71 4.18 9.65) (9.87 8.91 6.98) (6.29 1.36 1.25) (0.76 7.98 2.36) (2.26 3.39 0.37) (3.65 1.14 7.7) (6.59 6.99 8.68) (8.76 1.56 8.67) (9.2 3.85 8.49) (3.03 3.57 8.8) (8.63 6.79 2.4) (9.36 3.74 1.18) (7.21 3.86 1.76) (7.65 0.65 4.99) (8.89 0.79 7.21) (5.11 7.41 9.95) (5.98 6.13 0.95) (2.79 6.3 0.26) (7.54 3.78 2.8) (6.36 2.96 3.05) (5.06 9.16 8.6) (0.52 3.73 9.14) (5.43 1.46 8.12) (5.81 9.33 2.79) (7.33 7.41 7.7) (0.33 5.64 2.2) (3.7 8.81 3.67) (9.56 0.75 7.41) (3.94 3.5 8.13) (1.99 0.28 5.21) (7.44 2.72 4.76) (2.28 4.47 3.32) (1.63 0.67 4.07) (2.93 3.81 5.84) (0.81 3.33 0.07) (7.61 7.19 3.54) (0.13 3.8 8.63) (4.61 0.76 8) (2.98 3.76 3.74) (7.57 1.47 0.57) (5.14 8.42 8.67) (3.34 8.74 8.98)
bool 69 (1 1 0) (0 1 1) (1 0 1) (1 0 0) (1 0 1) (0 1 1) (1 0 0) (1 1 1) (0 1 0) (1 1 1) (0 0 1) (1 1 1) (1 0 0) (1 1 0) (0 1 0) (1 0 0) (1 1 0) (1 1 1) (0 0 0) (1 1 1) (0 0 1) (1 1 0) (1 0 0) (0 0 1) (1 1 1) (1 0 1) (1 1 1) (0 0 0) (0 1 1) (0 0 1) (0 0 1) (1 0 1) (0 0 1) (1 1 0) (1 0 0) (0 0 1) (0 1 0) (0 1 1) (1 1 0) (1 1 0) (0 0 1) (0 1 1) (0 0 1) (0 0 1) (0 0 0) (1 1 0) (1 1 1) (0 0 1) (1 0 0) (0 1 0) (0 0 1) (1 1 1) (0 0 0) (1 1 1) (0 0 1) (0 0 0) (0 1 1) (0 1 1) (0 0 0) (0 0 1) (1 0 0) (0 0 1) (0 1 0) (1 0 0) (1 1 1) (1 0 0) (1 1 1) (1 1 0) (1 1 1)
double 71 (5.52 6.03 8.38) (8.53 3.8 8.74) (9.74 7.32 0.68) (0.61 0.69 7.8) (7.72 1.75 9.73) (6.9 7.88 9.65) (7.59 9.09 2.18) (1.39 9.56 2.21) (1.2 2.47 1.85) (7.96 3.33 4.88) (5.67 7.23 9.78) (4.34 6.45 5.18) (7.16 4.66 2.55) (3.88 8.53 5.56) (2.1 0.45 4.38) (6.29 8.9 1.96) (8.99 4.55 9.06) (4.04 3.92 3.55) (9.29 0.52 2.27) (5.77 2.72 5.99) (1.88 9.87 1.03) (9.8 7.53 5.33) (4.29 0.4 1.18) (7.38 2.86 6.59) (6.84 9.91 7.09) (4.84 2.21 5.3) (1.95 0.28 0.09) (2.52 5.83 5.33) (8.41 6.38 4.37) (7.95 8.43 0.9) (6.8 3.59 2.83) (4.48 2.81 5.15) (4.79 4.92 2.19) (7.59 5.66 5.75) (9.86 9.71 3.48) (3 6.23 2.28) (4.61 1.29 1.53) (6.94 9.45 4.13) (1.22 2.5 4.15) (3.48 3.4 2.85) (8.15 5.72 7.01) (7.82 3.01 5.38) (6.97 5.89 0.6) (9.34 3.76 1.26) (7.36 1.44 2.14) (9.01 7.59 8.27) (3.68 9.69 6.17) (8.83 5.73 2.44) (7.58 3.14 1.92) (8.08 8.26 1.12) (2.57 9.48 6.38) (4.02 3.95 5.71) (1.4 7.67 5.1) (8.81 6.44 0.24) (4.7 0.64 8.59) (2.41 7.27 3.85) (2.19 0.55 1.5) (2.11 3.22 7.69) (5.98 5.4 4.67) (6.52 9.96 5.59) (6.18 8.58 4.77) (4.5 1.05 0.36) (6.64 4.85 5.51) (3.59 9.05 3.71) (1.29 9.1 1.92) (7.71 7.15 7.47) (4.04 3.95 1.5) (9.46 4.93 7.49) (9.16 5.59 1.67) (4.5 7.41 1.96) (3.77 6.96 5.17)
bool 71 (0 0 1) (0 0 1) (1 0 0) (0 0 0) (0 1 0) (1 0 0) (1 1 1) (1 1 1) (1 0 1) (1 1 1) (0 0 1) (0 1 0) (0 1 1) (0 0 1) (1 0 1) (1 0 1) (1 1 1) (1 0 1) (0 1 0) (1 0 0) (1 1 1) (1 0 1) (1 1 1) (0 1 1) (0 0 1) (0 0 1) (0 0 0) (1 1 1) (1 1 1) (1 1 1) (0 0 0) (0 0 1) (0 1 0) (0 1 0) (0 0 0) (0 0 0) (1 1 1) (1 0 1) (1 1 1) (0 1 1) (0 1 1) (0 0 0) (0 1 0) (0 1 1) (1 1 1) (1 1 0) (0 1 1) (0 1 1) (0 0 0) (0 0 1) (0 1 1) (0 0 0) (0 1 0) (0 0 1) (1 1 1) (0 0 1) (0 1 1) (1 0 0) (1 0 1) (1 0 0) (0 0 1) (1 1 1) (0 0 1) (1 0 1) (0 0 1) (0 0 1) (1 1 0) (1 0 1) (1 0 0) (0 1 0) (0 1 1)
bool 72 (0 0 1) (1 1 0) (1 0 1) (0 1 1) (1 0 1) (0 0 1) (0 1 0) (1 1 0) (1 0 0) (1 1 0) (1 0 0) (1 1 0) (0 1 1) (0 1 1) (1 1 0) (1 0 1) (1 0 0) (1 0 1) (0 0 0) (1 1 0) (0 1 1) (0 0 0) (1 0 1) (1 1 0) (1 0 1) (1 1 0) (1 1 1) (1 1 0) (0 0 1) (0 1 1) (0 0 1) (1 1 0) (1 1 1) (0 1 1) (0 1 1) (0 1 0) (0 0 1) (1 0 1) (0 1 1) (1 0 0) (0 1 0) (0 0 1) (1 1 0) (0 0 0) (1 0 0) (1 1 1) (1 0 0) (1 1 0) (1 0 0) (1 0 0) (1 0 0) (1 1 1) (0 0 0) (1 0 0) (0 1 0) (1 0 0) (0 0 0) (0 0 0) (0 1 0) (0 0 1) (0 0 0) (0 1 0) (1 0 1) (0 1 1) (1 0 0) (0 1 1) (0 0 1) (1 0 1) (1 0 0) (1 0 1) (1 1 0) (1 0 0)
double 77 (3.78 5 8.11) (5.62 9.33 2.09) (1.34 7.56 9.68) (4.11 7.92 9.69) (3.28 6.36 1.92) (8.39 4 1.75) (9.81 3.69 0.16) (1.14 0.51 5.75) (3.17 2.71 6.78) (0.29 1.11 1.68) (3.72 4.97 6.61) (4.89 2.01 0.3) (9.89 1.24 1.86) (2.39 0.9 8.31) (0.05 2.45 4.85) (2.43 8.64 2.53) (6.66 2.67 8.47) (2.43 4.04 1.22) (8.54 6.52 4.44) (5.78 3.22 7.11) (7.25 6.94 0.24) (0.29 1.3 5.98) (4.01 3.25 3.48) (0.72 2.31 6.7) (5.15 6.62 6.15) (1.52 5.33 1.96) (4.96 8.98 4.8) (4.37 4.13 0.15) (3.92 2.85 1.77) (1.38 1.11 4.32) (9.77 5.35 1.24) (0.12 1.93 1.78) (6.08 3.16 2.95) (0.49 2.98 5.16) (3.3 5.74 4.18) (4.89 1.8 6.62) (7.2 1.04 3.05) (4.34 5.18 1.37) (1.7 9.75 8.34) (8.78 2.72 5.42) (8.08 5.34 7.22) (7.85 0.57 3.63) (2.13 0.03 0.83) (8.01 5.35 4.01) (7.5 4.57 1.83) (0.19 9.98 5.55) (5.2 9.97 6.48) (2 8.01 0.27) (1.35 5.64 3.59) (6.45 0.34 2.41) (2.63 7.37 6.44) (8.46 1.14 7.48) (6.01 0.95 5.94) (3.36 4.31 1.06) (4.73 0.98 2.97) (9.53 4.06 4.28) (1.37 4.28 7.85) (4.61 2.8 6.97) (8.13 8.32 7.52) (3.61 1.18 3.05) (3.36 6.67 8.59) (7.87 6.55 6.52) (3.91 0.84 1.46) (7.47 6.36 9.14) (9.37 7.09 2.35) (0.72 9.07 2.3) (0.2 5.7 4.02) (8.69 1.85 9.97) (1.9 6.15 2.96) (0.36 6.48 6.1) (4.6 9.67 3.94) (5.53 4.01 9.56) (1.23 1.69 0.89) (9.1 6.3 1.19) (6.73 9.76 7.8) (2.13 6.86 0.34) (2.22 1.55 0.34)
int 77 (98 83 52) (90 75 74) (32 14 44) (34 38 46) (13 47 76) (25 50 22) (19 35 19) (65 1 8) (89 90 79) (16 76 67) (77 70 48) (87 38 26) (36 72 33) (99 54 42) (58 96 7) (69 58 19) (41 59 55) (62 44 13) (90 97 65) (96 94 69) (65 39 50) (11 68 89) (17 37 77) (58 56 33) (42 89 67) (9 17 37) (85 74 41) (37 3 25) (11 71 41) (2 6 74) (52 62 72) (47 60 2) (68 66 16) (40 35 69) (89 40 71) (90 9 1) (17 95 35) (9 17 25) (35 4 22) (17 99 33) (88 13 29) (25 61 24) (27 96 78) (68 23 98) (16 46 98) (58 55 65) (2 61 31) (8 30 15) (82 40 72) (90 38 91) (74 3 87) (91 71 45) (62 46 72) (67 85 72) (8 25 84) (32 52 95) (31 8 51) (64 12 2) (89 86 31) (65 17 73) (19 53 59) (82 77 94) (81 10 94) (38 89 18) (66 92 11) (87 43 85) (97 21 76) (51 46 40) (7 52 94) (86 83 38) (50 35 44) (24 48 67) (44 63 53) (77 90 77) (91 71 28) (57 26 85) (24 98 22)
int 78 (14 15 73) (94 30 11) (45 35 91) (88 41 73) (80 96 79) (38 30 9) (74 75 77) (65 3 62) (61 72 5) (9 36 88) (97 17 16) (42 47 69) (45 17 7) (54 22 94) (19 57 32) (87 52 79) (82 54 76) (53 45 8) (14 37 53) (45 54 42) (75 46 68) (66 85 93) (84 46 22) (51 43 55) (63 4 4) (76 80 10) (94 46 25) (79 79 69) (13 81 24) (60 19 29) (66 18 54) (63 42 17) (65 62 81) (13 66 24) (46 74 48) (42 38 4) (62 13 85) (4 61 27) (74 6 96) (57 32 48) (21 71 29) (4 66 39) (11 17 11) (56 28 75) (7 17 6) (28 17 29) (25 1 34) (54 27 99) (14 81 59) (88 88 61) (25 68 3) (68 36 92) (60 75 62) (87 39 58) (28 80 9) (62 91 59) (21 15 30) (31 14 7) (8 14 39) (10 41 2) (28 25 29) (14 58 89) (99 13 95) (98 17 94) (25 77 61) (96 65 49) (30 45 72) (39 83 82) (18 56 73) (46 73 56) (38 73 87) (14 74 78) (76 67 34) (59 58 40) (66 16 76) (80 53 49) (3 67 7) (63 58 56)
char 78 (d k m) (f k a) (o t g) (k t o) (m j o) (c a p) (f l f) (m i k) (h h h) (i i i) (q f l) (r r d) (c n s) (c r l) (t l i) (g k h) (h e p) (e e h) (n h m) (d h n) (o h t) (l m g) (p r h) (r g h) (d o m) (g q p) (k r k) (d p e) (g t l) (l a q) (n l k) (t d m) (g t p) (d f h) (q h t) (g b b) (d m o) (n b o) (o k t) (d r h) (t n f) (l e r) (g l m) (f s i) (c f f) (b f h) (c s d) (e c k) (i m m) (a h o) (n h q) (s n a) (e j q) (a n m) (f n n) (g t m) (j b a) (j r m) (d l m) (q t s) (m r f) (a d j) (e h o) (a b k) (c q m) (o d r) (a n i) (f m o) (b a f) (n a f) (t c o) (h l n) (r m m) (q d j) (d o i) (t i c) (q e a) (f r h)
double 79 (9.26 2.3 7.43) (7.65 6.98 0.32) (8.63 7.28 6.59) (3.94 9.82 4.18) (1.69 9.59 4.97) (6.46 2.42 1.37) (3.99 7.74 5.81) (4.31 7.08 3.28) (6 0.62 8.08) (6.75 3.51 9.13) (4.5 6.38 9.06) (6.38 1.85 2.6) (4.6 7.89 8.1) (7.91 7.23 5.74) (7.01 1.32 0.41) (8.35 6.34 7.9) (8.68 7.26 6.02) (6.22 4.71 1.2) (5.65 7.53 4.61) (5.02 9.09 0.08) (1.76 8.37 5.78) (3.84 4.46 8.37) (7.22 6.54 6.62) (3.58 9.96 1.65) (7.71 0.06 9.86) (8.28 5.67 9.91) (6.13 3.51 0.55) (5.72 0.74 8) (5.27 9.83 6.44) (4.23 8.54 6.63) (3.81 9.77 7.63) (5.34 1.22 7.5) (1.78 2.9 8.26) (8.76 9.05 2.66) (7.25 7.16 0.15) (9.86 6.95 3.81) (4.85 7.98 4.53) (6.16 2.89 6) (3.58 1.36 5.51) (6.61 2.55 7.17) (5.9 9.05 2.3) (7.41 8.44 0.42) (1.76 9.57 3.37) (7.11 7.17 3.71) (4.85 3.84 2.08) (3.91 2.65 3.7) (4.14 1.28 9.11) (3.63 3.58 3.58) (8.33 2.31 1.52) (4.94 5.61 0.63) (2.38 9.35 7.38) (0.17 8.51 5.07) (9.16 1.76 6.44) (1.16 5.72 1.47) (0.59 7.92 1.13) (5.45 3.96 5.3) (2.14 8.77 4.85) (1.94 1.61 1.21) (2.11 8.4 4.76) (4.15 4.99 7.81) (3.85 2.47 3.13) (0.82 5.68 2.44) (6.09 5.12 4.62) (2.98 7.56 8.17) (4.31 7.88 6.89) (7.26 9.11 9.97) (4.3 2.84 9.54) (8.54 7.32 5.72) (0.49 0.21 0.66) (2.98 3.78 4.34) (4.82 3.3 8.96) (4.05 3.45 1) (4.39 2.95 7.37) (3.72 5.48 0.3) (0.8 9.54 1.02) (2.99 6.51 8.12) (3.83 1.15 3.94) (3.59 3.81 2.14) (4.03 5.34 6.86)
double 79 (5.79 6.07 1.17) (8.17 9.09 9.73) (0.78 2.01 0.85) (1.71 8.68 3.02) (8.07 7.03 7.41) (6.17 5.08 9.9) (9.28 9.64 4.94) (1.37 7.63 2.59) (6.3 6.43 4.5) (7.48 6.17 2.25) (5.23 5.93 2.3) (3.37 4.33 0.81) (2.54 9.04 4.28) (3.68 2.68 2.55) (2.55 8.93 0.97) (8.1 9.9 6.29) (1.86 8.68 0.17) (2.55 6.58 7.87) (7.76 5.54 6.31) (4.56 8.16 8.24) (0.3 4.27 2.24) (4.08 8.24 5.83) (4.49 1.58 9.53) (9.38 8.87 9.73) (3.75 3.89 1.55) (0.95 6.79 6.42) (1.21 3.03 5.24) (9.09 8.56 2.94) (3.63 7.72 5.83) (9.77 1.7 8.36) (6.3 0.35 7.57) (4.54 3.6 3.12) (9.01 9.59 5.22) (4.34 5.98 7.73) (6.11 9.01 0.71) (5.57 3.7 1.22) (5.85 1.26 4.8) (3.09 0.35 3.32) (6.9 9.4 9.4) (0.61 9.26 8.3) (3.6 5.12 6.05) (5.73 9.07 7.82) (9.24 7.28 4.35) (8.42 9.09 0.67) (1.48 1.27 7.36) (2.7 9.92 9.2) (2.01 1.45 4.46) (6.39 0.92 0.17) (7.96 9.78 4.21) (6.62 1.58 0.4) (1.38 3.05 7.82) (2.48 4.11 6.03) (6.15 0.12 7.77) (8.6 9.66 5.36) (5.39 3.23 4.05) (3.72 7.71 0.75) (0.52 8.08 6.96) (3.14 5.17 4.74) (4.71 0.5 5.85) (5.51 1.78 2.05) (5.17 9.15 4.01) (1.5 0.28 7.08) (1.66 1.55 3.44) (8.72 4.12 8.23) (4.29 3.49 3.7) (0.24 6.86 5.41) (4.69 8.13 0.27) (1.47 6.74 3.23) (3.03 2.24 8.6) (3.06 8.13 8.15) (5.45 5.56 8.17) (9.46 2.68 3.03) (4.83 6.72 0.91) (7.41 1.81 5.77) (2.33 1.35 4.07) (8.55 2.49 1.51) (8.65 5.24 2.2) (0.12 2.44 2.49) (0.35 5.35 1.49)
double 79 (0.67 9.67 3.22) (4.25 3.57 5.52) (6.18 0.6 1.47) (0.13 3.85 3.77) (0.81 2.01 6.88) (4.13 9.29 9.85) (2.45 5.95 3.79) (6.19 3.37 6.6) (3.51 2.05 7.96) (7.24 8.99 9.13) (2.47 6.78 9.74) (8.96 5.24 7.03) (7.93 7.93 9.34) (6.54 1.72 2.9) (0.49 7.64 3.35) (7.33 4.92 0.1) (0.97 4.81 2.26) (6.69 2.14 9.42) (2.1 7.23 6.03) (1.77 6.9 5.48) (9.8 5.38 3.3) (7.58 1.01 2.78) (9.72 9.34 9.19) (2.33 2.47 9.17) (9.67 8.55 8.69) (3.34 1.09 0.2) (7.68 6.67 2.04) (0.42 2.06 5.98) (3.45 2.31 9.09) (8.35 9.79 2.32) (9.22 9.06 4.25) (7.37 5.7 4.47) (1.11 3.44 2.08) (9.65 2.92 0.24) (6.86 3.85 0.18) (4.85 2.49 0.76) (2.01 1.9 4.05) (2.57 9.12 2.74) (7.39 2.78 7.21) (1.32 0.49 1.43) (4.41 4.53 4.44) (2.13 4.99 3.01) (9 4.23 9.88) (4.34 6.24 8.78) (5.48 9.47 7.19) (2.86 0.62 7.87) (8.95 1.09 8.52) (0.26 4.51 5.72) (4.2 6.07 0.43) (1.45 4.42 1.76) (6.86 7.79 2.74) (6.28 7.26 6.55) (9.81 9.17 9.71) (3.95 3.1 7.83) (5.59 6.28 6.29) (0.2 1.98 2.28) (9.86 3.67 3.42) (0.5 5.14 6.43) (1.35 1.6 4.32) (8.09 6.59 1.52) (4.06 6.47 7.46) (0.45 6.34 7.62) (3.45 2.68 9.57) (8.73 7.74 1.36) (5.2 5.8 9.75) (6.86 9.16 6.06) (6.29 4.82 6.22) (2.55 7.92 5.69) (9.92 0.64 4.89) (3.59 7.61 8.68) (1.34 1.75 2.19) (5.11 9.12 6.23) (0.93 4.48 2.91) (1.24 3.8 7.45) (7.5 0.63 1.68) (1.15 8.62 8.04) (6.22 6.49 0.68) (1.98 8.87 1.43) (4.35 8.44 2.62)
int 80 (38 80 2) (14 32 88) (60 42 80) (87 30 1) (68 15 90) (82 75 43) (21 80 98) (17 79 76) (23 91 25) (78 96 33) (42 62 6) (18 25 10) (15 48 85) (9 74 16) (30 76 48) (99 89 41) (51 45 80) (62 34 16) (3 69 34) (5 27 74) (65 21 82) (29 51 28) (46 29 14) (4 42 73) (20 19 85) (32 76 12) (75 21 29) (64 2 6) (22 74 92) (8 97 22) (70 40 19) (22 12 56) (67 70 6) (64 72 21) (99 35 24) (16 57 19) (28 23 2) (19 84 45) (71 60 95) (43 29 8) (96 36 8) (39 3 72) (44 31 90) (95 71 99) (26 63 23) (64 38 68) (15 61 16) (93 96 60) (58 34 9) (8 16 66) (95 49 71) (88 95 45) (16 14 8) (24 44 24) (42 47 6) (17 81 23) (3 44 98) (21 21 13) (49 7 34) (39 4 8) (7 25 97) (57 67 26) (94 36 92) (60 8 76) (41 15 39) (27 16 18) (68 50 82) (4 32 12) (14 23 29) (81 67 46) (59 67 72) (86 94 28) (31 84 81) (84 35 11) (89 80 76) (30 80 38) (42 29 16) (4 39 5) (75 12 70) (14 98 30)
int 82 (40 15 13) (12 9 54) (49 97 12) (41 85 69) (49 94 89) (97 94 1) (42 23 99) (80 54 53) (19 76 79) (42 85 48) (66 51 2) (71 73 63) (64 27 13) (93 47 69) (68 17 6) (4 50 24) (43 68 58) (91 11 42) (12 91 40) (44 16 31) (22 96 70) (41 42 43) (36 19 58) (12 52 54) (73 39 21) (83 22 44) (87 89 21) (34 95 71) (71 4 74) (57 58 78) (96 51 37) (8 95 54) (37 76 65) (89 35 86) (80 54 95) (19 79 74) (67 16 52) (25 45 70) (23 20 53) (17 8 81) (71 4 44) (62 50 4) (24 92 3) (67 17 99) (34 36 69) (49 79 51) (47 54 27) (75 81 62) (65 40 67) (3 17 41) (78 60 87) (71 97 20) (33 72 33) (11 45 9) (95 93 25) (64 23 60) (28 68 59) (44 44 57) (88 6 25) (41 95 72) (25 97 20) (23 95 70) (4 4 98) (81 36 6) (40 82 72) (1 56 17) (16 61 80) (14 85 54) (84 51 95) (40 37 69) (10 76 68) (12 22 65) (31 96 67) (76 88 92) (77 30 73) (91 7 27) (14 47 89) (8 69 20) (61 5 93) (61 48 81) (17 25 49) (85 80 28)
double 83 (7.45 4.06 3.09) (4.74 9.78 2.19) (4.3 6.31 3.89) (5.43 9.91 3.03) (4.27 9.92 7.44) (0.21 3.86 1.91) (9.76 3.78 1.03) (0.56 5.07 5.68) (1.75 6.54 7.77) (6.62 4.85 8.01) (0.4 7.73 8.42) (2.7 9.46 8.59) (4.29 6.09 5.59) (4.3 6.32 2.33) (1.48 7.73 2.49) (0.84 0.53 3.54) (0.25 2.5 4.03) (1.92 3.89 0.95) (2.63 0.26 0.55) (8.8 0.91 0.24) (0.51 2.15 3.93) (7.49 4.96 2.38) (6.92 9.73 4) (9.08 7.56 2.92) (5.05 3.24 1.33) (2.33 5.66 9.18) (8.73 8.55 7.14) (4.92 3.27 0.14) (9.8 2.8 8.83) (9.04 9.26 0.3) (9.45 6.38 6.85) (5.2 3.09 3.87) (3.53 8.65 6.92) (5.53 4.19 5.76) (9.41 8.77 6.88) (8.18 3.39 1.07) (6.91 6.76 5.47) (0.4 1.47 5.41) (6.6 8.16 5.58) (4.61 4.06 7.97) (0.49 7.58 1.66) (4.34 7.25 5.59) (6.18 3.44 8.88) (4.93 3.04 3.93) (6.25 9.3 9.15) (1.84 5.25 0.33) (8.76 2.52 8.72) (7.6 9.22 4.91) (6.24 9.31 9.94) (3.16 8.01 1.06) (4.91 2.61 6.55) (3.9 5.81 0.73) (9.76 8.84 7.56) (7.52 3.06 2.55) (9.01 5.22 6.24) (0.58 0.46 4.39) (5.05 7.28 8.21) (4.23 7.14 2.81) (4.21 9.45 3.87) (1.26 4.91 2.3) (8.79 8.89 0.36) (8.43 9.11 5.15) (7.58 5.04 4.41) (2.79 1.1 8.18) (1.61 9.49 8.22) (1.73 5.92 6.28) (2.37 1.35 0.41) (9.79 7.78 9.88) (4.69 1.59 7.85) (9.15 4.48 6.73) (1.5 2.88 1.36) (2.18 0.47 7.62) (8.6 3.72 5.51) (5.34 7.62 8.9) (8.22 9.29 8.48) (5.98 3.41 0.71) (0.05 0.76 8.45) (1.85 0.16 6.91) (5.73 2.18 4.31) (8.59 4.66 5.54) (9.31 6.18 2.07) (0.97 3.77 0.67) (0.86 7.1 6.12)
char 84 (p d g) (d s p) (j q i) (j e a) (j a i) (a j q) (t f q) (i r r) (i c d) (a r s) (d r n) (p j f) (m k a) (a k g) (k e b) (c h e) (p q n) (a i p) (c k t) (a l r) (k l i) (d i i) (g g b) (m b c) (r t h) (t c m) (n l r) (j j d) (h r s) (k o h) (d q j) (n n q) (p h c) (i n e) (k h r) (r j l) (s a q) (k d g) (r a j) (o a b) (l o l) (f e q) (r r i) (s s i) (s g b) (t i k) (t h l) (s s a) (p r a) (d p d) (g l s) (j l l) (m d i) (i j g) (j p s) (g n s) (d g j) (a s p) (i e l) (s e g) (j n p) (k g e) (p r d) (n s a) (r e n) (q i c) (b r d) (p p t) (i c t) (j l e) (b n c) (i i b) (h b g) (q c a) (d b d) (r e p) (d e h) (h n b) (k p p) (e s s) (t o l) (m h i) (s m a) (a q i)
char 87 (l g s) (q o d) (l b a) (b s r) (g g o) (c k r) (e t g) (a t b) (d p l) (c b n) (t a j) (h m m) (k l t) (c d d) (i i q) (p g k) (m o c) (j f n) (f i k) (c p j) (o n m) (g c c) (d j g) (l b d) (b r g) (r f s) (s m p) (f h d) (j e h) (i q h) (d a h) (b e a) (n g k) (o a l) (a c k) (r r p) (e q d) (n o l) (f j h) (k o s) (a i d) (b k j) (h c n) (l r r) (t a d) (q l d) (q m q) (n b r) (r o p) (o l k) (f f q) (j b q) (d o e) (a c k) (i g j) (b f k) (p s l) (c a q) (a o s) (o t c) (b b t) (n m f) (k c n) (r o a) (a h f) (a c g) (o b t) (p d b) (r r m) (f q t) (b f n) (c i i) (o f h) (j j d) (q g p) (l k p) (f i b) (d e d) (r b l) (q c l) (k f d) (e r f) (n q c) (s b a) (n i l) (m j o) (d f l)
bool 90 (0 1 0) (1 0 0) (1 1 0) (0 0 1) (1 1 0) (0 0 0) (1 0 0) (1 0 1) (1 1 1) (0 1 1) (0 1 1) (1 0 1) (0 1 0) (1 1 0) (0 0 1) (1 1 1) (0 1 1) (0 0 1) (0 0 1) (0 0 1) (0 1 0) (0 0 1) (1 0 0) (0 1 0) (1 0 1) (0 0 1) (1 0 1) (0 0 0) (1 1 0) (1 1 1) (1 0 1) (0 0 1) (1 0 0) (0 0 1) (0 0 0) (0 0 0) (0 0 0) (0 0 1) (1 1 0) (0 1 1) (0 0 0) (0 1 1) (1 1 0) (0 1 0) (0 1 1) (1 0 0) (0 1 1) (1 0 1) (1 0 0) (0 0 0) (0 1 0) (0 1 1) (1 1 1) (1 1 1) (1 0 0) (0 1 0) (0 0 1) (1 1 0) (1 0 1) (0 0 1) (0 1 1) (0 1 0) (1 1 0) (1 1 1) (0 0 1) (0 0 1) (1 0 1) (0 0 1) (0 1 0) (0 1 0) (0 0 0) (0 1 1) (1 1 0) (0 0 0) (0 1 0) (1 0 1) (0 0 0) (1 1 0) (1 0 0) (1 0 1) (1 1 1) (0 0 1) (1 0 0) (1 0 0) (1 0 1) (1 0 0) (1 1 1) (1 0 0) (0 1 0) (1 1 1)
double 91 (6.35 3.71 1.58) (5.35 5.18 9.15) (5.78 4.05 5.6) (3.1 0.13 3.92) (2.63 9.3 8.41) (4.26 2.68 3.95) (6.34 8.18 9.06) (5.65 6.25 0.71) (4.26 0.02 7.11) (4.95 8.72 4.11) (1.56 2.1 1.64) (4.99 5.85 3.28) (9.73 5.1 3.08) (7.58 4.29 0.82) (0.05 5.67 2.57) (9.53 3.16 6.91) (2.35 2.49 7.61) (5.13 9.22 0.42) (8.84 3.89 0.99) (4.03 8.18 6.88) (2.37 4.53 4.09) (1.64 9.92 0.89) (0.75 0.16 1.42) (9.97 8.19 5.71) (0.25 3.76 4.23) (4.5 1.72 2.41) (5.04 0.75 5.15) (8.69 0.78 3.84) (8.33 4.74 4.5) (9.93 3.58 8.3) (9.22 9.96 4.93) (1.16 5.43 6.31) (5.88 8.6 3.93) (4.78 4.71 7.76) (4.68 7.87 5.5) (4.13 7.32 9.58) (7.87 5.84 0.69) (9.35 8.16 5.1) (6.18 9.24 2.67) (4.92 0.78 1.83) (8.03 3.06 2.81) (3.8 2.01 3.19) (7.03 4.62 9.76) (2.49 8.58 2.32) (1.13 8.07 3.16) (7.86 2.73 5.3) (0.34 4.21 2.71) (3.87 6.36 3.61) (0.78 2.4 0.86) (6.8 3.04 6.52) (5.43 6.82 1.71) (4.27 7.24 4.79) (9.33 9.06 3.76) (1.01 4.25 1.94) (7.65 8.27 4.44) (2.38 9.54 1.75) (8.08 2.4 2.81) (7.76 6.07 1.87) (9.71 7.18 5.92) (8.6 3.56 5.2) (0.67 9.98 6.7) (9.78 8.95 9.7) (6.33 8.21 2.93) (9.07 1.82 1.76) (9.79 7.54 9.46) (4.26 4.61 2.42) (2.21 5.61 6.61) (5.87 1.65 0.43) (7.55 6.44 3.98) (3.25 5.33 5.22) (9.43 9.48 1.04) (7.14 6.66 2.31) (0.73 6.8 9.29) (2.93 4.4 5.01) (5.12 0.47 5.52) (4.85 2.51 8.54) (0.05 2.42 2.72) (1.08 9.59 5.8) (2.05 3.89 0.48) (1.15 5.27 7.26) (1.89 9.43 0.91) (8.63 1.14 4.75) (9.74 8.23 4.98) (6.3 7.82 6.23) (3.31 3.66 3.42) (1.8 7.43 8.87) (8.58 7.18 3.06) (6.63 6.53 3.92) (3.98 9.94 2.16) (1.82 7.85 3.39) (5.12 6.81 5.52)
double 91 (0.68 2.07 0.62) (2.01 4.14 6.71) (0.59 9.62 6.54) (8.35 1.78 6) (8.18 6.81 6.43) (4.97 5.08 7.52) (1.07 7.06 5.8) (7.41 3.9 2.5) (1.1 8.07 1.15) (8.29 3.38 3.19) (1.45 5.64 6.85) (2.99 1.65 7.71) (5.23 0.06 0.66) (2.96 2.21 1.3) (4.08 1.93 4.07) (6.2 1.93 2.5) (5.1 6.81 6.22) (1.42 1.92 1.79) (5.66 0.36 1.97) (8.52 3.3 5.04) (7.1 9.94 5.94) (1.76 4.38 5.45) (5.5 1.02 1.88) (1.28 0.6 4.07) (6.75 7.06 9.77) (8.88 0.2 8.75) (3.94 3.99 1.88) (6.63 1.63 0.8) (2.5 9.46 0.67) (7.07 0.31 5.66) (6.1 4.97 6.66) (7.25 8.71 6.48) (8.48 0.4 2.73) (6.27 0.6 3.46) (6.01 2.82 2.31) (4.38 6.83 8.26) (6.18 8.29 3.09) (2.3 3.17 8.59) (5.35 1.7 8.55) (9.53 6.33 9.44) (8.78 9.62 2.71) (8.92 4.46 4.53) (3.75 7 8.75) (4.88 8.21 0.44) (2.4 1.08 4.21) (3.71 4.31 7.05) (9.02 1.22 2.23) (0.01 0.07 0.62) (8.94 9.52 1.86) (6.31 3.46 2.32) (6.4 5.8 5.35) (8.83 6.32 1.99) (0.01 5.42 4.05) (9.91 4.54 3.03) (4.85 2.43 3.89) (8.21 9.32 1.32) (7.44 0.64 4.28) (4.72 5.92 8.37) (8.43 1.94 1.22) (2.96 4.7 3.43) (6.12 6.7 7.87) (3.78 5.45 7.71) (7.89 4.05 2.07) (9.59 8.04 0.38) (9.67 3.61 9.96) (8.6 9.99 0.08) (2.9 4.4 6.69) (5.19 2.65 9.43) (7.27 8.88 0.54) (1.39 8.95 3.15) (0.08 9.8 5.26) (9.83 3.24 3.23) (7.25 4.82 9.28) (3.84 6.18 4.5) (3.45 4.24 3.83) (5.17 6.78 8.15) (9.89 9.78 0.61) (0.62 2.77 1.27) (8.55 4.43 2.96) (3.84 4.24 7.37) (7.63 3.26 8.48) (9.42 2.35 6.62) (6.52 4.88 4.07) (2.35 3.32 7.49) (8.85 8.48 3.44) (3.38 3.05 1.78) (9.21 2.49 3.5) (1.76 5.22 4.23) (2.76 4.3 1.16) (6.93 2.9 4.54) (4.89 5.38 8.49)
double 92 (1.87 5.41 1.95) (2.8 3.13 0.7) (4.74 2.31 4) (2.94 0.39 2.99) (5.05 1.98 1.52) (4.54 6.55 7.55) (1.4 3.17 6.45) (3.02 6.94 0.13) (1.75 2.72 9.62) (1.37 5.57 4.41) (0.75 4.02 8.97) (9.61 8.81 5.9) (2.32 8.25 5.36) (8.31 5.44 9.6) (3.48 0.3 1.63) (6.43 5.31 7.09) (5.85 4.34 3.87) (9.63 5.13 2.68) (4.73 1.61 9.48) (2.26 5.42 7.66) (9.75 0.13 4.57) (5.44 2.39 3.93) (6.33 2.04 4.1) (5.87 1.59 6.46) (1.68 7.1 7.95) (7.48 6.48 7.54) (0.56 3.98 4.01) (2.75 4.08 0.19) (2.89 0.85 3.82) (5.77 4.23 3.48) (3.15 0.98 3) (2.59 7.76 2.33) (4.77 9.06 6.06) (2.74 0.66 7.06) (6.23 4.76 0.27) (0.49 9.12 3.93) (7.22 7.74 8.81) (1.3 1.2 7.79) (3.39 9.27 7.64) (6.36 5.91 2.25) (1.09 8.13 0.85) (4.83 9.98 3.34) (4.41 0.6 5.32) (4.13 2.22 6.83) (2.07 4.79 4.95) (2.39 8.28 0.96) (2.31 1.81 0.55) (1.29 8.76 8.59) (0.47 5.18 8.27) (9.88 0.16 1.32) (4.72 6.18 1.36) (6.81 4.72 9.11) (2.05 8.56 0.1) (2.85 9.28 5.38) (7.6 0.22 7.62) (2.63 3.88 3.87) (9.26 5.04 0.33) (7.05 4.65 1.56) (1.04 5.38 4.94) (5.87 0.22 3.38) (8.78 4.11 6.63) (5.99 8.21 6.33) (9.89 5.51 4.8) (6.73 1.43 2.94) (0.58 5.8 9.12) (7.26 4.77 6.33) (9.55 5.1 9.79) (0.72 7.65 7.5) (2.37 8.32 3.9) (0.47 2.7 3.07) (8.42 4.22 5.49) (1.62 0.71 9.97) (5.95 3.02 9.51) (5.79 2.58 4.68) (8.23 8.53 3.82) (4.35 9.52 2.9) (4.32 1.47 0.23) (6.85 0.99 1.03) (4.04 4.38 1.83) (2.4 5.92 6.85) (3.09 3.71 4.48) (6.23 7.19 6.25) (7.77 1.6 7.64) (8.24 4.55 2) (8.37 1.27 5.88) (3.7 1.3 5.39) (3.77 5.36 4.03) (5.33 6.52 9.85) (0.55 1.56 9.38) (6.37 5.11 9.67) (3.28 2.54 2.78) (8.52 6.98 2.36)
char 95 (t b j) (t q f) (c m q) (f k s) (f r o) (l n c) (n q g) (m b b) (t q o) (b p q) (e d o) (q n j) (r m d) (l r e) (o m o) (m h h) (e d n) (j j n) (e o n) (k c r) (r i h) (r r h) (o b o) (b p j) (j s s) (c k q) (o q l) (d t r) (e m s) (d f f) (m g l) (n d g) (i j r) (o q p) (j s m) (j b c) (s t p) (r l r) (e m s) (h b h) (d o b) (b s s) (a i e) (o o t) (p s f) (b h n) (o m p) (f t g) (p p a) (q c j) (g d b) (f h f) (m l q) (c b s) (p s f) (k c b) (t i e) (f a t) (t s f) (b f e) (o p c) (f a n) (m f t) (o e g) (o r n) (t m f) (j i p) (i b q) (n s i) (s r n) (q b k) (h m q) (l o a) (r q f) (q c d) (c n d) (j t e) (q d t) (d f q) (t j d) (n e s) (q r a) (k h a) (h k o) (g d e) (m n q) (g g k) (m j o) (q q k) (g h b) (q h b) (c j t) (q g g) (t h f) (m q g)
int 95 (75 16 24) (89 9 7) (85 62 53) (3 79 43) (43 51 87) (73 23 97) (77 72 85) (23 78 84) (65 70 3) (85 72 58) (26 22 54) (95 71 14) (76 6 22) (65 79 73) (86 72 69) (90 41 68) (16 8 72) (25 34 55) (75 84 23) (80 4 53) (96 36 85) (3 6 92) (90 56 11) (30 91 36) (21 64 62) (67 79 99) (79 50 99) (58 43 67) (95 9 95) (29 56 54) (47 32 24) (63 1 76) (51 58 34) (37 8 90) (99 58 64) (81 14 91) (10 97 93) (12 28 91) (31 20 64) (17 74 34) (49 9 27) (86 17 5) (90 33 20) (35 12 99) (38 65 71) (61 53 25) (61 19 20) (81 62 78) (46 29 86) (63 74 31) (48 73 46) (28 6 8) (65 71 26) (17 91 24) (98 94 70) (72 62 39) (2 57 62) (50 25 55) (6 77 95) (77 80 49) (34 82 83) (69 83 24) (88 53 60) (26 22 84) (32 80 67) (96 76 68) (42 17 17) (64 67 30) (49 37 83) (45 59 46) (6 99 77) (73 50 9) (84 75 84) (95 45 88) (82 88 54) (74 66 73) (7 36 8) (82 64 24) (93 5 15) (78 71 13) (72 71 97) (92 65 69) (83 92 60) (84 41 9) (37 5 20) (7 43 65) (21 88 15) (22 89 36) (29 73 71) (59 71 50) (98 61 74) (47 65 97) (16 86 27) (9 84 24) (66 35 97)
int 96 (93 12 40) (27 49 65) (95 58 83) (14 44 42) (62 9 73) (41 62 98) (57 13 16) (25 67 91) (52 58 3) (74 49 79) (65 53 50) (89 84 15) (36 42 31) (64 56 26) (3 22 48) (68 16 5) (19 71 71) (94 12 94) (46 84 45) (47 6 12) (31 31 18) (99 63 48) (14 65 34) (21 83 45) (95 7 95) (8 84 7) (91 74 98) (42 80 64) (1 12 95) (79 90 42) (38 86 45) (74 81 51) (70 86 22) (84 89 81) (64 2 98) (31 20 7) (73 51 57) (32 23 26) (55 55 89) (31 7 49) (44 35 85) (15 39 43) (18 79 89) (21 58 52) (82 73 44) (43 64 71) (35 20 47) (46 3 77) (4 82 33) (43 53 47) (37 95 28) (50 70 86) (40 67 38) (89 65 53) (60 11 5) (1 63 58) (47 13 70) (33 10 62) (67 3 13) (40 74 80) (86 76 76) (67 14 57) (40 24 65) (70 5 71) (45 53 78) (6 32 74) (13 81 78) (51 53 39) (29 70 34) (12 95 91) (28 34 63) (28 11 41) (40 28 64) (51 9 14) (33 14 83) (16 66 93) (57 43 90) (9 54 2) (38 54 89) (44 17 54) (73 52 96) (11 57 34) (85 37 70) (84 68 56) (93 33 11) (48 78 4) (14 53 51) (54 57 7) (14 1 54) (3 67 38) (96 33 48) (64 14 26) (21 17 4) (83 13 12) (18 77 97) (94 99 2)
char 96 (f o l) (o e p) (f k m) (k b b) (q p r) (p p s) (q e t) (j t p) (f j b) (i m k) (n m l) (c q p) (f s m) (s p r) (j a f) (f n f) (s h b) (l k d) (n e t) (q d m) (h q m) (j n c) (s b o) (t o a) (q h k) (b j j) (n k j) (f h c) (q e i) (k a t) (a l n) (b g i) (i d r) (l r a) (c n n) (q g k) (f p o) (i l m) (l i o) (q e g) (r f h) (o o l) (j g n) (a s i) (o t i) (s s t) (m r o) (h i d) (t o d) (p c d) (l o i) (c r b) (l q j) (h f c) (s b p) (s r r) (b o a) (f r m) (d r a) (c m f) (e c r) (j p b) (q a e) (d d p) (c r n) (s p n) (k f s) (a b f) (j g k) (e d n) (e p e) (q q a) (i j t) (n n s) (d k h) (j g c) (t m g) (n h m) (g b r) (b b h) (q t l) (m t d) (e n s) (d r f) (c k j) (i i g) (i k g) (c l o) (i s m) (k a f) (p b c) (k f s) (q d s) (r j s) (b s r) (l h q)
int 97 (63 89 40) (42 23 24) (90 72 74) (58 87 12) (63 43 63) (62 57 80) (86 33 11) (86 47 93) (92 49 11) (6 38 63) (17 39 47) (52 48 90) (21 10 87) (87 35 11) (76 72 68) (57 19 65) (63 54 94) (12 96 77) (37 6 23) (10 33 88) (20 69 10) (16 51 44) (33 92 26) (24 63 15) (70 48 41) (84 6 19) (63 68 32) (15 52 55) (1 15 8) (61 17 94) (27 10 4) (45 8 5) (66 38 98) (72 4 53) (41 57 72) (86 31 76) (28 65 54) (35 90 73) (96 70 87) (76 80 76) (44 73 85) (99 27 92) (56 27 58) (51 55 39) (21 10 63) (23 72 19) (93 79 26) (26 76 37) (76 48 43) (9 73 50) (98 83 16) (17 36 7) (48 18 26) (83 29 3) (6 25 28) (40 48 85) (83 65 92) (4 94 77) (14 1 93) (20 79 20) (8 70 92) (9 40 84) (61 44 24) (84 22 62) (36 47 55) (77 72 2) (46 37 61) (20 56 67) (49 78 6) (35 80 33) (75 84 68) (13 36 48) (97 97 49) (12 50 56) (85 8 82) (97 47 79) (67 36 3) (65 96 11) (10 7 65) (13 97 84) (16 3 70) (80 7 42) (3 35 91) (10 93 49) (46 75 56) (57 45 34) (22 39 23) (48 37 90) (67 56 16) (81 81 46) (32 82 91) (66 98 87) (47 21 93) (36 89 97) (69 87 32) (88 96 2) (4 15 53)
int 99 (6 70 33) (60 83 88) (1 87 60) (33 90 9) (74 50 81) (47 66 25) (3 49 36) (59 49 97) (42 23 17) (68 85 52) (63 29 76) (46 14 10) (7 61 34) (20 90 13) (65 52 75) (87 83 97) (64 17 25) (22 39 57) (47 58 25) (32 2 55) (41 19 72) (53 87 55) (64 16 73) (81 42 85) (4 46 65) (81 69 12) (17 62 60) (18 15 50) (50 96 66) (32 82 60) (76 76 71) (65 82 13) (43 50 49) (40 70 5) (1 97 58) (52 43 56) (81 31 13) (17 69 45) (76 85 53) (36 39 5) (88 83 9) (53 1 67) (97 54 70) (21 86 71) (30 75 89) (65 33 92) (67 47 20) (81 63 24) (50 66 28) (59 18 77) (68 65 90) (88 96 64) (29 62 41) (7 99 16) (5 26 1) (96 86 86) (15 57 58) (62 10 87) (5 1 93) (85 49 6) (69 33 17) (98 93 55) (43 74 18) (93 93 86) (98 93 30) (23 94 66) (55 67 11) (15 99 37) (21 64 9) (69 5 35) (58 72 84) (73 85 75) (12 43 50) (51 4 10) (57 33 47) (91 84 32) (70 18 80) (70 48 75) (70 4 16) (98 15 7) (58 44 9) (5 70 61) (8 11 51) (9 51 22) (93 15 82) (77 70 99) (38 73 10) (29 30 91) (42 10 8) (55 38 16) (5 23 72) (62 58 36) (53 36 22) (15 39 8) (5 66 58) (37 85 66) (3 70 26) (58 29 79) (53 28 31)
double 99 (9.12 1.21 6.09) (8.3 1.57 0.42) (3.79 1.75 0.04) (9.71 1.1 6.99) (9.5 4.14 4.54) (7.9 5.46 9.76) (7.51 2.37 4.48) (0.95 9.15 7.05) (8.75 9.96 2.24) (4.35 8.77 2.82) (8.62 5.28 8.93) (8.34 1.05 8.87) (5.26 3.31 4.2) (2.66 7.22 3.56) (1.1 1.73 8) (3.77 8.73 4.43) (7.66 2.89 6.95) (6.5 6.17 6.53) (7.73 1.26 1.48) (5.47 4.75 2.67) (2.65 6.46 4.07) (1.4 7.91 4.79) (4.13 4.91 9.22) (7.84 1.15 2.6) (4.98 4.61 1.41) (2.87 7.54 7.48) (3.18 9.67 5.77) (5.74 6.01 2.1) (3.89 8.16 6.26) (3.66 2.92 5.13) (7.58 7.74 0.57) (1.75 4.9 4.17) (5.64 4.23 7.59) (8.33 7.99 5.53) (3.77 6.26 6.4) (5.11 1.08 6.65) (6.9 0.91 9.7) (7.12 8.44 2.34) (1.76 2.42 9.33) (0.99 5.66 5.15) (4.8 0.32 7.13) (4.13 3.83 7.65) (9.49 0.21 6.6) (4.44 8.84 3.31) (4.29 5.72 0.19) (9.13 4.54 0.82) (8.03 1.85 7.15) (5.03 2.35 1.3) (2.3 1.33 6.04) (8.38 9.34 8.42) (5.45 8.88 8.1) (2.06 4.05 5.44) (9.96 5.03 7.05) (4.3 2.68 4.64) (4.66 6.43 1.38) (7.07 1.52 1.4) (3.83 4.81 5.5) (6.66 4.28 4.36) (5.01 0.67 5.24) (7.27 3.66 0.83) (6.55 8.87 4.95) (1.47 5.79 8.77) (0.39 4.25 5.81) (2.63 4.56 4.15) (7.67 7.7 9.98) (9.27 9.15 5.52) (6.9 8.37 8.32) (6.41 4.55 6.49) (8.66 3.51 9.03) (8.38 3.61 6.96) (2.09 9.63 8.85) (9.48 5.49 7.31) (0.85 0.66 3.7) (5.7 9.42 5.14) (6.61 5.92 4.71) (5.89 4.61 5.69) (8.72 2.18 5.2) (8.57 2.38 5.13) (9.72 6.46 9.03) (8.55 5.04 8.15) (3.08 7.89 5.32) (2.94 2.31 9.25) (2.25 5.24 1.31) (1.23 8.27 9.68) (7.62 2.93 0.49) (2.13 5.89 7.79) (5.02 9.08 0.97) (6.15 8.94 5.03) (7.49 5.89 2.08) (9.87 5.21 2.31) (0.73 1.2 9.88) (9.99 7.34 3.86) (8.97 6.98 7.47) (4.49 0.64 1.1) (1.07 4.43 1.26) (6.45 6.42 4.54) (2.2 2.73 3.97) (2.65 8.94 0.7) (4.62 3.44 6.06)
int 99 (18 13 6) (28 29 78) (11 70 67) (46 82 34) (3 97 23) (89 54 81) (25 37 56) (45 43 93) (38 45 34) (46 88 43) (61 7 26) (9 39 51) (2 3 21) (86 35 33) (82 70 32) (23 76 15) (28 49 37) (46 91 40) (76 88 53) (31 26 6) (97 68 56) (84 63 5) (41 94 69) (95 46 77) (35 22 95) (48 49 13) (93 38 99) (75 25 98) (6 63 32) (20 72 15) (75 89 2) (43 18 87) (62 83 17) (43 24 70) (2 74 81) (41 92 49) (91 83 53) (94 90 73) (12 30 61) (66 10 68) (71 63 58) (37 13 40) (9 10 14) (12 26 55) (68 48 51) (66 19 55) (15 93 71) (85 52 71) (78 96 91) (76 46 67) (50 58 51) (2 65 23) (87 28 67) (63 23 35) (68 79 73) (98 58 28) (96 30 90) (56 59 2) (96 34 84) (69 32 64) (57 71 96) (53 79 13) (2 1 95) (75 29 48) (91 71 55) (68 68 40) (55 79 66) (61 11 59) (93 79 32) (7 21 5) (90 51 83) (40 94 23) (54 39 69) (68 75 43) (86 35 7) (29 24 60) (26 19 2) (85 56 3) (87 37 39) (89 80 8) (59 90 48) (85 93 58) (67 61 36) (95 43 72) (62 14 87) (45 15 92) (36 4 57) (56 55 3) (53 42 65) (89 89 99) (50 56 54) (88 96 21) (1 95 80) (92 27 79) (79 75 66) (54 46 12) (50 43 19) (33 61 41) (96 81 20)
char 100 (e l e) (f q s) (g h r) (j q q) (s a c) (g l i) (c m r) (f b o) (m i j) (r h k) (o m j) (j f i) (o b k) (b o o) (f f k) (m n n) (a h g) (o m s) (f t g) (a i e) (r b d) (k d d) (c t n) (m c c) (l o d) (n n s) (n d b) (l n c) (n h p) (t c n) (p d m) (l d p) (l q a) (p b q) (b o n) (o q s) (c d m) (q a t) (e t h) (d c o) (k l q) (n t b) (q e g) (g c p) (s j o) (l i n) (n h e) (r o h) (c q d) (n f f) (d j a) (q n r) (q m n) (d c m) (p a m) (c g s) (h e b) (q f h) (k o f) (m k m) (i t b) (h q q) (q n o) (b m c) (e f j) (o p k) (p n p) (o k a) (p g n) (f h g) (b f c) (i t b) (s k j) (h j h) (a f e) (o j l) (k b c) (c c r) (q h t) (q e j) (k s e) (d p h) (b k g) (f o k) (m h s) (c o q) (h m q) (g m i) (a e l) (q d k) (k q o) (n m h) (g b p) (t h h) (r p f) (h g p) (f f k) (j g k) (d c g) (k h g)
char 100 (d g d) (o k n) (r r b) (i i s) (a b j) (l l b) (q b k) (p a o) (d s g) (o b s) (d c l) (a g k) (h e p) (e j t) (k m l) (r g i) (p p s) (d h p) (h k k) (d s n) (t n r) (s r n) (l r p) (k c t) (d p q) (j e e) (e p o) (l e k) (o e o) (k g p) (h e q) (f o a) (g r r) (e s s) (j k g) (m n k) (h q l) (p g a) (m b r) (i m d) (t t n) (i h p) (i d s) (n r i) (h g b) (c h k) (j b d) (e k i) (g s a) (k g p) (f a g) (g k q) (p a h) (q t b) (q o a) (b g k) (i d h) (t o e) (m o r) (o e p) (o f k) (b i a) (m n i) (q b l) (i b n) (j s e) (q a h) (j n t) (l g a) (m q n) (a n n) (m f e) (i d j) (l k i) (k a a) (e q l) (k b a) (q j t) (g k a) (h m g) (n q t) (l j d) (f b p) (s b s) (q o i) (k r t) (q o g) (e m a) (q a s) (s d t) (b l t) (t i s) (o c q) (k e h) (r c s) (t b f) (k s o) (l l l) (m l h) (j c b)
char 101 (q j k) (q k c) (s f o) (s j p) (g f k) (q c a) (n c p) (g g c) (s j c) (b r b) (q e t) (p s p) (c h d) (d f p) (l m m) (b e d) (e c q) (o f m) (n i p) (m f j) (s q k) (k q t) (e m p) (p a q) (d b m) (p j b) (m t f) (f e p) (p t n) (t r n) (f r h) (a i i) (f i p) (k k l) (c j q) (r d p) (o j f) (r h o) (l f h) (a h t) (r r t) (l a c) (q r b) (r c l) (g o h) (l n h) (c a b) (f o r) (m r l) (s k k) (q s j) (q q l) (k i q) (q l f) (s e b) (i p q) (a h a) (e s g) (j f j) (f l h) (j b b) (t m p) (i p i) (t c g) (m t s) (h q d) (q k j) (j g j) (l e t) (d q b) (q s h) (g d s) (j n d) (p m q) (e c e) (e j l) (f l k) (k k s) (t b d) (j k m) (e f h) (c q k) (k a g) (m e t) (f k r) (s b b) (i p r) (a c l) (b r m) (n a i) (n h l) (o k s) (p c h) (p c o) (s d k) (n f b) (i b p) (a s a) (i p s) (m b f) (l f i)
char 101 (g j b) (o c a) (l i c) (h q s) (p r m) (p q p) (m j n) (j k g) (t e n) (l j m) (b o i) (o p j) (f l p) (e q e) (b a c) (b e j) (t o a) (g r d) (s b r) (e r f) (e o h) (b i t) (m n t) (r k o) (t c r) (s q p) (h g r) (n q j) (k k m) (b h k) (a b p) (r i s) (d f d) (d e c) (g t s) (t h a) (i m h) (d p c) (l c s) (n e b) (h q b) (d j e) (r f o) (r g a) (d c h) (i m c) (l q f) (n h e) (p l q) (l g m) (k b a) (t l e) (s c k) (m h f) (k n c) (n t q) (a j q) (m l o) (a g q) (g s a) (k a s) (m d l) (o e e) (o s e) (j q p) (r n t) (t l m) (g i g) (f s n) (k d s) (b p l) (p d j) (b c n) (a c l) (r a r) (m t a) (a t c) (r a j) (m m f) (e o t) (e g g) (s p i) (b f j) (d f s) (g s g) (e t n) (c i l) (n n i) (d m n) (o k h) (t f a) (l r l) (l o m) (f g a) (f r f) (c h g) (d g h) (o o n) (l c r) (p p j) (m k d)
bool 105 (1 0 0) (0 1 0) (0 1 0) (1 1 1) (1 0 1) (0 0 1) (1 0 1) (1 1 1) (0 0 1) (1 0 0) (1 1 1) (0 0 1) (1 1 0) (0 1 0) (1 0 0) (0 0 0) (1 0 1) (1 1 1) (0 0 1) (1 0 1) (0 1 1) (1 1 1) (0 1 1) (0 1 1) (1 1 1) (0 1 0) (0 1 1) (1 1 0) (1 1 0) (0 1 1) (0 1 0) (0 0 1) (0 0 1) (1 0 0) (0 1 1) (1 1 0) (1 1 0) (0 1 1) (1 1 1) (0 1 0) (0 0 0) (1 0 1) (0 0 1) (0 1 1) (0 1 0) (1 0 1) (1 0 1) (1 1 0) (0 0 0) (0 0 1) (1 1 0) (1 0 1) (1 0 0) (0 1 1) (0 1 1) (0 0 0) (1 0 0) (0 1 1) (0 1 1) (0 1 1) (0 0 0) (0 1 0) (0 1 0) (1 0 0) (1 0 1) (1 0 1) (0 0 0) (1 0 1) (0 0 1) (0 0 0) (0 0 0) (1 0 0) (0 0 1) (1 1 1) (1 0 0) (0 1 0) (1 0 1) (0 1 0) (1 0 1) (0 1 1) (1 1 1) (0 1 0) (1 0 1) (0 0 1) (0 0 1) (1 1 1) (0 0 0) (0 1 1) (1 1 1) (0 1 0) (1 0 1) (0 0 0) (1 0 0) (0 0 0) (1 1 0) (1 1 0) (0 0 0) (0 1 0) (1 1 1) (0 0 0) (1 1 1) (0 0 0) (1 0 1) (0 1 1) (1 1 0)
bool 106 (0 1 0) (0 1 0) (0 1 0) (1 1 0) (0 1 1) (1 0 0) (0 0 0) (1 1 1) (0 0 0) (0 0 0) (0 0 1) (1 0 0) (1 1 1) (1 1 0) (0 0 1) (1 1 0) (0 0 0) (0 1 1) (1 1 1) (0 0 1) (0 1 0) (1 0 0) (0 1 1) (0 0 1) (0 1 1) (1 1 1) (0 0 1) (1 1 1) (1 1 1) (0 0 0) (1 1 0) (0 0 1) (1 1 0) (0 1 1) (0 0 1) (0 1 1) (1 0 0) (1 0 1) (1 1 0) (1 0 1) (1 0 0) (0 0 0) (1 1 1) (0 0 1) (0 0 1) (0 1 1) (1 0 1) (0 0 0) (1 0 1) (0 0 0) (0 0 1) (0 1 0) (1 0 1) (1 1 1) (0 0 1) (1 1 1) (0 0 0) (1 1 1) (0 0 1) (0 1 0) (0 0 0) (0 0 0) (0 0 0) (0 1 0) (1 0 0) (0 0 0) (1 0 1) (1 1 0) (1 0 0) (0 0 1) (0 0 0) (0 1 0) (1 0 1) (0 1 0) (1 1 0) (0 0 0) (1 0 0) (1 1 1) (0 1 1) (0 0 1) (0 1 1) (1 0 1) (1 0 0) (0 1 0) (0 1 0) (0 0 0) (1 1 1) (0 1 1) (1 1 0) (0 0 1) (1 1 1) (1 0 1) (1 1 1) (0 1 0) (0 1 1) (0 0 0) (1 0 0) (1 1 1) (1 1 1) (0 0 0) (0 1 0) (0 1 1) (0 1 1) (1 1 0) (1 1 1) (0 1 0)
double 109 (1.6 6.59 1.21) (4.72 3.32 0.61) (7.19 0.22 7.84) (0.57 0.62 7.61) (6.86 2.95 2.21) (6.01 1.68 4.56) (0.93 4.17 0.36) (4.15 3.92 7.35) (9.15 9.92 8.03) (2.45 8.75 6.24) (2.11 8.76 5.78) (4.7 1.88 8.33) (5.07 5.14 5.13) (7.49 2.87 0.02) (6.04 7.67 3.9) (5.43 7.14 4.5) (3.31 6.83 7.13) (5.8 8.35 0.02) (2.72 2.98 0.05) (2.18 6.15 4.05) (6 9.16 8.77) (5.08 6.07 9.96) (8.39 8.04 3.16) (1.17 7.56 5.39) (4.21 7.84 9.09) (6.05 2.04 9.71) (1.06 8.91 4.63) (4.11 6.24 3.16) (8.73 4.3 5.32) (2.94 9.18 5.97) (9.9 6.63 9.48) (1.48 3.19 7.82) (9.37 9.66 1.65) (6.79 8.51 1.12) (1.68 0.9 1.54) (5.17 9.13 2.38) (3.63 6.73 7.64) (1.19 9.68 0.1) (9.72 1.56 4.74) (4.25 2.79 9.7) (4.23 2.24 4.77) (9.93 8.97 2.62) (1.25 6.39 6.4) (9.81 4.06 5.28) (1.96 3.08 8.97) (8.78 9.43 1.16) (2.1 1.75 0.46) (5.93 1.03 6.5) (8.87 8.51 0.15) (0.76 7 9.21) (2.2 8.81 3.44) (1.42 8.43 2.67) (0.69 4.89 6.06) (1.35 4.41 2.02) (1.89 9.7 1.13) (6.97 6.06 3.69) (5.45 6.06 1.17) (9.22 5.2 0.53) (9.68 5.55 1.47) (6.6 7.4 4.35) (5.11 6.07 1.29) (5.62 8.5 9.02) (3.77 6.53 3.55) (5.68 6.67 3.39) (0.96 7.59 5.78) (3.81 6.21 0.35) (5.03 2.58 0.45) (9.14 8.93 7.68) (4.32 5.23 5.87) (2.84 8.84 4.36) (2.57 5.44 3.18) (2.44 1.01 3.14) (8.72 7.72 0.41) (8.5 4.86 7.22) (2.77 3.91 8.41) (1.27 3.52 0.58) (9.45 0.64 4.59) (4.2 2.43 3.86) (4.45 2.54 6.87) (7.46 3.71 9.26) (5.88 8.68 7.08) (8.4 3.78 0.04) (2.08 4.16 0.9) (1.05 2.93 1.36) (8.42 3.54 1.42) (2.44 9.99 3.33) (6.48 8.81 6.17) (9.9 3.52 4.82) (3.8 3.04 8.9) (6.61 7.14 4.35) (2.06 7.86 3.78) (2.63 4.99 7.93) (4.29 8.5 4.77) (4.69 1.33 7.06) (6.76 7.1 0.21) (4.36 0.85 1.78) (5.17 1.58 8.01) (9.31 6.98 4.82) (2.33 2.96 7.63) (0.99 8.91 9.71) (5.96 0.05 1.54) (4.97 2.25 1.78) (1.95 9.93 5.24) (9.87 1.89 7.36) (2.62 9.98 4.34) (2.85 9.7 4.87) (8.92 7.77 9.33) (5.63 7.07 2.51) (1.32 6.05 2.11)
