bool 10 1 1 0 0 0 0 0 1 1 0
double 10 9.58 8.28 9.94 0.95 3.95 2.06 3.88 8.28 7.2 7.22
int 11 73 5 66 78 46 49 74 5 73 49 98
int 12 66 45 14 2 5 33 73 33 43 31 19 11
int 13 63 19 38 83 44 88 32 15 17 67 24 94 93
bool 15 0 0 0 0 1 1 0 1 0 1 1 1 0 0 1
double 15 4.19 7.27 0.53 1.28 7.54 3.97 2.7 9.36 5.53 9.13 5.46 0.37 2.46 7.54 1.44
char 18 i k o k s f f t p h h d r g o d p e
bool 18 0 1 0 1 0 1 0 1 0 0 1 1 0 0 1 0 0 1
int 20 30 59 5 7 88 18 27 17 95 97 42 10 2 87 76 77 35 95 31 22
bool 20 0 0 1 1 1 0 1 1 0 0 0 1 1 0 1 0 0 1 0 1
char 21 t p k n k m i d b h i g s g h o k k s r g
int 21 83 71 12 15 79 7 92 71 67 65 29 54 87 83 50 99 87 31 65 3 41
char 21 k p j o d o o o o d p r r h c o m t t d r
int 22 81 22 90 43 82 82 46 57 42 48 55 59 1 16 22 50 26 37 84 27 43 39
char 22 q n n p k c g g i h n r q p e g i n b r l q
bool 23 1 0 1 0 1 1 1 1 1 1 0 0 1 0 1 1 1 0 1 0 0 1 0
bool 24 1 1 0 1 1 0 0 1 1 1 0 1 0 1 0 0 1 1 1 1 0 1 1 1
char 25 e n e h p t n g f l s j k j h m o e k n l i e s i
double 29 2.49 1.61 7.64 1.74 3.61 9.88 9.05 4.93 4.97 1.93 5.13 6.28 7.67 6.53 0.06 3.23 2.87 5.53 2.49 9.38 7.23 7.84 0.99 4.66 2.13 3.3 5.43 6.59 8.58
bool 30 0 1 0 1 0 1 1 0 0 1 1 0 0 1 1 0 1 0 0 0 0 1 1 0 1 0 1 1 1 1
bool 32 0 1 1 1 0 1 1 1 0 0 0 0 1 0 1 1 1 1 1 0 0 1 0 0 0 1 0 1 1 1 1 0
int 33 85 15 3 80 33 3 17 6 82 21 79 79 36 44 42 50 10 77 54 67 88 19 67 87 92 59 83 52 21 67 40 2 68
double 34 2.78 4.97 5.27 6.78 3.68 3.53 6.67 2.35 1.34 8.11 0.87 3.61 8.64 4.95 0.13 6.66 7.81 6.14 6.01 3.47 4.84 2.7 9.45 1.68 8.03 2.78 3.53 6.38 4.22 6.02 5.27 2.8 4.1 2.32
bool 34 0 1 1 0 1 1 0 1 0 1 1 1 1 1 1 0 0 1 0 1 1 1 1 0 1 1 0 0 0 1 1 1 1 0
int 36 79 15 23 67 55 97 53 27 93 81 37 17 24 1 64 59 41 60 50 75 30 87 68 75 24 28 85 99 64 65 80 94 87 49 82 96
double 37 2.9 6.71 3.25 6.64 3.16 1.39 1.63 8.86 3.25 7.83 7.22 0.67 0.17 4.32 9.42 0.83 8.82 5.02 2.05 6.49 3.97 9.55 3.41 5.21 4.5 2.81 8.1 2.94 4.31 0.62 5.98 6.13 5.93 3.99 8.27 9.42 7.59
char 39 n s g j p m b e h b h r h l d l r c n j s i k h p c p i r o o b h s e l n e o
int 41 66 81 65 89 22 76 73 57 30 88 66 34 79 9 71 27 56 76 31 61 57 40 14 7 23 45 58 92 97 85 34 67 1 3 82 61 72 25 4 38 61
int 42 88 90 65 94 54 47 91 20 59 46 53 94 90 83 85 57 21 86 78 25 39 21 90 89 74 47 15 12 78 1 65 90 87 4 25 20 70 5 68 75 82 31
char 42 a b m k m i q s o l h j d r e l i s n q n r m g f p h n c k o p g q l m q f o c a i
bool 44 1 0 0 0 1 1 0 0 1 0 0 1 1 0 1 1 1 1 1 0 1 1 0 0 0 1 0 1 1 0 0 1 0 1 1 1 0 1 1 1 1 0 0 0
bool 45 0 0 0 1 0 0 1 1 0 0 1 1 0 1 1 1 0 1 0 0 1 1 0 0 1 1 1 0 1 1 1 0 0 0 0 0 0 0 1 1 1 0 0 1 1
bool 46 0 1 0 0 1 1 0 1 0 1 0 1 0 0 0 1 1 0 0 1 1 1 0 0 0 0 0 0 0 0 1 1 0 1 1 0 0 1 0 0 0 1 0 1 0 1
bool 46 0 1 0 0 0 1 1 0 0 1 1 1 0 1 0 0 1 0 0 0 0 0 0 1 0 0 1 1 1 1 0 0 1 0 0 0 0 0 1 1 0 1 1 0 0 1
char 46 i n i k b t m j f f n a o k i r g o o k j c j k f d l g n k i c p t l h a i c g j e f b p c
bool 50 1 0 0 1 0 1 0 1 0 1 1 0 0 0 0 1 1 0 0 1 1 1 0 1 0 0 1 0 0 0 1 1 1 1 1 0 0 0 0 0 0 1 1 0 1 0 1 0 0 0
bool 50 0 0 1 1 0 1 0 0 0 1 0 0 0 1 1 0 0 0 1 1 0 0 1 0 1 0 0 0 0 0 0 0 0 1 0 0 0 1 0 1 0 1 1 0 0 1 0 0 0 1
bool 51 0 0 0 1 1 0 0 0 0 1 1 0 1 0 0 0 0 0 1 1 1 0 1 0 0 1 1 1 0 0 0 1 1 1 1 1 1 1 1 1 0 1 1 1 0 0 0 0 1 0 1
double 52 7.7 9.82 7.17 3.94 5.6 2.24 8.76 2.7 7.51 7.55 5.53 7.72 9.41 2.24 0.25 8.19 1.52 9.52 3.43 1.62 8.72 9.75 8.83 9.89 4.16 9.76 1.37 4.98 3.51 4.56 4.71 4.14 4 4.08 8.26 3.52 4.19 2.38 3.93 8.85 0.4 6.69 2.09 6.43 0.67 7.09 7.38 7.39 6.54 6.69 3.35 1.61
bool 53 1 1 1 1 0 0 0 1 0 1 0 1 0 0 1 0 0 1 0 1 0 0 0 1 0 0 1 0 1 0 1 1 1 1 1 1 1 1 0 1 1 0 0 0 1 0 0 0 0 1 1 0 0
char 55 t o m m a b h g l m d l j t m h s e c j d s s n j c f j f g d s i f l t k p m k o o d f k o d b b j g e j h i
int 55 1 17 6 8 40 39 31 3 9 2 88 65 51 4 28 54 27 25 19 46 3 91 10 60 32 85 86 56 91 1 15 39 30 13 45 28 22 88 12 64 39 73 6 81 81 53 46 48 22 43 30 27 30 28 94
bool 56 1 0 0 1 0 1 0 0 1 0 0 1 0 1 0 1 0 0 0 1 0 0 0 0 1 1 0 0 0 0 1 1 1 1 0 1 1 1 1 0 1 1 0 1 0 0 0 0 0 1 1 0 1 1 0 1
bool 56 1 1 0 1 0 0 0 1 1 1 0 1 1 1 0 0 1 0 0 0 0 1 1 1 1 1 1 1 0 0 1 0 1 1 0 0 1 0 1 0 1 0 1 0 1 0 1 1 1 0 0 0 0 1 1 0
int 57 5 29 15 38 86 37 47 8 73 61 39 74 67 86 83 28 69 78 53 22 21 39 17 56 86 62 82 89 55 60 98 28 86 18 58 28 19 67 92 36 78 33 83 1 85 77 46 91 89 11 57 33 75 72 87 58 70
double 57 5 7.06 4 0.54 3.29 2.47 6.64 4.29 6.87 0.54 5.26 4.2 3.24 3.47 9.55 3.65 9.62 6.09 7.8 8.41 8.33 6.11 7.04 9.92 9.34 6.06 8.83 8.09 1.53 2.38 9.84 0.9 0.12 5.5 6.29 9.95 7.69 6 8.23 1.85 9.42 1 5.69 1.19 3.83 2.94 8.12 5.01 5.19 1.36 7.4 4.85 0.63 6.51 8.2 3.77 2.78
char 58 h k d r f n d g j h o p o q d c f i d r t g f g l i e s c h h l g b k a g g r f p e o l k f d j q j c a f o k e h g
char 58 i g f d l j n t p q p i j s o d o b f j s n o c a s b k q i r t l i l b r k c i p o i e s o t i f n i r p l k e g q
bool 58 0 0 1 0 1 1 1 0 0 1 1 1 0 1 1 0 0 1 1 0 1 0 0 0 0 1 1 0 0 0 0 0 0 0 1 1 1 1 0 0 0 1 0 0 0 1 1 1 1 0 0 0 1 0 0 1 0 0
char 59 a o s m g b q b n c j b e a p l o h f j r p r n o l k t f m i t d b j i b d a g e d p i g r c b r l e k l o l r g n g
int 61 96 36 99 38 9 15 73 35 82 51 34 32 11 42 76 15 24 89 50 85 40 22 76 25 53 9 19 48 41 81 50 10 15 98 81 79 96 12 88 79 74 60 55 12 88 53 85 49 21 45 3 84 95 37 28 35 16 47 86 32 76
bool 64 0 0 0 0 0 1 0 1 1 1 1 1 1 1 0 1 1 1 0 0 1 1 0 1 0 1 1 0 1 1 1 1 1 0 0 0 0 0 1 0 1 0 1 1 1 0 0 0 1 0 0 0 0 0 1 1 0 0 0 0 0 1 0 0
int 66 81 42 24 14 24 61 90 7 41 82 19 17 27 41 87 20 63 39 4 46 80 31 96 83 45 44 36 12 34 71 28 29 89 18 5 25 21 54 47 6 14 64 23 60 5 58 97 43 14 79 70 11 70 7 15 81 70 16 93 84 88 66 3 92 48 10
int 69 38 65 58 79 34 50 72 1 95 98 13 7 28 22 53 88 55 93 49 86 90 3 41 66 42 54 90 88 79 17 44 66 79 94 82 79 61 95 5 73 70 18 46 70 43 46 83 54 94 48 65 40 26 8 98 32 22 98 79 90 80 56 38 45 91 87 32 78 94
char 71 m k k g e s r e p p s e p k a c a s l i i k b h e d k a j a j i j i n r f c p i i g p e r r p g q b p l g i d d i o h c c j c i q f p l f t l
bool 71 1 1 1 0 1 1 1 0 0 0 1 0 0 0 1 0 0 0 0 1 0 1 0 0 0 1 1 0 1 0 0 1 1 1 0 1 0 1 1 0 0 1 0 1 1 0 1 0 1 0 1 1 1 1 0 1 0 1 1 0 1 1 1 0 0 0 1 0 1 0 1
char 71 k f s c r k n b c j c l g m e g t h a c l k i o o j g e a h n h t m h o r f t j l d o h n q a l e i n s b f m m d a o j n s o f t a s p b t j
char 72 r h m i t m l n c k g g b i s b o d b k q q t g k j c s e e p j r e c a g f e g e s j f m e c t q d r c j a d g k g o g g a i j o e o l h c i j
bool 73 1 1 1 0 1 0 1 0 1 1 0 0 0 1 0 1 0 1 1 0 0 0 1 1 0 1 0 0 0 0 1 1 0 0 1 0 1 1 1 1 1 1 1 0 1 0 1 0 0 0 1 0 1 1 0 1 1 0 0 1 0 1 0 0 0 0 1 0 0 1 1 1 0
int 73 88 40 99 42 11 29 52 70 90 21 86 75 47 81 27 61 14 72 86 35 72 26 99 83 83 21 37 37 75 17 62 94 11 28 9 72 52 6 73 67 26 90 19 85 42 31 28 68 16 70 18 36 48 70 90 96 55 1 30 95 35 28 83 26 74 59 72 49 6 44 20 31 68
double 75 0.22 6.58 4.45 1.44 1.02 9.94 9.19 3.31 3.33 2.75 5.66 1.43 2.35 1.21 2.56 8.19 0.29 2.64 9.45 1.82 7.71 0.73 0.62 4.59 0.67 4.46 3.8 5.82 1.06 9.17 2.84 8.92 8.5 4.64 8.73 6.72 1.63 4.72 3.88 6.94 7.74 6.59 0.49 4.95 9.37 4.56 4.94 1.75 6.63 0.89 5.52 9.92 5.43 3.73 5.68 9.6 9.26 0.32 5.39 0.83 3.27 9.22 9.92 9.38 7.61 3.41 6.76 2.46 6.5 9.86 4.14 5.71 3.11 6.67 7.43
double 76 6.77 7.71 9.47 7.05 9.64 6.49 9.5 8.48 1.62 4.58 4.75 5.69 8.05 2.92 6.57 9.94 7.81 5 6.38 9 7.66 4.15 8.31 7.7 9.52 4.79 8.9 4.74 1.3 8.75 1.76 5.04 5.62 4.54 9.04 1.31 0.15 7.41 4.28 6.05 9.36 9.68 0.65 0.93 2.5 6.11 3.63 6.84 0.51 9.01 7.31 9.83 4.97 3.67 9.19 2.19 2.89 8.83 5.41 1.93 0.04 1.87 4.57 8.24 5.76 8.54 2.69 2.47 2.81 5.41 5.21 6.76 1.5 1.22 3.34 3.18
bool 77 1 1 1 0 0 1 1 0 1 0 1 0 0 1 1 0 0 0 0 0 0 0 1 0 0 0 0 0 1 0 1 0 1 1 1 0 1 0 0 0 1 0 0 0 0 1 1 1 0 1 0 0 0 1 0 1 1 0 0 1 1 0 0 0 0 0 1 1 1 1 0 0 1 1 0 0 0
char 79 i p k t c t a a k d d c s n g e q c p b j m t j s b p h a q o i s j t m n a d o o q t b f a n h h g l r e t e d t b e o l c m g e b q o a d d e q t h e n n n
char 80 b m s h q n i p f g s k q t n b a g r d h e n p t a p b b r l i q l r d t f a l l k s n t i o h j j f d o c o g b o p i a e g i b h n h t r n h j r g b o d f r
int 80 11 2 60 88 53 6 17 35 10 93 88 95 68 8 46 43 12 20 88 7 80 3 31 13 81 21 95 22 56 25 36 7 6 50 22 14 96 98 48 26 88 4 28 22 74 17 80 38 89 6 16 97 17 38 61 88 90 33 68 45 99 19 72 88 38 58 30 34 44 4 84 32 45 60 35 93 17 98 48 66
double 81 7.66 4.16 0.11 7.32 6.45 3.91 8.45 8.9 2.66 7.05 0.21 8.01 6.34 3.74 8.95 0.09 6.16 0.9 1.19 6.84 8.5 8.23 1.04 7.17 6.11 0.08 6.63 7.41 3.68 3.72 8.88 4.12 2.81 1.05 5.73 6.52 9.59 5.46 8.56 8.89 7.13 3.43 8.13 0.67 4.59 6.47 9.71 8.25 1.1 6.12 0.61 3.52 6.58 0.08 9.86 5.49 0.81 1.84 2.55 8.56 7.03 2.27 1.17 3.14 6.51 9.15 0.17 4.18 0.8 4.51 6.94 6.92 4.2 9.37 1 3.03 7.43 5.88 0.03 5.21 4.52
int 81 53 64 99 29 97 82 80 60 65 5 60 59 33 56 16 24 86 6 34 90 30 91 6 80 78 89 18 21 40 82 20 99 69 15 26 83 23 47 73 65 79 45 73 5 29 13 76 79 9 23 74 25 98 58 59 93 31 82 90 80 20 53 57 9 33 63 68 46 19 92 85 67 67 90 55 20 91 53 88 27 12
bool 81 1 1 0 1 0 0 0 0 0 0 1 0 1 1 0 0 1 0 0 1 1 0 0 0 1 0 0 0 0 0 0 0 0 1 0 0 1 1 1 0 0 1 0 0 0 1 1 0 0 0 0 1 1 1 1 0 0 1 1 0 0 1 1 1 0 0 0 1 0 1 0 1 1 1 0 1 0 1 1 0 1
double 81 6.65 6.09 7.78 7.98 8.32 6.42 0.32 4.48 5.66 2.26 1.63 2.75 7.55 3.63 4.9 9.44 3.63 5.17 5.43 0.58 9.9 8.82 7.82 1.65 2.37 4.39 0.07 6.53 2.21 8.54 2.37 4.55 2.02 8.02 3.74 8.57 2.88 4.55 1.59 0.46 3.77 4.59 6.95 5.21 3.04 7.83 4.76 1.34 6.98 5.37 8.72 5.29 6.52 0.1 3.47 8.41 2.24 6.45 2.57 7.83 7.03 7.69 6.58 7.35 6.45 9.87 5.38 2.03 5.33 4.75 8.88 1.92 1.44 3 9.26 1.44 9.63 1.19 1.59 5.55 1.44
bool 82 1 0 1 0 0 0 0 1 0 0 0 0 1 1 1 1 0 0 1 1 0 0 1 1 0 1 0 0 0 1 1 1 1 0 1 1 1 0 1 0 0 1 1 1 0 0 1 1 1 0 0 0 1 1 0 0 0 1 0 0 0 1 1 0 1 0 1 0 0 1 1 1 1 1 0 0 0 0 1 0 0 0
char 83 h s q j r g o h b k k k f s a j o h n a k m g e c h t p q n q a h l a l r n l h d h j r s t p q k c p e p t q p b m p p l c f i i t c b s g h s i h i a o e t c g m c
double 84 3.22 4.34 5.65 2.77 0.53 5.66 8.31 5.58 4.17 3.14 6.67 3.49 9.15 2.06 4.09 1.94 9.3 7.61 1.02 8 7.87 5.21 8.67 4.75 4.62 4.45 3.49 5.97 0.24 1.52 3.92 9.98 5.18 8.38 5.78 5.3 5.13 0.14 3.42 5.54 7.45 5.23 5.55 8.57 4.92 0.75 5.49 6.84 0.46 2.46 1.56 1.53 1.59 2.19 6.19 5.33 2.91 6.7 0.2 7.68 7.19 3.92 0.68 9.06 4.73 9.59 3.36 6.53 3.77 9.04 2.43 1.25 9.08 3.96 1.9 2.02 7.06 6.36 3.23 2.99 5.1 4.3 6.19 0.27
bool 86 0 0 0 1 0 1 0 1 1 1 1 1 1 0 0 0 0 0 1 0 1 1 1 1 0 0 1 0 1 1 0 0 1 1 1 0 1 1 0 0 0 0 1 0 1 0 1 0 1 0 0 1 0 1 1 1 1 0 0 0 1 1 1 0 1 1 0 0 1 1 1 1 1 0 0 0 1 0 0 0 1 1 1 1 1 1
int 87 70 61 38 78 69 20 53 7 40 90 77 68 44 15 41 96 50 6 73 81 67 70 84 49 60 30 83 21 39 51 50 45 78 3 48 33 10 94 6 26 92 90 57 62 7 86 21 8 72 17 66 94 89 21 14 91 12 68 2 47 49 14 42 21 41 76 78 34 2 44 33 27 16 64 11 75 22 49 27 82 49 28 60 34 84 89 62
double 88 2.57 6.23 3.91 6.98 1.03 8.04 1.52 9.44 9.23 1.11 0.86 3.66 1.88 7.54 6.06 7.4 2.6 5.87 4.55 4.29 2 2.33 0.4 8.86 1.97 3.69 4.77 3.24 0.17 4 0.56 7.03 7.67 3.02 7.67 0.59 9.02 3.11 3.22 4.78 9.32 3.57 7.44 4.74 1.7 0.57 7.99 1.85 9.76 0.81 1.75 4.49 2.27 1.43 7.19 7.42 4.56 4.8 0.8 6.63 7.51 8.91 2.21 6.8 2.42 0.8 7.05 0.37 1.68 6.36 1.47 9.5 6.58 1.61 7.9 9.84 5.22 4.12 9.46 7.44 9.01 7.99 7.16 1.29 6.71 9.37 1.38 0.28
char 89 b a h e k h r j m l l r p k d j e c i g c a o e h t e n c n e m j r q j d g n f e l t s n b e p e p t m l p s a f t a p a s c k o r o h b t i k j p g p h t h m t b r o n r k k f
bool 89 0 1 0 0 1 1 0 0 0 1 0 0 0 0 0 0 1 1 1 1 0 0 1 1 0 0 1 1 0 1 0 0 1 0 1 1 0 1 1 0 1 1 0 1 0 1 1 1 1 0 1 0 1 0 1 0 0 1 0 0 1 0 1 1 0 1 1 1 1 0 0 1 1 0 0 0 1 0 1 0 0 1 0 0 1 1 1 1 1
bool 91 1 0 0 1 0 1 0 0 0 1 1 1 0 1 0 0 0 1 1 1 1 1 0 0 1 1 0 1 0 1 1 1 1 1 1 1 0 1 0 0 1 0 0 0 0 1 0 1 1 1 1 1 1 0 1 1 0 0 1 1 1 0 0 1 0 0 0 1 0 1 1 1 0 1 0 0 0 0 0 1 0 0 0 0 0 1 0 1 1 1 0
int 92 26 90 32 53 2 87 77 93 71 1 64 58 82 57 63 27 48 63 95 38 69 58 69 62 90 32 70 67 86 20 26 53 73 18 35 76 68 88 91 30 82 23 28 34 89 40 79 17 19 73 21 85 82 68 29 46 94 46 69 94 31 1 82 5 94 85 1 15 62 76 60 8 1 88 78 98 77 50 59 2 65 62 82 34 86 34 6 24 2 67 69 21
double 93 5.98 3.92 3 0.16 0.81 3.65 3.79 5.69 9.35 0.11 0.05 6.66 9.22 8.52 7.22 7.62 2.13 3.27 5.85 5.39 9.17 6.69 6.96 5.8 0.01 1.33 4.62 2.24 8.79 3.71 8.62 0.7 2.86 5.49 6.76 3.44 0.19 0.64 5.67 9.94 5.27 1.47 1.6 1.02 7.2 8.07 5.32 5.9 8.83 0.58 6.7 3.5 8.62 5.19 1.58 2.99 1.1 2.62 6.76 3.05 2.53 0.92 1.66 4.8 9.21 0.61 9.85 7.7 3.21 4.36 3.5 4.98 0.16 4.72 9.48 6.87 1.1 3.34 2.28 6.34 7.33 5.07 4.71 6.37 9.42 7.44 8.89 4.86 2.06 5.33 0.26 5.52 6.03
char 93 c j p o c s j s r r b t c k a q e i j t k d j m j i q m f s p k r h c f m c s f t o h h t k a d o t t f n s g a b e o f j g j t o q p f e h r r m g d t s t c o o q t q q e h s d g h s a
bool 95 1 1 1 0 1 0 1 0 0 1 0 0 1 0 0 1 0 1 1 1 1 0 0 1 1 0 1 1 1 1 0 1 0 0 0 0 0 0 1 1 0 1 1 0 1 0 1 0 1 0 0 0 1 1 0 0 1 0 1 0 1 0 1 0 0 1 1 0 1 1 0 1 0 1 1 1 0 0 1 0 1 1 0 0 0 1 1 1 0 1 0 1 0 1 0
char 95 i o o m s c e j l q f t n n i i r t i m o k m j a a o o q r a m h r d c r m p g l n n n t s g k d c j p t p k t a i r n q e d h j q q g a m b l s j e p g l j m f h i s g k n f p n l t f h q
char 96 b j s c i r o c t s k f d f j j o h b e k t n e s q h e j j g t c c h o b o i r k i d p h f d t s o d r m h g f e g q o s r l m e n n k q e l n r c k f l m e n n s k o g i o i i i t c l b e l
bool 97 1 1 1 0 1 0 1 1 1 1 1 1 1 1 0 1 0 1 0 1 0 1 0 0 0 0 1 0 1 0 1 1 1 1 0 0 0 0 1 0 1 0 0 0 0 0 1 0 0 0 1 0 1 0 0 0 1 0 1 0 0 0 0 1 0 0 1 1 0 1 1 0 1 0 1 1 1 0 0 1 1 0 0 1 1 1 0 1 1 1 1 1 1 0 0 1 0
int 98 31 87 96 1 64 92 75 83 37 79 47 54 2 22 3 22 57 58 36 1 41 61 67 53 55 90 43 83 34 16 63 58 20 70 18 41 51 6 91 11 71 40 52 86 98 23 2 60 66 17 24 37 88 40 24 66 34 79 46 89 5 49 65 52 12 5 61 62 77 89 34 38 23 7 34 29 34 35 22 17 93 14 17 92 75 56 47 65 81 17 73 45 83 35 15 5 87 80
bool 99 1 1 1 0 1 0 0 0 1 0 0 0 0 0 0 0 1 1 1 0 1 1 0 0 1 1 0 0 0 0 1 0 1 0 0 1 1 1 0 1 1 1 1 0 1 1 0 0 0 1 0 0 0 1 1 1 0 1 1 0 0 0 0 1 1 0 0 1 0 1 0 1 0 0 0 0 0 1 1 0 0 1 0 0 0 1 0 0 0 0 1 0 0 0 1 0 0 1 1
double 99 6.71 4.29 3.04 2.78 7.35 7.34 1.75 0.39 8.28 6.65 8.23 4.19 2.99 5.7 8.29 3.36 0.93 2.09 2.5 9.6 8.68 3.51 3.82 5.45 2.1 0.86 6.36 4.15 0.38 3.01 0.63 1 9.06 9.75 0.78 8.69 2.45 9.13 2.14 1.26 7.41 9.54 8.51 9.43 5.09 9.68 8.68 4.71 8.18 0.47 6.26 7.82 2.41 7.38 7.54 0.98 2 0.87 5.57 8.62 0.74 6.35 8.28 9.06 5.51 9.31 4.96 8.18 5.56 5.92 7.95 9.98 6.76 0.5 7.69 9.51 8.82 4.26 1.4 3.28 5.36 3.18 3.19 6.98 9.41 4.85 4.46 5.17 7.61 6.04 6.96 0.84 7.13 5.18 6.18 5.43 6.77 8.53 7.74
char 99 i n n g b f p d t h t p f n q j c p e g s g n o k a p c b b l f g q t k p s h g i h e h d o n e i i a m b b n g e a p q l d m r n d e f s k n l f i n g s q h e i m p q q q n n t p a m f s r t e d r
int 100 54 87 91 34 32 64 15 43 94 91 85 72 38 86 89 45 90 94 3 92 32 53 95 72 90 14 91 20 97 27 58 41 66 59 15 76 82 26 93 34 80 70 38 4 60 50 32 15 45 95 22 36 67 78 72 96 98 40 92 83 77 59 8 26 16 51 71 10 58 27 97 4 52 60 11 4 24 88 34 49 83 38 97 21 7 8 17 20 55 16 88 57 71 7 37 43 97 5 62 26
int 101 74 54 96 82 41 86 67 65 3 58 43 65 76 73 70 80 88 29 50 44 48 53 81 91 72 74 15 75 41 52 22 92 30 4 62 45 14 64 70 57 76 87 13 21 4 1 84 44 37 42 82 7 63 23 21 12 54 38 60 35 37 51 20 27 60 46 9 19 11 69 63 18 47 54 46 52 48 84 94 82 2 23 30 51 63 87 65 75 40 74 7 26 72 7 48 53 95 71 25 69 32
char 103 j d d d n e e c r j n m l r g d m d n l l m q q i p n m b c a h q d j t a b h d c m q e h s j j a p f m p q m m p o q f f g k k r o t p r p s n t s l n n c l o b b e t f o o r b r t o t r t p k k s n g c t
double 103 7.19 9.4 7.98 1.05 8.83 5.22 5.66 5.08 6.77 8.69 2.16 8.7 9.46 3.36 3.17 6.82 9.78 0.93 8.55 7.37 7.75 9.09 9.65 8.86 5.04 4.54 9.91 7.9 2.98 5.96 6.48 7.05 8.02 4.32 9.23 8.59 0.61 7.56 1.25 3.57 8.6 8 1.65 1.51 3.88 0.71 2.66 3.91 0.01 9.77 3.46 5.88 0.83 6.58 1.05 6.87 0.41 1.78 7.25 8.77 6.15 2.42 2.8 2.41 3.8 1.61 9.49 1.98 7.96 1.24 9.06 1.53 1.85 7.43 3.27 1.29 0.56 9.81 0.92 8.7 8.6 0.6 7.55 2.64 3.72 4.54 4.07 2.74 6.5 9.73 9.14 7.26 8.11 5.62 6.82 0.74 7.8 6.57 4.87 1.12 1.22 4.64 8.84
char 104 t r g q c o g o i b r q d s d j m c f j l k c r t h h s f j m d t q n k c o t f j n s k i k a c c r t j e i l t h n q c j q t q e p j e f m c l q t b l q a c f h l r j b m f d a m r r j k q c n q g e a p g t
double 105 6.68 6.32 8.29 9.08 1.52 8.61 8.17 5.86 4.85 0.55 2.27 3.22 2.58 6.27 5.44 8.87 3.42 3.91 6.46 7.27 8.6 3.13 1.1 2.11 3.47 9.74 9.04 8.16 1.69 3.78 1.38 3.88 5.36 0.75 5.35 6.1 0.04 9.29 1.77 3.41 5.45 6.26 8.42 6.41 2.11 5.28 7.32 4.68 8.64 8.77 1.04 4.29 9.83 4.63 8.59 0.1 0.77 6.55 6.99 0.57 1.62 7.11 8.87 0.13 0.84 9.01 2.29 9.87 6.73 6.92 4.12 6.08 7.98 3.78 0.15 1.04 7.45 6.64 4.68 4.84 4.21 3.56 5.49 0.91 6.18 4.34 1.98 9.05 5.74 1.95 0.31 5.54 0.16 5.54 5.18 2.08 5.5 2.39 0.8 0.77 8.09 7.9 8.28 6.3 1.65
bool 106 1 0 0 1 1 0 1 0 0 0 0 0 1 1 0 0 0 1 0 0 1 1 0 1 1 0 1 1 0 0 0 0 0 0 0 1 0 0 0 1 0 1 0 1 1 0 1 1 0 1 1 1 0 0 1 1 0 0 1 0 0 1 0 1 0 0 0 0 0 1 0 1 1 0 1 1 0 1 1 0 1 0 1 0 0 0 0 0 0 1 0 0 1 0 1 1 1 1 0 1 0 1 1 1 0 0
bool 107 1 0 0 1 1 1 0 1 1 0 0 0 1 0 0 1 0 0 0 1 1 1 1 0 1 0 0 1 1 0 1 0 1 0 1 0 1 0 1 1 1 1 0 1 0 1 0 0 0 1 0 0 1 0 1 0 1 0 1 0 1 0 0 1 0 1 1 0 1 0 0 0 0 0 1 0 1 1 1 1 1 1 1 1 0 1 1 0 1 0 0 1 1 0 0 1 1 1 0 1 1 1 0 0 0 0 0
int 108 89 50 37 59 71 41 42 6 80 6 99 11 90 66 39 87 38 90 7 17 84 66 60 43 89 49 93 88 59 8 60 47 4 93 6 29 26 31 75 42 13 3 83 42 66 74 94 28 47 31 59 48 7 17 73 34 76 24 66 23 69 77 71 73 87 19 4 49 53 28 16 21 6 90 97 42 19 27 22 37 80 15 7 84 43 42 98 14 16 6 34 43 24 95 62 34 46 31 45 29 61 21 5 98 63 46 4 52
