bool 66 16 0 0 1 1 0 1 1 0 0 0 0 0 0 1 0 0
char 76 65 v a t x d k n l y j y h f i x j s w n k k u f n u x x z r z b m n m g q o o k e t l y h n k o a u g z q r c d d i u t e i o j w a
int 74 87 55 23 2 85 82 85 88 26 17 57 32 32 69 54 21 89 76 29 68 92 25 55 34 49 41 12 45 60 18 53 39 23 79 96 87 29 49 37 66 49 93 95 97 16 86 5 88 82 55 34 14 1 16 71 86 63 13 55 85 53 12 8 32 45 13 56 21 58 46 82 81 44 96 22 29 61 35 50 73 66 44 59 92 39 53 24 54
bool 62 56 0 1 0 1 0 1 0 0 0 1 0 1 1 0 1 0 0 1 0 0 0 0 1 0 0 0 0 1 1 1 0 0 1 0 0 0 0 0 1 0 0 0 0 1 1 0 1 0 1 0 1 0 1 0 0 1
bool 93 19 1 0 0 0 0 1 1 0 1 0 0 1 1 0 1 1 0 1 1
double 52 61 7.4 8.4 5.9 4.9 1.4 9.5 0.3 3.2 5.1 3.7 1.4 6.3 5.1 1.9 9.0 1.7 8.3 1.8 8.4 5.2 8.6 6.9 4.8 3.7 9.7 2.4 6.8 2.7 4.8 9.3 8.2 7.1 6.9 9.3 7.7 1.4 0.4 8.4 4.3 9.5 1.1 9.3 9.2 9.8 9.0 9.9 9.0 9.3 7.4 4.9 7.4 1.4 7.3 6.9 1.8 6.5 3.3 3.8 1.1 5.2 6.3
bool 70 81 1 1 1 1 1 1 0 0 0 0 1 1 0 0 1 0 0 0 0 0 0 1 0 0 1 0 1 1 1 0 1 0 0 0 1 1 1 1 1 1 0 0 0 1 1 0 1 1 1 0 0 1 1 0 1 1 1 0 0 1 1 1 0 1 1 0 1 0 0 1 0 1 0 0 0 1 1 1 0 0 1
double 84 53 6.5 6.2 7.3 8.1 7.0 4.7 5.3 0.8 0.8 1.5 2.9 6.6 8.9 6.3 7.1 4.1 5.9 3.1 7.2 1.4 6.6 8.8 7.0 6.8 9.9 5.5 5.0 4.4 3.6 7.8 0.6 2.7 1.3 2.3 7.1 2.7 7.3 6.1 7.3 3.4 0.2 8.7 1.7 6.3 5.3 2.6 9.5 9.5 1.3 0.6 7.0 5.9 0.5
char 72 85 q v c c l p e z t s j p y n z f r o t q p o x m w h h w e w n v c b v d k u z i f i f r t w q q e o j u e q b n s k w z e e w z k a o j u r s q g s c z v h h u j z u m i
double 92 70 4.7 2.1 6.1 4.4 5.9 6.6 8.5 3.9 1.8 0.7 6.8 5.4 5.0 3.2 9.9 2.0 3.5 9.8 9.2 1.6 8.2 2.9 1.6 5.9 5.8 8.3 9.9 3.5 5.7 7.0 7.1 4.2 8.0 7.7 0.6 9.5 8.6 0.3 5.2 1.8 3.5 8.5 2.8 7.8 6.0 0.1 4.9 6.4 8.5 2.6 5.7 3.7 4.1 3.8 9.3 9.6 3.3 9.3 6.8 7.3 3.5 0.9 9.6 8.1 6.1 3.9 8.4 2.3 9.9 3.1
char 50 10 l n i s s a m q a z
char 56 33 j o o p y y i f v k m w w p g p l j e a w p v a p i h o x u u f f
bool 81 24 1 1 1 0 0 1 1 1 0 1 1 0 0 1 1 0 1 0 1 0 0 1 0 1
bool 6 60 0 1 1 0 1 0 0 1 0 1 0 0 1 0 1 1 1 0 0 1 1 1 1 0 0 1 0 1 1 0 0 0 0 1 1 0 1 1 0 1 0 1 1 1 0 1 1 0 1 0 0 0 0 1 1 1 0 0 1 0
char 88 34 w j h i u d g h y x y o x b s c e f t d r q e l x f v c f b b j j y
bool 82 42 1 0 0 1 1 0 1 0 0 0 1 1 1 0 1 0 0 0 1 1 0 1 0 0 1 1 1 1 0 0 0 0 0 0 0 1 1 1 1 0 0 1
char 82 42 m a o m a f s y v y r q p i z t e u o x g t h f x s m x j r w p s u r s g w t h h i
char 32 7 z s q o r q m
bool 42 41 1 1 0 1 0 1 0 0 1 1 1 0 1 1 0 1 0 1 1 0 0 1 1 0 0 1 1 1 0 0 0 0 1 0 1 1 0 0 1 0 1
double 57 91 8.7 8.8 7.7 5.9 5.9 3.0 3.0 7.6 4.0 3.8 9.1 6.0 7.6 6.0 9.4 2.8 3.7 5.3 8.5 3.9 2.7 2.8 9.6 0.4 6.8 9.6 7.5 1.3 8.3 9.1 4.8 4.6 3.3 5.9 2.7 7.3 0.1 0.7 9.5 5.2 3.5 6.0 5.2 7.1 9.5 2.0 7.3 8.8 6.7 7.5 6.3 1.2 7.4 4.9 3.0 2.8 9.5 8.3 3.3 2.7 4.5 0.0 8.5 9.0 7.2 3.8 7.1 9.3 9.6 7.3 6.1 0.8 1.6 0.0 3.9 2.7 9.7 7.2 7.8 8.9 7.2 9.3 5.8 9.9 7.8 6.6 1.0 4.2 9.5 6.7 7.7
bool 58 17 0 0 0 1 1 0 0 0 1 1 1 1 0 0 0 1 0
double 85 43 9.5 9.7 7.9 3.1 7.2 8.2 5.6 8.2 9.3 4.7 5.5 2.8 4.3 6.2 0.7 0.4 7.4 7.1 8.6 7.9 0.9 1.9 9.0 9.3 1.6 7.4 6.4 4.7 0.8 6.3 4.6 5.0 4.7 3.8 3.4 3.1 2.8 5.4 0.5 8.4 5.9 8.0 3.4
int 38 65 90 87 8 85 42 17 19 82 71 30 77 72 49 72 63 45 50 46 35 29 64 50 99 84 29 39 78 49 23 18 52 35 40 64 38 65 11 73 97 89 7 91 79 48 36 26 49 72 80 43 87 23 11 35 25 49 58 17 35 8 69 14 20 90 51
double 59 39 9.0 3.9 0.1 0.4 4.0 7.3 2.2 3.1 8.2 0.6 2.0 7.1 5.8 1.9 5.5 2.4 3.4 1.8 7.2 5.6 8.4 0.0 4.6 4.8 0.3 1.5 5.9 5.6 7.2 7.4 3.4 9.2 1.7 1.5 5.9 6.4 0.9 4.7 3.0
bool 7 27 0 0 1 1 1 0 1 1 1 1 1 0 0 0 0 0 1 0 1 1 0 0 1 1 1 0 0
double 34 72 3.9 7.5 8.7 0.1 9.4 1.3 8.3 3.4 4.8 2.8 2.6 0.9 0.1 5.5 6.1 2.3 7.8 1.3 2.5 3.8 4.2 6.0 8.3 6.5 0.4 4.1 3.4 1.5 9.5 3.5 4.2 7.5 2.7 1.7 4.9 6.3 4.0 1.4 9.5 2.7 2.4 7.1 8.2 4.9 6.2 6.4 4.3 1.1 1.2 8.6 2.8 1.6 9.6 1.2 9.0 3.1 2.7 1.2 3.0 6.8 5.3 4.8 9.9 0.0 4.1 5.4 7.0 5.1 5.2 6.8 2.6 9.6
bool 29 28 1 1 0 0 0 0 0 1 1 1 0 0 1 1 1 1 1 0 0 0 0 1 0 0 1 0 0 0
double 15 31 6.6 8.4 0.2 3.7 9.7 8.6 5.5 5.7 7.9 1.5 5.9 4.7 6.2 8.6 6.2 7.9 8.3 4.1 5.9 9.0 2.2 7.8 3.9 0.8 0.2 5.3 0.2 0.8 7.8 6.9 7.4
int 65 40 57 93 64 69 8 77 22 97 86 40 72 95 97 90 81 56 11 87 15 36 78 6 10 79 93 99 87 59 94 82 43 22 0 10 29 54 43 89 74 36
char 73 24 a z w r i o q v q w l y t e w a c b a d o m h g
int 72 25 61 92 69 74 13 44 51 3 39 56 39 61 28 10 35 19 53 13 98 3 41 99 11 77 24
char 76 1 s
bool 53 36 0 0 0 1 1 1 1 0 1 1 0 1 0 0 1 0 1 1 0 0 0 0 1 1 1 0 0 0 0 0 0 0 0 1 0 0
int 67 59 95 49 30 66 83 3 86 84 5 42 28 35 35 32 78 61 11 95 18 61 19 75 54 4 83 11 10 79 32 67 16 22 42 85 24 20 59 24 79 39 33 44 26 82 46 60 3 26 48 76 19 73 12 83 76 69 78 23 36
int 1 54 14 35 60 99 26 26 47 73 81 65 76 5 23 77 40 85 33 93 89 66 94 37 65 55 74 79 29 16 41 24 31 76 13 76 11 67 76 37 53 42 32 33 59 27 48 10 88 29 12 73 94 84 59 74
double 88 22 7.7 8.7 3.3 5.4 9.7 2.8 5.5 1.9 0.2 4.6 8.9 8.2 5.7 4.3 5.5 5.6 7.4 9.9 2.0 6.4 9.4 9.2
char 71 18 p v v w g a c z v j p d n a x b p z
int 13 73 33 94 19 42 61 39 16 78 46 26 13 45 6 11 7 39 3 40 18 38 70 67 50 66 95 80 11 26 80 50 22 51 9 95 14 95 87 89 31 21 87 3 50 83 10 44 69 76 75 6 0 15 44 6 29 24 32 15 27 65 65 24 37 4 86 26 61 79 55 14 47 11 19
int 43 0
double 64 6 6.2 7.1 7.7 3.3 7.3 1.8
double 68 4 8.5 4.7 2.9 4.4
char 77 69 o t a i r y q w z q v c h f x v v i a q z x l y t s k p b o i t z v n l s l p l t m e h k f j h d g n u d x m k w i u d a p f l p v v q l
bool 7 3 0 0 1
int 98 31 13 7 86 8 95 42 12 22 69 38 89 57 46 86 99 93 74 8 87 11 79 3 12 11 29 78 52 35 1 97 39
bool 12 37 0 1 0 1 1 0 1 1 1 1 1 0 0 1 0 1 1 1 0 1 1 1 1 0 0 0 0 1 1 0 0 1 1 0 1 1 1
double 83 95 0.0 6.9 0.4 4.2 3.5 3.7 7.6 7.5 5.9 7.8 0.1 8.7 6.2 3.3 9.1 3.5 3.2 2.4 6.2 0.3 8.9 0.0 9.4 1.8 3.2 4.5 3.2 8.7 8.2 3.9 9.7 4.2 2.7 3.2 2.6 6.4 9.7 8.3 4.8 0.7 3.1 3.1 8.4 4.0 0.3 3.9 2.6 9.0 1.5 4.8 3.7 1.5 8.9 9.9 2.6 7.3 2.5 7.3 2.2 6.3 7.9 0.3 8.5 1.6 7.3 7.1 7.3 3.7 5.7 4.5 9.4 4.6 1.9 4.6 2.3 4.0 8.1 8.7 7.3 9.4 9.2 0.8 5.9 2.9 9.9 3.0 8.1 7.0 2.6 3.3 4.9 6.2 8.0 5.4 5.0
int 64 51 66 93 3 98 85 9 15 19 89 54 61 49 75 30 97 9 32 48 11 69 91 19 4 51 30 88 68 10 6 0 25 25 96 34 52 77 13 10 91 58 81 13 63 33 12 75 7 1 12 83 20
bool 41 45 0 1 1 0 1 1 1 0 1 0 1 0 0 1 0 1 1 1 1 1 1 0 0 0 1 1 1 0 0 1 1 0 1 0 0 1 1 0 0 0 1 1 1 0 1
double 82 26 0.8 7.8 6.0 4.3 1.9 1.9 4.8 7.3 0.6 0.2 6.6 3.7 9.0 8.3 9.9 2.9 7.4 7.7 2.8 5.3 3.7 9.4 3.2 9.2 7.0 0.0
int 16 24 10 24 85 97 78 10 2 95 32 70 24 90 82 11 30 99 45 72 70 80 63 60 13 81
char 22 45 r j b d k q v n a j s u d m b z r p n q r e t h x h j m b q d u b c t h t w z k k o c x j
bool 8 61 0 0 0 0 0 0 0 0 1 1 1 0 0 0 0 1 0 1 0 1 0 1 1 0 1 1 0 0 0 1 1 1 0 1 0 1 0 1 1 0 1 1 1 1 0 1 1 1 0 0 1 0 1 0 1 0 0 1 0 0 0
bool 60 21 0 1 0 1 0 0 1 0 1 0 1 1 1 0 0 0 0 0 1 1 1
bool 38 8 1 1 0 0 1 0 0 0
double 85 21 0.0 4.1 4.6 9.8 9.8 0.3 0.2 3.8 7.9 7.8 5.1 1.9 7.6 2.6 6.9 4.6 2.5 9.4 0.1 6.6 1.8
double 38 28 2.3 8.9 0.5 4.6 9.9 5.7 4.8 8.2 6.5 1.2 2.1 3.8 1.0 6.4 5.8 6.5 6.5 2.8 6.3 0.6 3.3 3.7 7.4 8.8 5.9 4.1 0.6 5.2
char 8 41 o z o p c c j b z o a y l t q l p s a p l q q h s v o m d u o j d b p h n q o m z
double 20 7 8.9 3.3 9.0 6.5 4.5 6.8 6.6
bool 48 40 1 1 0 1 1 1 0 1 1 1 0 0 0 1 0 0 1 1 1 0 1 1 1 1 1 1 0 1 1 1 1 1 0 1 1 1 0 1 0 0
int 87 60 62 64 25 19 95 32 82 81 19 96 80 48 45 71 54 66 69 33 93 16 49 56 71 0 99 95 5 10 51 16 8 42 90 41 49 16 55 46 23 33 80 97 86 30 40 49 26 47 17 15 10 46 77 25 21 64 73 41 41 62
int 25 30 53 78 85 18 15 57 32 14 3 48 99 39 45 44 21 47 43 49 28 38 39 4 33 44 42 38 11 7 1 43
char 98 97 r a d f i d x b f b v j f s y w c h e c c s s i v k e o z a d q r y g p s y a x q j j e q r v i s u e e u t m b r e y j n t i q z u m e i l r v k x f m a p l z f r k v a d l y l b i b q t n b t
double 53 69 8.5 9.9 4.5 6.4 4.2 9.5 0.1 0.5 3.5 0.8 3.3 5.5 3.9 3.9 9.1 5.0 5.6 5.4 3.5 9.9 3.4 4.9 1.1 7.6 5.9 7.9 2.5 5.7 7.4 9.2 2.4 0.6 4.1 8.3 3.6 5.8 6.2 3.2 0.1 1.5 0.6 6.4 1.8 3.9 4.1 2.8 0.7 9.0 5.6 6.9 7.2 3.7 8.4 5.7 4.5 1.5 6.6 7.1 8.2 8.2 4.0 2.3 2.1 1.6 3.9 7.6 6.6 5.8 0.9
bool 83 20 1 0 0 0 0 1 0 1 1 0 0 0 1 0 0 0 0 1 0 1
bool 56 30 1 0 1 1 0 0 1 0 0 0 1 1 0 1 0 0 1 0 0 1 1 1 1 1 0 1 0 0 0 1
char 43 60 j y o h w l v k p m q v l g c y y u x u w n e z q t t n y v r x u x m r f z u l s l d i l d w l s l u n t c r x l s h l
char 42 33 r i s g s r h m a w d s x c q n k e p f j j c r g e x p z x f z d
bool 76 37 1 0 0 1 0 0 0 0 0 0 0 0 1 0 1 0 1 1 0 0 0 0 1 1 0 0 1 1 1 0 1 1 0 0 1 1 0
int 70 88 45 15 68 3 17 55 17 41 48 31 10 3 88 9 29 32 57 60 40 84 41 70 14 58 52 87 12 75 48 73 64 90 96 6 68 3 88 81 31 76 44 6 25 57 41 69 89 74 20 19 60 59 24 42 43 55 82 46 11 21 10 17 28 46 61 96 28 3 25 34 46 3 17 57 99 32 58 94 39 83 29 10 87 48 77 58 98 59
bool 24 52 0 0 1 1 0 1 1 1 1 1 0 1 1 0 1 0 1 1 1 0 1 1 1 1 1 0 0 1 0 1 1 1 0 1 0 0 0 0 0 0 0 1 0 0 1 0 1 1 0 0 0 0
char 62 89 s b z e p r w r p r a d m c s s w p l c x v z z b u x m h g y z z q w p n t h i c y q z h f b z q g a m b a q w c g a f d l b s x f z x x y n s k v b a y z b u e c a a b u i i h
bool 72 47 1 1 1 0 1 0 0 0 0 0 0 1 1 1 1 0 1 0 0 0 0 0 0 1 1 1 1 0 1 1 1 1 1 0 1 0 0 0 0 0 0 0 1 1 1 0 0
int 21 93 9 29 6 4 48 30 52 45 99 67 19 25 2 21 25 33 67 41 96 64 62 67 49 94 19 46 61 60 86 17 33 10 74 73 8 99 84 0 55 79 24 73 48 15 48 85 49 61 47 50 71 58 57 57 62 76 98 1 24 51 32 26 62 74 64 20 61 78 27 96 49 35 93 87 10 44 55 77 0 16 70 28 53 80 23 66 91 51 68 64 43 59 23
int 75 44 16 58 4 12 93 3 68 33 94 40 56 70 2 23 36 1 18 73 74 33 91 74 49 49 7 61 70 12 2 29 13 73 93 26 18 8 54 49 10 59 53 39 12 78
bool 1 74 0 1 0 0 1 1 0 0 0 0 0 1 1 0 0 1 1 0 1 1 1 0 0 0 0 1 0 1 1 0 1 1 0 1 0 0 1 1 1 0 0 1 1 0 0 1 0 1 0 0 0 0 0 0 0 1 1 1 0 1 0 0 0 0 0 0 1 1 0 0 1 1 0 0
char 37 69 d a t r i v l b x z m f c d l q v g a g f h h f c e b r b c s j d v j i t l z j c z k b u d a v w x f e k j m q w v b t i j p q w n c s u
int 20 24 9 26 12 39 18 81 41 90 11 87 95 70 43 88 28 1 5 56 80 50 80 53 97 42
double 10 37 2.7 6.7 5.9 5.8 2.3 9.0 2.1 3.6 9.6 0.5 4.6 9.3 1.9 1.1 0.2 4.4 0.1 5.2 7.6 3.8 1.4 4.4 3.5 2.6 7.8 9.4 1.5 4.8 8.4 7.4 9.1 0.2 2.8 2.3 9.2 6.6 9.6
bool 31 40 1 1 0 0 1 0 0 0 1 1 0 0 0 0 0 1 0 1 0 0 0 1 1 0 0 1 0 0 1 1 1 0 0 1 1 0 0 0 1 1
double 41 33 0.1 4.4 2.1 9.9 3.7 2.5 5.0 0.8 2.6 5.9 5.2 2.8 4.3 2.7 5.7 4.4 2.8 9.5 8.2 3.1 0.5 1.4 5.8 0.7 2.6 8.5 9.6 6.7 4.1 3.8 5.8 4.0 5.6
int 22 11 34 7 29 96 47 9 37 90 4 69 39
int 63 96 36 92 38 90 65 71 67 77 66 31 45 45 27 64 72 83 26 83 7 68 19 53 26 0 27 7 92 31 59 36 84 36 53 81 52 53 67 65 78 18 55 69 10 97 42 25 89 38 55 87 21 8 58 91 97 68 2 41 10 61 72 75 49 59 57 46 31 56 41 54 67 87 85 84 31 99 26 20 38 8 95 59 32 84 30 43 82 25 21 36 83 65 26 25 99 10
int 29 41 86 18 92 6 33 9 7 14 11 75 34 38 38 77 12 32 34 48 40 88 62 67 2 97 54 13 30 52 3 95 49 32 12 41 81 52 8 50 76 61 87
double 54 74 7.0 8.9 4.1 1.0 4.2 7.4 3.2 8.7 2.0 8.1 1.1 9.2 5.8 0.4 9.8 8.0 5.4 7.1 6.4 2.8 7.4 8.2 4.8 1.3 9.6 7.2 3.1 2.3 2.8 6.3 4.5 5.7 9.5 6.5 1.8 5.5 4.1 7.8 2.4 7.8 1.3 6.7 3.0 0.8 4.7 2.3 5.0 6.0 3.0 2.0 4.1 3.8 5.2 4.0 9.0 2.1 2.6 2.0 5.0 0.4 5.2 8.9 6.8 8.0 0.5 9.3 7.8 6.0 2.3 0.0 4.6 2.2 7.4 1.6
int 16 76 88 84 65 91 93 99 19 16 76 43 46 97 54 88 14 71 73 40 81 19 98 56 6 43 51 37 53 65 41 34 2 0 52 42 23 59 85 8 39 71 80 13 77 68 24 42 82 83 12 55 14 63 63 39 92 58 42 8 23 85 56 73 11 30 87 11 1 8 45 21 76 28 25 44 44 39
double 17 24 5.5 6.2 0.7 5.0 9.0 8.3 0.1 7.0 4.0 1.6 9.9 2.2 9.0 0.8 9.5 2.7 6.9 6.7 3.8 1.1 0.0 6.3 8.8 8.9
bool 80 94 1 1 1 1 1 1 0 0 1 0 0 1 1 1 0 1 0 1 0 1 1 1 1 1 0 1 1 0 0 0 0 0 0 0 0 1 1 0 0 1 0 0 1 0 0 1 0 1 1 1 1 1 0 1 1 1 0 0 0 1 0 1 1 0 0 1 1 0 1 0 0 1 0 1 1 0 1 0 0 0 0 0 1 0 1 0 1 1 0 1 1 1 1 0
bool 64 73 1 1 0 0 0 0 1 1 0 1 1 0 0 0 1 0 0 1 1 1 0 1 1 0 1 1 0 0 0 0 0 0 1 0 0 0 0 1 1 1 0 1 0 1 1 1 1 0 1 0 0 0 1 0 0 0 0 0 1 0 1 0 0 0 1 1 1 0 0 0 0 1 0
char 50 98 m r h v k n x q g l b a x c p y x w s b q e i j w y x g i p x l s n z i l z j d g g o g s d d x o q x m t t i x v y v p j s i q v t i m r n j l s j e l x m s e s u t w c w v a r z s z b s c c m x
bool 6 8 1 0 0 0 1 0 1 0
int 20 43 46 83 50 9 54 25 88 38 6 83 18 71 88 29 96 74 11 22 57 82 44 11 83 53 24 7 68 22 80 74 92 18 49 59 64 64 14 76 77 10 6 13 30
bool 40 96 1 1 1 0 0 0 0 1 0 0 1 0 1 1 1 1 1 1 1 0 0 1 1 0 1 0 0 0 1 0 0 0 1 1 0 1 1 0 0 1 1 1 1 0 0 0 1 0 0 0 1 1 1 1 0 1 1 1 0 1 1 0 0 0 1 1 0 0 1 0 0 0 1 0 0 0 0 0 1 1 1 1 1 0 0 1 0 1 1 1 1 1 1 1 1 0
double 64 72 0.5 0.3 4.8 9.9 0.0 1.7 4.5 8.8 2.4 6.6 3.8 7.5 9.8 3.5 4.9 5.4 7.0 5.9 8.1 3.8 9.1 6.2 5.1 7.2 2.9 3.2 2.5 8.4 0.6 3.1 7.8 7.0 7.2 3.8 8.7 6.2 5.0 9.2 2.6 4.2 8.5 0.8 0.6 3.6 2.8 9.4 5.8 0.2 0.1 3.0 0.1 9.2 9.4 6.3 0.5 2.8 5.1 2.7 6.7 9.0 0.2 3.7 5.9 0.5 8.9 5.5 5.1 8.6 3.9 6.5 0.1 9.0
int 92 47 4 10 40 39 16 80 55 18 97 10 88 96 84 4 65 76 94 60 78 44 5 69 90 1 38 14 50 79 3 27 88 11 58 65 6 27 30 17 53 33 4 27 57 86 96 47 62
char 32 98 s a x u y a e y d w c c b w z i o w k a c a j m u e p r m d y c m k g o b u z f j a j l r l k x x k f s a t v n u k s p s w m a b z j d q e s b f l i x w l c q z i w v c h d s y n k h d n c j v b
double 28 66 6.2 6.2 0.7 1.5 1.9 2.1 9.4 6.9 1.2 5.8 4.2 3.2 9.8 4.6 7.8 6.0 9.4 7.5 7.2 8.3 3.3 7.1 8.1 7.0 9.3 3.8 4.1 6.0 8.2 6.0 6.5 9.0 3.1 0.7 3.0 7.5 2.5 8.1 0.7 9.3 0.8 2.8 1.0 6.4 1.5 4.3 9.5 8.9 4.3 2.8 1.8 1.4 2.7 6.7 4.2 0.4 0.7 5.4 1.4 0.0 5.6 4.4 7.4 5.0 3.0 9.5
int 76 2 92 66
bool 5 97 1 0 0 1 1 1 1 0 0 1 0 1 0 1 0 0 1 1 0 0 1 1 1 0 1 0 1 1 0 0 0 1 1 0 0 1 0 0 0 1 0 0 0 0 1 1 0 1 0 1 0 0 0 1 0 1 1 0 0 0 0 1 1 1 1 0 0 0 0 0 0 1 1 0 0 1 0 0 1 0 1 0 1 1 0 0 0 1 0 1 1 1 1 0 1 1 1
char 53 62 j c k o p m t j q b i c k m a a m e i z j i q r m v z a d v l h n x y d i r c n w l m c y t s d r w f b t c i z c i b p n y
double 35 7 9.5 1.0 2.1 1.6 1.2 9.9 5.9
