43 6 10 1 3 7 5 9
32 7 2 9 14 13 12 1 8
56 9 11 16 5 17 18 13 10 15 9
43 10 11 19 6 20 16 8 4 18 7 15
69 10 5 8 9 12 1 15 17 20 6 14
35 10 18 2 19 6 13 1 12 3 5 4
63 11 10 22 2 7 20 16 14 18 9 3 4
49 11 11 15 9 5 8 10 20 1 13 7 6
61 13 15 24 10 9 3 4 11 19 20 12 5 14 23
116 15 28 7 24 17 3 13 19 2 27 15 30 23 6 16 29
59 16 10 12 14 23 22 3 11 4 26 7 25 24 1 2 28 15
71 16 32 20 28 3 31 22 9 11 18 30 6 21 8 10 16 25
19 16 5 13 11 12 17 3 25 26 6 8 4 24 7 27 20 21
41 19 14 31 5 13 24 4 19 25 34 21 33 3 29 6 28 12 15 22 9
212 19 24 14 7 4 10 36 20 28 19 27 37 5 3 32 1 18 23 11 29
84 19 25 2 26 11 19 10 13 15 30 37 9 23 29 20 27 12 22 35 1
94 20 21 26 23 11 4 33 31 8 25 24 15 27 17 13 39 37 40 9 35 19
162 23 38 44 32 22 14 19 2 24 40 46 13 27 25 20 28 15 11 6 26 21 43 4 29
221 25 34 12 45 25 41 21 37 40 22 29 43 49 26 14 28 23 36 32 17 8 3 44 24 35 50
263 26 3 6 15 4 10 24 33 34 49 29 2 39 19 41 37 30 42 35 12 1 36 14 28 16 18 48
50 26 18 37 1 23 32 46 5 3 16 51 47 24 12 11 20 26 28 45 8 21 13 43 30 9 7 14
117 27 35 33 51 2 16 10 7 17 45 18 25 13 39 20 29 4 32 37 31 24 49 15 27 19 43 54 53
202 27 38 34 40 37 39 36 33 45 18 24 19 7 32 23 28 44 11 49 26 30 10 3 50 6 47 15 14
200 30 28 44 49 31 52 48 20 18 60 7 29 55 45 36 56 27 32 38 5 19 51 15 9 37 25 6 10 40 57 42
238 32 16 55 59 52 13 7 47 1 15 35 24 2 38 14 41 54 8 64 29 23 63 40 48 43 20 33 60 28 44 49 3 4
166 32 36 1 46 51 31 40 53 44 43 28 60 2 26 62 20 42 32 19 50 18 54 27 38 13 35 7 57 17 22 30 47 4
140 33 17 66 37 52 38 34 35 3 55 12 6 28 4 50 10 18 59 40 45 41 7 23 44 13 30 26 19 33 46 49 5 31 58
271 33 46 10 17 24 61 37 48 62 57 31 14 52 19 2 65 29 3 43 35 51 40 22 13 6 9 36 1 11 60 27 53 44 25
106 35 30 15 36 25 50 2 65 67 5 55 22 34 28 59 11 4 1 13 45 42 62 37 6 48 51 33 61 44 66 56 23 46 8 38 43
358 39 7 32 77 46 78 8 57 28 10 64 18 41 1 54 24 29 5 68 17 48 66 25 59 45 36 60 67 34 72 23 22 21 30 40 44 11 50 47 76
144 40 19 48 31 75 3 16 38 62 69 20 41 1 64 27 49 33 12 74 14 39 46 63 57 65 71 72 67 23 43 68 15 9 52 25 5 8 18 50 70 61
334 40 12 26 37 33 8 47 70 68 11 49 53 38 34 63 59 29 36 65 39 44 4 58 71 66 16 52 79 14 80 25 64 73 74 57 32 50 55 24 51 76
248 40 50 39 13 43 28 67 80 53 18 63 65 17 9 76 58 60 45 48 36 42 77 14 20 4 3 22 56 5 32 68 66 24 78 2 6 51 74 69 19 62
245 42 12 9 66 81 28 16 15 46 18 55 57 29 38 43 77 62 76 10 42 4 71 37 49 74 25 64 23 32 53 31 33 61 63 17 75 39 67 34 3 36 45 13
298 42 39 36 26 14 68 15 47 76 79 64 41 27 73 56 62 61 9 40 69 44 82 43 12 7 32 65 2 18 16 45 63 49 8 34 67 20 48 38 72 29 58 5
218 43 13 47 21 55 33 34 51 73 19 78 40 38 67 10 57 62 30 70 22 76 28 26 35 53 1 77 9 71 86 63 8 41 31 32 14 27 20 60 80 24 42 64 6
110 44 31 36 86 51 9 5 21 70 34 18 16 20 61 50 85 17 4 77 84 32 57 19 76 6 69 45 30 40 82 1 72 60 24 80 46 8 25 63 3 87 48 14 59 28
406 44 13 78 43 64 56 17 24 6 21 57 9 69 86 68 74 70 66 15 2 47 29 52 76 71 8 85 65 67 19 75 53 22 28 84 39 1 87 44 5 30 77 72 62 41
160 47 28 34 59 56 43 15 41 8 69 68 58 33 40 21 71 29 54 24 23 55 72 25 52 65 47 42 78 2 82 10 87 73 13 48 51 67 79 75 46 90 92 80 5 89 94 63 11
395 49 5 40 31 30 49 62 83 54 82 79 63 65 11 64 85 50 32 22 23 96 41 55 95 33 42 77 93 27 24 69 51 57 52 17 67 43 59 97 87 90 70 21 86 72 48 18 8 74 44
225 49 14 79 91 43 19 36 54 63 15 6 10 86 45 80 69 41 52 26 7 30 25 47 89 49 28 85 22 21 2 32 34 71 31 73 3 51 56 62 94 16 64 58 90 23 66 92 68 88 40
116 52 40 99 73 49 65 14 44 42 63 79 84 22 104 31 5 75 19 61 28 15 48 58 87 91 72 86 17 85 36 80 97 35 66 95 23 11 30 96 39 47 59 93 74 62 89 94 8 34 71 6 64 88
580 53 17 46 71 43 29 44 36 38 62 93 6 45 94 15 75 27 8 70 32 14 49 82 69 20 16 31 28 92 103 33 50 59 7 66 1 57 99 48 19 52 39 98 35 88 54 47 21 104 105 95 81 76 100
260 54 45 27 76 99 42 11 26 37 102 61 85 86 47 84 53 13 98 62 6 103 78 40 29 63 101 74 59 64 52 91 9 21 49 68 44 35 72 16 24 65 5 3 87 14 95 8 19 73 94 66 30 23 10 39
415 54 44 98 2 60 68 102 14 73 84 80 20 94 4 61 77 17 5 65 53 13 70 71 15 97 41 27 78 28 56 8 76 26 69 6 108 74 35 90 63 19 7 24 88 55 34 11 12 95 91 29 22 62 43 9
458 55 21 91 16 46 85 70 36 17 79 31 83 6 86 104 93 1 81 48 38 105 8 4 37 2 72 33 34 29 92 102 3 7 88 51 63 56 84 76 50 43 96 25 19 39 101 13 77 66 14 64 15 32 103 49 28
252 55 39 1 76 86 87 44 107 55 4 26 3 62 60 71 75 25 89 92 54 12 27 56 29 104 13 28 74 17 97 93 48 110 68 20 88 58 2 102 8 53 19 9 34 57 52 72 100 77 65 109 41 35 83 103 11
295 56 54 48 63 95 101 43 85 60 19 57 104 82 80 91 3 6 41 36 68 35 97 8 17 40 39 24 1 27 84 51 34 98 46 100 21 59 62 112 28 4 42 67 9 90 79 15 69 33 22 71 76 73 88 18 78 89
228 57 92 91 53 97 26 43 84 94 110 37 12 16 30 32 66 89 4 64 80 51 18 36 14 111 75 58 1 78 112 72 69 107 76 101 34 62 23 20 65 9 104 40 50 71 5 87 13 77 63 21 11 86 82 49 68 60 33
316 58 81 79 111 47 70 112 6 56 30 60 11 72 61 113 16 53 101 58 4 45 8 28 22 71 73 110 86 14 66 31 83 94 100 89 98 107 85 44 84 12 69 1 102 55 43 59 3 51 10 96 25 99 103 80 75 82 76 2
443 58 3 60 65 79 97 48 107 42 68 52 103 31 87 27 55 115 13 99 112 45 24 93 57 102 96 75 21 30 18 41 10 50 90 82 47 62 70 105 11 19 20 95 38 5 67 108 26 8 2 69 84 85 73 116 59 63 40 32
336 59 79 35 11 13 49 114 48 29 100 104 63 60 17 106 94 8 14 69 57 33 47 10 61 108 56 12 111 86 16 27 82 87 70 42 31 53 50 21 90 25 15 46 115 112 20 41 64 116 76 68 28 45 102 77 81 19 105 66 113
232 60 104 39 50 99 42 61 54 67 120 14 86 30 22 101 9 109 98 43 81 41 53 23 47 6 3 17 73 56 49 79 24 83 25 11 113 59 117 34 33 102 108 28 48 119 55 105 114 45 58 2 76 118 37 85 89 110 46 68 106 70
510 60 103 39 15 30 109 8 84 100 89 113 66 56 111 12 53 105 83 120 40 80 28 118 73 33 19 52 119 36 63 43 18 101 91 34 60 49 114 2 88 92 32 96 46 54 74 27 82 102 67 23 25 58 72 42 112 71 22 9 99 44
377 60 80 69 12 45 38 64 119 71 53 94 114 108 47 21 18 73 56 22 27 105 66 61 46 98 33 13 31 59 77 55 85 97 82 92 19 86 106 90 40 110 102 5 112 74 35 24 37 42 78 88 115 81 2 39 99 72 79 63 7 57
439 63 91 86 4 108 102 71 93 29 72 114 48 67 84 92 99 83 3 1 94 120 76 26 51 85 63 47 88 39 87 118 55 54 97 107 74 58 23 61 31 100 89 116 59 18 14 19 103 111 36 5 69 65 40 46 13 9 57 60 34 30 66 62 104
489 65 5 112 63 47 42 80 117 127 128 52 130 76 64 104 54 120 58 33 25 12 118 1 29 19 69 38 56 7 99 3 51 125 83 55 45 46 75 111 67 68 13 89 9 70 21 93 59 20 39 95 31 81 90 23 77 24 60 11 107 53 65 78 122 126 73
105 66 39 28 53 62 48 60 18 75 131 79 41 63 16 9 35 99 89 122 26 86 77 132 109 110 61 21 25 33 115 120 32 72 111 50 13 93 113 121 27 47 42 117 8 91 19 123 14 3 59 130 98 103 119 58 54 34 43 116 84 125 6 85 57 20 52 30
416 67 115 1 122 49 112 125 36 33 41 73 97 110 119 84 70 60 3 71 2 9 57 26 134 69 45 44 99 52 65 51 31 30 64 20 55 54 118 87 81 89 14 90 91 75 109 4 11 96 82 8 105 113 79 43 66 86 59 40 100 62 10 15 130 88 106 58 32
273 68 16 85 7 23 119 107 51 4 9 31 49 130 87 3 6 127 88 60 124 106 20 53 68 66 28 50 77 131 18 17 38 99 12 105 136 120 71 70 43 11 41 37 110 73 72 90 132 24 58 94 82 63 123 48 27 44 64 57 117 25 89 19 109 30 92 62 80 115
191 69 117 119 34 91 129 18 63 42 55 101 87 3 30 31 66 9 58 41 35 12 38 74 122 73 138 112 49 67 127 48 24 137 45 33 115 59 126 20 65 51 98 114 14 11 104 28 78 96 54 105 2 84 10 64 6 37 68 25 81 132 77 22 60 69 82 109 88 107 21
416 69 51 134 7 75 16 123 59 83 41 38 91 85 100 45 39 1 46 12 105 106 66 4 103 30 63 121 77 116 138 101 15 126 64 108 110 107 26 13 10 2 21 32 70 122 24 79 52 86 60 34 73 99 117 49 29 69 47 125 20 111 57 94 61 128 65 68 109 14 19
756 69 116 70 55 47 45 135 61 41 80 32 27 79 64 98 1 86 26 60 18 38 126 123 117 93 121 122 111 9 6 40 107 87 82 71 51 14 33 23 73 81 4 54 77 39 75 119 10 29 52 48 130 65 67 58 16 72 104 63 101 92 124 24 106 62 22 94 99 49 108
413 71 127 115 96 93 73 142 116 3 78 30 35 104 61 109 8 21 141 6 56 136 77 133 120 88 125 131 97 103 23 117 31 140 68 54 27 36 76 90 11 135 65 113 111 46 44 110 50 83 13 62 7 37 121 16 106 137 126 18 47 10 49 75 69 122 89 98 55 81 64 128 70
517 71 88 96 130 39 36 50 118 102 141 107 30 114 112 98 74 18 43 99 110 85 106 87 29 68 28 97 25 81 42 139 48 27 136 65 37 34 3 52 54 140 89 72 100 126 26 21 14 108 19 58 95 10 13 47 128 83 116 9 134 121 86 49 117 69 73 104 15 75 5 71 84
200 72 105 14 98 97 59 57 134 50 10 91 9 15 20 75 51 2 112 40 5 109 77 32 28 47 122 111 95 60 39 34 35 11 55 135 128 3 71 66 27 133 79 53 76 37 127 126 31 62 42 41 118 67 119 88 61 43 1 63 26 96 87 68 121 30 69 102 7 130 12 100 90 74
534 72 71 112 105 37 44 140 72 18 70 17 26 135 99 97 92 131 133 1 34 21 7 6 25 66 122 88 3 128 113 118 29 78 4 45 102 67 24 127 2 121 30 106 58 129 19 32 80 50 115 48 120 65 42 61 75 101 83 43 117 119 53 51 9 23 27 49 13 52 89 137 60 68
217 72 95 14 41 26 124 86 88 128 56 106 4 73 12 59 81 104 31 19 33 36 76 132 38 55 40 85 127 25 96 133 75 60 24 47 122 134 129 6 45 119 28 116 15 63 49 9 126 143 97 21 29 20 66 54 91 98 44 39 5 140 84 80 62 71 99 7 136 87 114 18 70 30
551 73 118 106 121 47 101 103 5 25 20 72 112 71 14 28 77 129 36 45 17 58 57 120 70 108 146 30 3 109 52 78 90 123 19 63 124 144 88 73 10 22 74 62 66 8 27 11 60 6 46 38 83 4 133 31 44 49 114 145 39 100 82 75 42 95 143 139 135 122 115 136 81 87 53
318 74 131 23 75 42 132 43 47 57 78 29 39 81 144 32 38 100 108 15 25 74 37 59 87 76 121 26 40 117 28 83 105 138 141 86 133 128 137 93 13 12 36 142 16 72 52 53 94 98 21 68 109 65 89 27 129 71 4 60 107 66 9 11 127 145 106 116 120 125 110 6 10 22 90 2
155 75 38 77 8 33 109 40 146 132 102 78 89 19 131 101 39 129 76 140 138 53 79 1 72 93 126 32 43 31 113 137 84 68 91 112 128 106 98 57 149 65 4 11 105 116 66 133 37 3 103 80 41 88 117 10 64 71 14 42 21 120 58 142 24 59 104 52 50 48 73 127 63 27 62 15 44
693 75 44 122 10 130 83 66 15 68 148 60 146 38 88 108 91 98 127 110 84 118 103 116 141 87 119 61 140 101 80 18 121 138 134 51 13 55 6 52 4 28 33 126 123 22 36 74 112 132 115 142 137 27 35 113 39 37 100 139 71 1 54 34 47 124 78 21 117 63 79 62 31 125 56 109 106
466 75 7 133 112 137 121 40 9 110 141 115 100 142 32 147 136 148 53 23 120 44 119 129 127 2 135 48 146 33 98 81 14 24 18 139 125 118 74 114 143 123 3 26 20 97 56 106 65 99 76 128 62 39 16 50 37 12 55 36 70 41 35 132 105 43 51 72 64 103 87 75 60 69 134 10 124
317 76 13 16 113 59 116 12 7 34 108 67 77 124 139 58 71 117 130 56 11 48 9 94 63 57 6 127 99 114 141 89 8 32 152 142 22 146 96 138 104 105 90 151 118 3 31 2 76 64 81 74 39 33 26 4 93 28 145 65 45 86 150 135 66 54 68 78 100 126 61 40 10 46 18 15 87 109
250 76 27 115 85 135 78 132 38 121 7 64 152 133 94 26 48 55 46 91 138 1 120 65 12 63 11 40 128 2 54 126 49 125 109 47 42 84 107 101 127 130 9 137 50 23 19 134 144 58 86 80 114 105 43 16 129 102 118 34 122 106 82 61 142 79 8 75 73 92 22 35 52 96 69 31 145 97
386 77 84 78 97 51 120 6 53 130 118 40 67 110 31 15 128 147 41 86 18 71 132 99 45 79 74 38 60 92 9 119 32 83 80 73 62 145 26 152 48 47 52 93 134 2 12 21 129 91 33 59 105 3 148 35 109 17 136 89 98 82 42 43 50 55 14 69 87 19 137 117 131 49 68 125 103 81 11
434 77 74 103 127 141 31 24 98 88 42 61 81 57 23 90 146 48 3 135 5 142 134 151 93 36 46 18 10 150 136 96 28 55 41 22 60 137 4 99 102 64 97 9 33 78 63 34 21 58 145 47 129 86 70 35 87 54 16 66 143 101 75 26 30 104 84 82 8 95 121 80 112 132 124 144 6 1 50
798 78 42 86 91 14 64 133 136 142 108 25 82 124 39 83 81 74 61 78 79 137 149 13 110 101 130 112 71 12 154 148 92 128 54 76 2 141 132 62 118 63 41 98 89 52 53 120 7 16 129 80 99 144 145 48 3 90 68 33 19 131 50 116 107 60 22 146 104 85 56 100 106 34 29 114 17 96 134 51
368 79 133 152 149 74 143 38 101 8 94 91 45 63 71 117 26 104 59 7 37 49 69 40 151 86 150 130 24 137 32 127 121 70 41 134 9 108 46 34 100 18 48 138 154 1 124 61 36 14 77 142 90 78 28 29 84 66 112 106 53 54 157 64 17 115 92 123 95 11 10 132 15 148 109 88 82 62 3 57 56
342 79 16 45 19 41 102 81 59 138 80 22 49 119 2 38 40 1 76 83 128 136 68 91 71 28 97 99 132 32 95 133 30 11 108 15 113 74 139 147 77 54 87 118 145 47 96 140 151 135 46 112 8 50 134 56 42 17 122 62 51 58 73 20 18 107 120 23 149 146 110 29 67 9 24 124 72 25 85 125 10
498 80 110 123 31 71 50 128 53 126 140 76 142 156 82 117 159 98 44 68 22 55 18 157 116 144 94 101 127 149 139 37 129 91 52 64 17 153 103 158 35 45 8 33 4 119 19 30 84 1 115 26 85 6 136 25 93 72 122 133 3 111 43 143 23 120 105 86 90 104 74 131 27 77 150 125 152 29 112 14 78 107
317 81 67 117 63 156 135 151 1 49 2 66 88 61 43 81 52 64 36 112 53 116 26 24 93 124 20 41 121 126 138 119 103 155 104 96 115 32 40 18 97 55 154 29 145 3 21 38 144 14 65 42 125 13 113 15 33 128 39 48 148 118 130 111 46 114 123 56 9 122 139 77 75 76 79 161 68 45 44 109 149 31 19
768 81 34 86 158 93 108 68 7 66 87 43 62 51 152 104 141 78 48 3 109 118 26 123 147 100 151 56 44 38 99 122 32 125 13 1 132 12 142 159 85 40 144 145 50 76 105 106 57 137 14 8 4 117 94 25 119 74 128 89 154 155 126 129 27 10 101 45 23 67 136 60 103 64 95 124 133 30 55 31 161 46 107
529 81 44 81 52 123 19 5 54 55 153 144 39 98 34 119 142 124 109 117 127 122 115 57 84 106 101 121 102 95 107 60 104 73 159 37 137 58 46 120 11 28 138 128 99 149 134 26 35 14 32 36 126 75 111 129 85 141 33 114 94 24 64 40 145 77 87 65 116 3 49 7 17 63 45 69 162 135 103 31 90 67 131
537 82 100 6 91 98 148 152 146 111 22 30 164 55 57 36 134 20 74 25 75 48 103 19 45 21 114 119 143 78 79 93 147 26 130 108 18 107 3 142 9 145 1 89 71 133 11 70 155 83 96 97 13 161 128 35 31 113 29 46 43 158 157 72 88 49 102 160 90 101 17 51 47 99 58 56 16 66 44 106 138 124 53 125
603 83 68 19 96 142 62 25 12 13 132 88 70 29 103 11 122 8 5 90 159 80 40 101 138 161 16 41 94 148 95 63 136 77 3 150 121 57 102 14 91 15 130 104 111 131 125 66 44 105 116 30 61 76 18 140 124 115 166 145 164 34 134 47 58 162 69 85 163 112 67 149 98 33 75 53 143 155 154 158 64 24 89 49 129
548 86 74 129 101 139 113 146 76 12 81 62 38 83 94 32 8 15 56 92 33 128 2 9 161 60 73 140 171 121 28 124 75 164 160 55 120 84 23 82 40 50 116 130 7 77 25 69 45 122 86 145 85 41 27 144 156 68 132 35 169 70 72 165 58 114 117 123 99 34 151 149 51 131 147 67 172 47 98 135 22 150 105 6 136 110 14 37
257 88 171 147 151 163 14 8 51 109 153 134 43 26 69 114 61 59 75 142 169 28 54 40 137 149 34 94 101 74 17 5 110 49 39 37 113 20 102 111 90 152 128 72 125 53 165 156 108 98 46 146 35 162 12 95 130 7 133 30 76 19 85 29 132 73 97 60 103 6 31 79 150 15 96 148 161 117 119 81 32 66 25 140 71 44 107 105 23 47
346 88 70 107 94 109 49 115 74 21 15 152 32 42 136 138 97 78 85 75 146 122 147 80 144 108 72 117 30 119 93 132 101 23 89 8 83 46 18 54 34 141 48 66 111 100 164 121 90 62 157 13 170 125 12 131 162 173 143 6 128 103 87 9 58 155 14 71 145 10 38 161 56 45 130 102 37 2 20 35 47 28 158 171 57 150 19 120 43 39
661 90 101 107 19 15 75 57 9 111 96 122 165 26 158 95 119 11 151 40 58 132 120 112 49 67 48 42 106 108 149 78 150 83 12 161 70 85 180 28 16 157 174 123 81 64 148 32 133 89 114 117 162 169 77 45 44 173 159 68 73 127 171 143 31 22 2 176 25 72 156 121 53 69 38 8 65 154 93 98 52 125 59 13 50 47 5 170 113 146 60 4
607 91 71 175 45 144 99 98 30 38 72 104 80 32 15 53 112 12 163 125 52 8 169 128 155 118 95 129 147 174 134 5 180 44 90 9 14 82 105 131 28 133 83 43 31 113 6 69 108 116 142 156 33 170 121 36 22 16 115 54 49 18 139 97 127 159 92 110 11 68 19 35 103 63 29 51 176 23 81 172 143 13 62 165 78 65 39 67 182 114 25 94 132
276 91 92 135 74 40 84 99 173 55 139 39 105 19 155 71 3 152 97 29 175 56 163 61 20 38 179 112 73 45 131 42 146 113 170 18 64 1 108 15 132 114 89 157 182 79 86 177 75 125 180 153 78 24 154 145 77 35 130 143 87 27 54 10 134 156 13 33 127 25 65 49 50 140 16 31 83 148 67 168 66 90 69 68 59 43 98 17 91 46 72 169 5
485 95 84 6 94 79 171 166 91 99 139 147 82 63 183 146 122 186 83 51 88 138 29 12 34 21 2 39 113 14 27 120 52 155 151 80 76 148 109 17 187 28 16 59 93 127 152 125 175 95 36 176 65 77 43 66 103 158 117 20 123 178 44 86 38 135 157 10 30 85 40 154 73 110 130 150 1 74 55 173 143 177 126 165 172 50 67 48 69 144 105 179 61 13 149 97 140
273 96 153 43 99 13 156 32 48 4 44 40 166 151 82 100 93 14 124 128 108 33 17 50 37 138 46 134 66 75 3 16 131 90 169 144 20 102 6 2 22 152 24 118 28 140 103 130 172 129 76 147 107 64 141 186 36 117 25 19 54 174 77 85 98 60 164 183 47 179 137 104 97 157 114 52 132 73 11 21 121 8 136 92 180 113 115 176 135 51 91 7 27 12 65 173 111 59
795 97 15 112 118 140 151 94 9 136 75 41 33 139 85 72 82 57 34 128 147 35 137 143 27 180 153 92 141 127 18 188 76 163 183 42 59 13 62 68 171 129 67 189 162 104 77 135 105 40 36 37 71 178 166 106 175 63 16 49 60 142 138 114 32 29 96 130 132 165 133 45 2 123 154 174 155 7 184 194 146 186 1 69 102 24 168 117 110 158 56 111 31 88 26 51 99 23 47
340 97 166 21 99 80 91 20 163 81 48 138 74 134 8 105 175 85 162 114 173 29 60 70 111 108 82 135 190 23 113 69 152 121 151 140 155 124 58 43 112 154 57 115 136 159 63 174 122 16 15 107 36 176 120 191 83 6 39 92 59 76 126 45 89 184 100 165 14 137 37 98 75 44 157 71 4 26 90 19 40 142 158 72 106 169 34 139 68 61 51 193 183 144 65 179 149 13 103
528 98 173 45 8 107 87 60 91 188 58 169 85 124 88 117 112 23 32 154 15 21 31 27 165 115 68 56 136 180 9 90 44 59 19 110 77 195 122 41 137 14 57 18 67 33 171 50 118 145 39 121 166 181 6 141 163 84 105 96 186 106 174 144 30 95 1 102 160 184 148 103 139 82 86 140 149 170 29 120 101 131 111 69 179 17 114 93 71 37 73 66 185 182 52 177 11 46 10 178
557 98 162 36 160 165 114 85 170 171 34 108 110 166 2 81 161 149 164 39 133 95 126 156 33 120 57 13 83 116 15 143 29 20 88 86 159 71 157 119 151 14 9 3 137 125 19 132 7 69 60 91 49 112 79 167 82 146 123 28 148 134 193 75 72 124 109 154 66 158 196 24 94 135 152 76 17 47 177 65 101 178 35 180 185 128 144 168 147 105 172 115 103 181 6 189 99 42 190 32
305 102 86 30 25 80 79 182 188 171 89 81 55 75 12 47 26 124 138 107 31 66 159 102 125 150 195 101 153 22 143 83 82 103 189 50 136 149 70 193 37 145 72 163 11 148 27 44 71 51 121 178 23 39 115 119 100 140 57 87 174 122 114 17 32 156 135 120 168 33 160 198 35 173 18 85 144 194 6 190 146 187 5 108 95 177 65 62 128 43 56 157 28 96 7 111 8 73 142 130 34 129 109 9
289 103 192 176 183 171 132 108 136 7 195 86 101 34 119 83 143 9 5 199 204 178 73 60 69 130 120 89 160 76 46 93 166 65 39 59 31 84 158 189 61 102 6 162 35 53 125 110 145 142 38 106 196 8 44 51 206 16 200 62 159 78 184 40 10 133 33 186 155 63 49 57 139 103 3 22 15 124 99 117 50 19 122 197 45 56 205 100 54 177 25 52 126 161 149 82 115 193 17 167 92 141 134 153 168
