10 8 9 13 18 10 12 4 18 3 9 0
10 1 1 17 11 8 17 18 17 17 14 4
14 3 23 22 5 24 22 4 11 19 26 8 14 3 3 10
14 12 1 20 17 18 27 14 1 2 14 14 8 0 22 22
30 28 59 59 56 41 7 53 59 28 4 0 6 43 34 56 49 27 34 59 4 51 29 46 47 10 29 7 13 41 35 16
30 26 55 16 29 8 0 22 52 36 7 6 51 12 11 23 36 5 7 53 46 33 32 45 40 33 57 33 15 39 31 58
34 21 54 1 54 37 52 56 66 53 1 33 30 1 12 12 35 25 26 20 47 35 32 23 50 9 65 21 43 42 0 13 43 34 8 56
50 38 30 81 76 13 7 54 98 69 15 80 47 27 75 88 86 64 47 6 38 27 2 31 79 57 46 27 40 38 41 42 2 65 69 11 8 2 43 73 80 36 2 64 70 1 87 40 8 55 5 87
50 35 96 9 96 44 35 65 58 3 3 4 46 55 50 75 27 63 52 11 84 87 16 77 51 90 83 20 99 90 42 11 36 62 60 69 14 78 66 57 99 50 19 98 43 68 76 1 46 88 20 81
54 40 46 34 12 55 28 26 43 96 77 95 78 93 101 2 97 27 95 100 94 67 104 104 13 100 96 84 51 5 2 53 79 74 48 104 60 30 36 19 6 2 26 26 81 99 7 87 55 71 73 87 47 43 9 51
54 6 30 61 49 96 39 107 83 100 105 84 96 76 78 72 17 25 64 100 50 5 56 103 29 71 105 57 67 56 69 91 97 88 102 97 21 22 17 52 83 103 41 86 77 65 45 50 56 22 34 70 79 48 36 16
58 29 96 66 115 112 114 96 8 8 64 101 97 0 17 45 98 17 99 56 115 40 12 55 81 62 58 3 108 79 12 11 20 81 14 4 73 46 94 81 80 39 98 69 72 14 104 34 115 12 92 60 67 18 91 53 72 4 112 112
58 47 3 110 47 11 11 101 33 21 86 88 69 67 100 88 13 15 5 23 38 24 50 107 100 41 28 44 43 95 51 99 57 112 28 69 4 69 15 68 41 55 80 112 85 55 84 46 45 79 73 72 52 38 56 65 102 65 86 55
58 6 91 102 83 80 21 62 111 92 74 27 100 41 39 61 86 69 73 10 46 42 66 33 73 114 38 111 38 54 57 103 35 87 93 99 30 61 88 15 46 41 5 88 88 19 61 28 58 107 29 6 83 58 16 20 60 7 27 36
62 38 13 35 113 27 14 83 59 123 54 30 81 57 13 107 36 36 4 45 25 1 10 119 60 92 15 70 20 2 19 8 54 0 97 112 2 51 121 119 103 13 28 59 45 57 32 10 32 7 35 77 69 82 29 20 63 94 71 5 109 121 14 24
62 17 19 79 86 75 117 4 72 5 105 15 108 109 103 95 24 27 86 111 122 8 100 9 94 80 107 114 111 107 63 39 18 17 13 71 44 114 53 97 118 77 53 5 70 20 101 30 46 51 9 75 60 104 96 81 17 118 109 48 4 82 79 98
70 64 128 132 28 3 84 88 27 98 43 20 83 138 136 74 13 56 34 2 35 1 51 5 120 31 120 27 32 133 93 109 62 121 12 54 65 118 37 68 94 80 31 18 70 129 24 83 110 20 43 47 108 79 138 97 97 57 9 35 23 14 114 24 24 10 45 54 76 29 91 30
74 10 108 56 27 88 145 28 79 129 66 16 135 53 82 30 57 93 130 63 29 81 2 79 95 69 34 60 135 79 20 74 28 12 127 92 56 68 146 85 29 90 117 83 94 120 45 75 46 138 106 27 18 77 11 8 99 50 24 137 129 10 65 57 115 8 111 61 118 29 113 106 9 143 23 7
78 24 128 53 113 102 126 102 78 40 29 96 76 152 116 37 116 150 150 82 92 80 31 69 20 117 71 93 103 19 115 131 32 6 122 98 51 2 45 40 80 102 112 37 5 155 41 18 129 58 43 58 61 70 138 38 120 50 41 120 144 93 57 20 64 15 90 122 87 21 64 18 105 121 106 109 152 17 134 19
78 70 66 66 147 27 50 128 8 112 84 67 67 150 5 19 146 44 100 93 36 96 57 133 23 8 54 30 64 139 1 5 149 58 14 78 131 100 43 68 81 14 124 55 83 27 24 113 98 149 140 134 94 0 114 144 130 147 95 46 137 22 46 103 143 117 89 50 3 34 73 83 30 37 153 73 45 6 32 36
82 55 24 105 122 13 21 16 39 148 31 52 77 127 40 147 100 99 129 149 70 59 103 133 96 24 152 81 110 157 89 4 78 10 95 71 109 59 59 99 111 21 139 3 149 33 70 106 41 135 163 129 58 146 40 144 61 5 115 13 115 60 132 92 9 83 78 157 86 43 101 106 19 22 0 90 146 116 65 128 25 83 37 87
82 41 113 127 73 68 82 69 135 20 81 163 10 75 153 118 133 55 7 75 153 151 65 135 40 122 113 127 147 3 69 95 61 122 158 27 124 49 71 159 70 2 108 73 14 24 80 22 149 53 71 82 33 18 126 33 158 54 130 51 69 22 26 137 59 19 109 44 10 100 146 52 157 119 117 75 4 31 114 34 124 17 41 93
82 20 141 156 62 143 15 109 134 156 70 92 1 124 21 136 26 132 120 128 80 19 141 65 80 136 50 54 137 107 106 105 92 126 81 124 141 62 99 159 22 116 147 94 58 142 143 118 139 21 138 120 24 125 95 90 86 112 157 157 149 4 110 3 114 29 124 46 61 60 0 138 102 30 34 91 29 47 145 156 97 76 9 11
90 8 176 152 89 113 32 144 6 175 22 27 133 10 102 93 7 11 112 137 28 171 140 29 92 31 153 49 33 27 5 41 100 86 66 49 58 64 65 90 83 47 133 61 152 60 57 165 76 1 35 157 161 177 168 89 33 37 8 41 112 53 146 100 174 100 150 118 95 68 55 101 131 138 135 40 134 118 70 41 96 12 155 128 170 15 128 3 87 121 88 88
90 68 82 119 89 30 145 59 172 100 172 102 48 14 84 98 156 112 51 3 174 81 129 4 168 170 100 152 80 139 162 9 150 141 21 20 147 141 96 59 131 93 139 33 126 147 129 98 147 148 111 169 21 90 117 147 64 18 64 157 109 121 37 143 152 171 126 54 55 25 91 123 66 55 35 179 51 54 46 33 60 148 48 62 39 57 92 48 43 98 165 43
90 34 90 142 76 94 58 147 85 52 101 79 172 64 41 61 156 19 112 172 11 141 7 91 93 53 40 86 39 167 37 89 7 113 25 93 161 179 132 60 77 175 99 159 73 167 38 179 28 94 164 127 39 20 156 24 129 154 62 28 171 69 153 14 61 136 19 6 105 64 17 164 0 85 149 52 99 24 101 100 54 159 68 18 16 1 168 179 33 165 49 164
94 74 29 185 93 88 128 92 78 134 160 84 71 154 59 30 127 43 115 179 166 37 136 133 89 161 102 117 0 186 59 107 10 139 186 65 105 127 136 31 16 134 92 98 139 57 182 27 57 61 106 68 163 100 127 56 171 90 56 132 42 105 145 174 65 137 79 150 60 31 26 120 150 54 87 63 117 28 6 8 120 121 29 138 43 43 58 88 121 134 160 118 96 69 15 175
98 5 94 73 62 186 158 21 121 102 140 173 191 51 126 25 32 131 73 145 16 158 95 5 68 69 166 159 153 151 109 149 30 193 184 133 60 33 33 159 184 96 161 176 5 140 80 63 142 176 171 87 178 187 153 40 168 105 195 109 139 174 41 55 157 171 24 141 45 193 68 157 31 140 32 14 59 11 129 77 133 24 2 145 141 80 1 10 140 170 125 76 195 160 110 3 121 153 190 1
110 38 207 18 30 162 9 160 127 97 202 45 170 150 198 23 20 102 140 11 59 138 48 157 37 69 163 156 165 215 1 90 19 31 198 165 93 214 97 153 134 128 8 5 140 106 189 57 200 69 63 197 112 211 216 53 114 115 98 64 5 60 100 44 133 92 148 67 103 117 24 166 83 138 81 124 41 152 139 10 219 125 47 92 82 161 178 96 143 23 58 68 91 25 115 83 116 189 10 132 183 189 112 180 35 215 32 2 15 43 75 219
114 23 214 220 120 202 121 142 97 208 188 173 25 55 177 123 212 74 217 190 201 87 84 120 197 46 110 63 63 135 157 89 31 204 24 84 69 61 85 12 224 14 133 218 64 37 212 207 219 43 21 14 158 13 127 112 183 150 201 37 72 47 37 51 127 75 107 112 27 180 2 208 217 85 101 104 51 71 197 48 118 77 82 102 56 158 13 99 61 109 195 187 25 78 168 93 126 99 27 8 172 23 52 39 166 173 14 81 58 155 178 95 159 133 164 100
118 109 206 138 79 153 217 109 150 38 133 126 147 37 165 197 37 121 29 129 2 79 200 224 171 130 71 162 26 144 181 85 121 109 207 165 193 59 15 98 216 27 208 111 7 29 5 49 4 66 196 40 32 227 180 146 87 171 62 92 221 191 32 141 122 163 29 184 39 130 206 167 58 110 90 61 22 223 141 122 83 208 7 109 234 173 85 83 9 73 193 4 66 70 6 118 135 6 216 159 87 15 223 74 157 97 163 222 30 14 49 112 50 224 225 66 221 47 216 210
122 105 44 171 81 191 235 168 185 197 114 226 126 224 107 214 228 97 150 215 114 174 46 106 55 80 136 201 34 85 152 220 21 195 34 213 120 95 220 146 226 174 160 111 227 161 133 104 156 31 86 129 153 182 85 95 223 16 131 77 220 149 72 84 178 59 119 140 209 35 95 132 237 224 162 205 163 152 60 181 216 242 80 30 45 17 88 18 33 189 195 60 119 57 43 1 23 12 210 10 50 57 61 184 109 60 73 242 20 148 55 86 19 56 43 64 187 196 232 153 226 12 6 40
126 27 61 158 224 228 93 49 203 34 129 124 195 68 90 10 232 38 134 17 14 0 148 35 65 91 245 93 67 18 107 236 124 229 17 115 193 189 92 16 194 142 230 241 111 192 232 34 128 175 18 31 63 94 83 2 18 2 50 39 18 173 133 68 43 4 112 71 242 228 224 96 100 35 193 29 15 160 250 30 93 241 150 130 24 28 78 167 250 76 182 38 78 91 51 3 134 148 244 221 159 156 76 179 86 78 23 134 186 25 82 226 154 127 72 173 130 205 9 136 192 69 67 25 219 169 91 163
130 97 218 15 217 183 234 102 220 20 48 139 26 55 51 9 59 241 23 173 174 191 255 257 182 76 125 87 16 223 154 65 239 20 5 89 71 5 105 32 4 32 174 198 163 130 251 72 61 183 29 122 102 258 83 68 248 164 60 188 17 211 144 194 100 152 132 135 174 224 156 3 199 89 39 19 70 122 235 1 63 119 196 174 115 246 165 105 106 89 132 183 137 90 30 192 200 148 175 92 225 18 176 27 8 36 191 99 255 89 193 65 215 64 119 21 148 197 123 259 41 10 112 40 180 137 225 155 144 169 179 45
130 55 133 28 23 80 173 4 134 181 205 165 68 117 243 181 19 185 220 122 233 165 136 245 94 178 246 17 219 245 23 186 111 18 112 43 24 131 40 191 53 39 194 203 17 173 157 210 89 60 63 211 175 27 153 144 18 126 254 224 19 16 159 0 226 18 239 89 9 129 19 76 210 190 146 159 235 87 190 145 56 259 213 16 84 35 51 171 183 187 61 246 76 154 39 179 28 187 128 209 38 250 106 36 76 118 189 188 193 205 11 93 188 249 238 34 209 195 71 72 90 197 141 14 68 178 171 64 52 157 29 157
134 7 2 106 262 261 43 86 232 250 225 249 107 134 130 75 106 175 165 43 111 226 178 252 111 147 238 16 184 139 53 267 134 213 124 223 260 117 123 174 51 164 265 91 45 65 155 59 189 174 106 143 205 17 56 39 167 84 177 223 200 155 42 172 227 80 138 260 242 15 79 210 132 101 144 166 195 17 51 261 13 119 206 108 117 95 146 61 31 202 74 78 58 116 98 23 30 209 107 124 42 226 215 120 60 57 162 106 85 169 179 205 41 2 220 247 99 262 57 245 119 106 138 37 159 125 189 160 90 115 76 182 34 157 174 219
134 22 238 60 97 221 226 22 163 107 137 116 177 167 81 235 1 73 77 252 54 29 138 5 49 164 132 39 245 84 29 163 140 93 178 80 104 74 83 112 165 76 42 137 129 172 233 218 51 39 217 221 110 184 46 158 144 144 34 17 195 4 196 45 20 60 266 180 39 105 159 93 21 142 179 13 13 28 12 102 30 54 202 0 103 177 125 89 85 96 143 187 262 263 166 88 8 166 193 47 239 174 267 184 184 149 191 41 170 210 125 47 139 66 76 17 89 145 154 37 107 109 213 18 115 15 79 251 240 60 255 79 242 223 79 69
134 56 35 38 27 229 257 40 243 228 113 46 51 122 37 163 124 193 222 172 103 36 193 240 83 262 99 147 115 214 95 247 218 200 130 168 164 104 8 132 90 228 103 80 180 34 10 163 31 202 166 91 20 51 120 227 10 65 113 59 125 223 127 141 38 16 174 262 264 166 110 27 203 147 132 224 167 167 8 158 24 18 209 71 150 248 211 243 225 121 220 40 203 89 78 41 87 99 111 30 213 228 80 216 100 180 63 265 114 41 24 210 107 218 232 113 7 117 96 162 163 233 214 3 173 111 40 85 0 143 90 232 176 190 239 173
142 131 276 164 219 193 114 93 33 57 260 280 17 22 275 1 122 188 156 172 62 17 25 165 237 23 183 100 145 208 23 152 273 239 268 177 235 127 44 154 9 27 176 13 244 276 157 127 180 105 136 127 3 45 55 107 124 98 91 73 215 16 235 22 75 37 62 61 42 77 159 217 86 164 106 186 97 139 205 219 161 5 158 193 44 129 186 163 159 172 87 85 200 60 4 176 201 61 123 85 233 185 149 258 111 61 158 72 275 110 211 75 36 130 215 100 63 102 264 228 170 2 14 0 174 273 152 51 247 210 168 279 114 236 118 136 18 51 44 200 242 33 91 60
142 78 268 217 154 200 198 10 46 45 26 68 19 65 45 258 52 50 174 250 156 93 238 55 265 128 185 68 131 167 21 114 243 242 1 74 238 173 32 46 39 269 42 86 70 262 227 23 19 27 269 31 11 276 193 250 86 95 60 188 229 143 203 23 265 276 151 50 25 101 81 88 276 280 145 25 152 195 232 85 36 275 65 214 197 43 133 246 130 108 157 147 266 157 40 177 247 86 281 20 248 65 165 155 35 182 193 168 4 180 222 84 108 112 262 59 118 189 74 40 180 191 261 1 184 213 225 191 232 257 216 61 87 110 75 0 131 174 258 89 116 122 175 177
150 6 142 124 221 9 200 248 222 224 143 175 184 33 144 111 45 299 11 297 225 123 297 41 269 113 167 26 248 262 167 128 269 66 121 249 267 91 43 92 46 272 175 63 195 7 24 297 257 8 224 236 27 243 100 216 165 226 109 297 192 132 118 80 189 203 8 82 251 41 157 92 243 285 60 266 177 153 84 130 138 250 272 5 26 82 19 134 183 176 141 126 79 99 83 283 259 162 139 55 117 32 92 299 66 294 212 107 250 63 86 25 259 290 17 257 132 61 31 2 287 256 239 207 124 49 83 175 130 110 293 213 267 133 92 114 77 97 231 131 231 15 42 72 114 66 241 57 127 250 16 3
154 41 163 60 169 300 252 251 307 51 16 125 253 307 120 98 72 155 183 269 112 157 150 56 56 185 72 12 207 81 289 195 43 238 292 170 229 123 96 67 16 305 270 39 101 252 220 2 129 218 36 272 122 98 50 47 206 188 183 118 95 81 14 300 301 285 266 36 158 109 219 12 295 278 151 286 95 56 125 300 111 251 220 206 28 83 306 153 83 255 79 97 61 284 92 143 249 104 265 8 21 128 268 185 145 92 214 92 4 300 156 304 19 224 128 178 134 186 293 180 263 176 73 129 49 222 237 0 216 248 211 126 126 250 180 211 185 53 60 9 228 182 282 77 196 5 101 148 260 163 193 260 154 0 302 108
154 84 108 229 62 41 53 96 227 306 29 40 216 41 301 106 299 43 176 250 281 150 121 101 161 172 242 12 171 38 120 225 43 36 125 57 118 145 146 218 195 256 54 297 165 202 141 233 232 209 177 120 161 78 15 123 10 37 215 45 281 67 172 67 202 304 205 249 233 33 36 29 57 214 212 279 33 123 289 142 9 18 236 111 210 20 218 7 169 106 219 9 206 80 123 12 17 165 23 188 211 193 115 121 110 97 97 268 106 299 281 193 284 35 179 87 304 146 72 27 168 206 34 80 159 221 212 250 12 276 202 243 67 195 132 147 254 59 163 44 68 93 224 262 133 271 62 245 38 261 155 246 134 34 182 126
158 74 184 277 285 5 77 286 135 6 235 161 76 135 227 233 218 292 270 66 175 115 60 284 138 41 138 149 13 220 110 14 269 31 163 97 56 234 170 8 195 59 83 235 130 94 152 204 141 310 122 3 251 225 59 282 97 9 164 91 219 274 164 120 313 72 172 203 188 244 112 143 66 176 143 280 270 216 34 157 261 151 305 15 41 305 186 259 78 137 183 93 215 31 11 39 128 198 253 49 19 33 173 309 298 165 175 95 170 195 251 267 219 150 205 96 171 199 134 63 27 182 164 102 14 23 197 288 241 135 26 225 158 38 46 20 214 188 241 247 169 148 297 261 104 307 10 208 256 133 220 216 211 129 178 131 152 263 106 203
158 6 60 245 143 312 141 277 209 293 234 268 167 59 171 273 46 19 36 136 281 76 153 168 27 187 77 3 143 127 244 251 153 38 33 71 94 189 303 137 78 122 10 5 238 263 223 81 74 18 247 13 241 211 109 171 244 34 126 207 249 287 268 223 21 60 267 124 81 212 164 82 64 199 88 119 97 160 140 202 315 79 158 129 236 197 60 177 203 94 228 208 182 167 194 239 277 31 295 311 124 257 246 281 179 106 0 289 112 17 40 25 139 311 19 22 100 269 210 19 99 29 236 266 31 161 174 156 177 315 28 183 77 77 305 298 92 227 254 136 182 55 196 225 130 259 199 37 205 221 315 191 248 91 151 111 23 205 104 259
158 6 12 88 7 106 276 23 135 47 172 31 136 30 301 80 211 244 64 222 288 3 158 246 100 164 217 231 19 79 77 34 222 201 24 280 54 188 280 16 32 182 206 200 139 291 236 115 100 270 104 161 30 16 90 285 13 79 130 290 202 287 201 141 80 279 71 260 86 234 265 132 82 62 178 108 208 266 285 238 69 58 141 32 28 60 144 151 179 31 53 38 119 50 288 190 253 84 102 19 308 30 240 276 204 181 213 99 239 243 118 81 157 27 115 180 262 181 187 203 162 244 46 127 296 196 26 215 51 277 116 3 157 232 34 100 82 162 276 48 56 107 302 265 221 60 111 116 224 298 284 24 41 302 187 215 230 107 148 302
162 32 14 244 44 87 135 225 34 67 35 53 237 11 45 270 37 251 232 56 266 286 120 214 99 207 286 149 126 207 167 121 317 164 7 208 278 134 308 285 248 186 222 237 221 5 267 111 282 235 191 206 175 143 32 213 145 189 225 159 85 66 7 88 85 8 289 21 160 65 166 228 25 104 315 163 117 66 49 131 102 50 207 27 111 296 18 151 141 254 200 199 2 9 57 202 156 248 205 116 296 250 255 289 132 41 225 284 139 155 79 130 162 102 76 217 130 182 133 277 252 53 10 177 54 7 50 244 67 50 238 122 226 177 167 31 68 312 233 47 216 59 34 104 187 71 20 75 72 109 134 239 104 178 226 148 100 18 235 105 80 306 4 190
166 29 66 41 127 128 18 200 328 311 283 186 175 257 51 310 55 51 131 131 54 315 75 206 269 316 151 254 226 305 228 253 218 69 320 303 252 13 243 230 141 178 260 230 34 52 261 91 148 158 320 311 136 208 80 327 33 301 131 152 248 228 311 277 228 103 68 143 183 152 270 119 112 135 299 94 195 265 108 211 317 254 184 190 76 8 195 295 146 169 112 305 283 175 251 30 288 107 10 226 152 58 253 261 189 238 32 255 67 179 11 168 276 229 73 96 331 311 140 24 325 292 144 36 133 245 319 52 181 251 121 187 240 56 326 316 73 206 55 169 16 284 301 17 201 168 105 220 9 292 76 60 11 174 322 176 32 93 141 142 143 238 7 281 324 118 183 232
174 78 122 288 236 50 3 44 82 293 285 26 2 133 216 311 257 335 128 251 347 237 277 173 19 126 39 52 101 59 8 314 124 89 122 8 208 8 1 206 252 270 311 10 39 32 135 271 194 178 87 192 126 191 187 125 56 89 318 342 115 64 231 117 82 7 24 243 278 267 76 277 218 10 313 93 54 43 37 255 221 39 143 58 264 22 28 341 217 273 33 284 320 47 252 78 5 136 41 302 133 73 163 174 299 193 127 83 51 88 336 302 12 332 170 234 215 257 74 287 249 163 322 167 312 17 13 254 82 262 66 150 293 18 29 95 81 280 284 308 109 22 64 104 183 112 297 221 274 318 148 62 322 244 315 12 189 310 327 172 334 269 129 271 155 13 270 175 149 79 288 241 176 136 158 56
178 17 143 19 347 70 99 3 101 74 301 116 160 238 165 291 262 338 61 32 206 14 277 250 167 43 185 274 117 42 66 253 306 19 178 2 37 260 278 249 293 319 323 108 204 123 136 229 9 303 337 177 307 66 78 77 172 268 60 179 98 277 64 67 344 244 45 71 121 147 96 6 111 133 38 249 238 119 240 325 148 113 316 343 108 206 62 54 196 205 61 253 157 88 186 113 302 58 67 236 237 252 175 281 163 15 17 33 203 68 88 306 238 211 118 7 152 289 72 77 336 254 34 94 204 336 152 86 114 96 334 80 6 154 53 292 315 283 224 82 162 44 180 149 69 246 341 299 152 68 209 337 241 182 21 281 213 92 293 290 173 212 203 72 79 31 229 251 286 108 326 148 62 250 98 311 64 206 239 85
182 86 47 336 161 30 107 328 159 7 261 26 219 153 279 52 13 238 243 212 184 105 209 168 297 143 44 301 174 130 79 40 101 35 56 171 275 330 64 214 85 67 176 97 269 53 116 4 63 49 173 275 229 61 202 40 336 226 281 219 157 152 278 300 239 36 88 281 247 259 182 80 11 124 30 292 260 346 354 312 258 74 185 99 318 240 28 270 135 328 193 28 104 39 342 244 67 91 86 332 262 186 97 19 356 246 248 188 292 242 316 90 84 128 198 23 23 356 95 137 4 222 352 342 343 363 263 261 354 31 124 1 30 168 101 236 22 20 200 255 69 301 35 55 84 319 47 54 221 298 88 157 251 161 103 80 310 274 114 138 232 181 242 96 127 139 202 36 227 235 262 254 171 49 337 275 87 137 256 130 253 158 339 167
190 31 246 339 166 239 204 44 0 37 367 250 129 150 317 89 293 333 124 267 331 291 120 119 75 22 322 298 220 96 118 101 53 62 339 1 68 159 222 161 273 182 239 209 63 62 221 247 37 97 341 49 46 96 26 166 165 190 342 254 139 200 205 289 338 356 273 80 68 159 235 2 175 377 275 317 96 248 169 361 229 270 14 344 365 326 299 303 277 26 63 208 149 293 261 236 108 233 55 162 86 138 285 5 188 191 195 88 144 154 143 346 364 130 119 44 291 24 226 306 160 111 14 21 296 124 65 158 26 101 246 345 222 200 293 195 338 43 40 143 192 265 15 119 1 151 329 239 226 327 172 67 221 3 329 209 249 289 248 35 363 141 270 363 204 329 85 347 210 308 360 88 77 52 142 39 254 189 186 276 44 173 195 250 93 113 265 103 314 196 366 18
194 83 162 369 122 96 349 181 134 255 81 6 227 180 89 53 281 166 184 275 223 204 152 337 67 3 66 325 379 1 65 161 361 382 264 319 340 246 252 368 40 266 93 101 349 116 43 210 299 355 139 254 109 133 331 10 178 36 37 271 39 109 203 289 215 186 350 206 43 355 325 374 227 378 329 123 386 263 120 56 33 384 338 36 374 249 42 297 232 13 112 81 254 254 32 296 366 178 221 4 240 95 263 151 17 244 341 159 366 293 131 160 75 184 380 166 13 383 185 372 251 25 112 282 380 384 269 235 206 76 1 134 211 263 241 291 211 27 220 203 222 218 174 28 235 108 208 216 7 19 106 258 210 386 227 287 266 274 326 201 323 36 307 82 159 79 218 185 250 33 288 196 70 210 306 320 200 292 350 16 222 257 165 317 110 33 377 311 74 28 223 60 27 375 54 309
198 150 171 19 91 175 280 91 203 161 14 175 339 273 263 394 389 348 291 23 321 183 31 162 140 175 228 201 137 284 40 355 118 89 234 34 67 338 82 336 52 111 82 164 179 259 119 129 23 246 385 304 204 348 157 144 8 22 274 148 44 306 39 27 69 144 319 207 242 358 331 297 216 296 98 40 153 280 371 174 210 363 155 185 232 249 159 109 189 56 383 217 218 116 168 11 130 356 310 75 35 269 176 231 171 214 254 122 110 47 329 30 140 39 112 267 14 205 4 88 144 392 14 161 163 300 394 273 186 230 162 267 14 178 4 224 173 242 128 30 57 196 2 83 189 133 237 356 92 47 181 87 242 275 348 52 52 156 354 356 152 275 110 170 44 244 154 251 143 380 155 262 11 117 306 191 326 176 98 64 264 117 86 165 81 128 183 29 324 95 87 282 375 16 66 186 140 290 246 127
210 159 285 338 69 338 46 204 94 131 100 31 186 2 307 247 166 314 116 240 290 6 136 198 30 413 379 386 55 77 185 185 42 296 214 82 46 169 141 374 66 366 18 148 372 367 147 137 40 26 169 142 55 295 131 136 371 157 374 343 362 54 214 332 133 251 189 219 49 120 193 375 413 104 397 104 380 347 209 146 110 113 366 240 9 346 274 249 185 383 73 114 247 1 132 383 183 336 31 298 328 304 188 264 384 26 150 398 234 171 192 181 177 191 159 329 70 376 173 382 151 296 14 418 1 45 385 105 380 184 58 189 63 88 288 31 17 120 285 157 149 35 261 108 209 81 231 375 55 19 329 310 400 126 225 342 415 302 31 37 417 179 101 181 138 340 331 261 27 211 117 207 104 308 347 257 12 35 19 124 394 386 359 410 296 29 401 274 94 153 127 1 413 284 135 42 46 177 237 261 224 54 120 251 64 393 43 409 149 245 219 387
210 188 82 69 338 61 76 355 115 351 368 243 19 309 164 37 213 244 30 107 360 292 410 179 391 341 151 55 230 222 129 142 277 134 338 1 245 217 293 276 250 266 18 213 111 388 310 366 411 261 28 57 413 300 268 14 194 158 315 392 16 25 255 64 232 107 321 272 280 361 60 185 136 341 162 187 176 278 37 271 42 331 265 134 150 150 25 63 328 198 338 365 138 10 23 156 300 351 154 111 127 333 298 121 183 311 339 134 344 378 343 122 150 228 216 214 299 169 187 277 226 130 51 38 80 290 392 210 7 344 79 324 195 21 103 315 32 95 404 5 190 360 47 243 264 320 165 247 204 379 413 8 209 70 414 399 347 78 222 310 77 204 407 73 308 271 291 332 195 217 27 271 364 384 186 22 64 244 49 390 155 11 302 53 85 191 336 201 181 214 325 94 378 38 5 86 210 85 67 156 209 200 220 147 270 182 2 153 122 306 325 129
210 115 416 326 172 193 341 80 343 19 55 54 250 317 380 389 289 360 282 320 417 362 282 2 330 306 139 81 244 2 136 373 406 240 126 175 59 333 254 85 103 47 46 132 304 79 330 158 145 285 136 176 330 342 18 334 118 93 16 250 35 84 351 322 383 250 192 205 210 289 264 137 156 235 255 188 328 212 399 246 171 201 124 390 278 43 412 198 342 176 32 355 269 114 321 331 152 166 301 331 129 212 398 154 264 179 30 282 344 175 232 190 137 197 338 322 174 291 279 130 37 171 141 366 67 30 61 393 167 281 195 1 315 154 11 14 148 303 142 100 39 392 67 400 192 41 74 83 297 307 379 67 97 367 44 387 194 110 247 87 59 65 340 327 335 364 93 124 279 402 401 156 376 308 324 408 326 300 382 196 404 95 343 32 81 306 166 339 50 89 304 156 372 227 33 9 256 86 386 18 60 137 381 8 194 366 381 305 363 232 24 302
214 126 427 122 73 163 132 166 142 158 156 254 260 237 152 38 224 411 320 207 366 169 101 418 257 75 4 425 145 87 28 288 7 89 148 230 347 34 154 155 84 341 120 208 38 184 106 27 188 135 361 190 117 165 108 37 389 174 29 336 337 202 378 54 188 98 194 265 200 254 159 388 213 301 257 251 140 291 22 177 81 233 2 332 324 425 374 109 256 242 176 57 411 159 341 29 93 273 40 93 140 105 327 230 26 40 385 93 137 174 247 128 321 44 425 389 108 333 330 373 305 287 306 283 208 367 65 67 15 96 320 364 132 262 193 311 116 48 214 310 263 191 168 42 151 83 180 140 21 227 54 290 311 208 367 237 112 281 301 225 353 29 167 401 159 222 221 209 127 424 294 32 329 364 413 305 244 81 348 386 207 108 315 153 93 9 262 311 422 277 248 44 174 132 46 302 199 85 226 14 64 348 56 329 358 40 424 35 363 254 125 242 295 198 62 332
218 140 98 77 109 178 167 5 383 11 374 195 290 3 286 390 149 311 230 292 361 388 265 35 293 382 229 90 262 384 5 343 255 374 2 405 79 185 98 7 373 426 304 114 187 151 407 347 419 292 219 323 429 133 172 357 407 428 182 12 130 391 353 90 236 82 433 417 22 233 3 49 71 142 339 382 190 416 47 429 29 41 204 240 371 172 322 400 363 4 69 179 306 153 223 254 340 119 151 419 255 335 221 242 214 345 168 91 226 55 345 186 44 160 149 23 298 329 137 368 328 280 237 428 427 297 297 153 384 394 391 407 86 400 419 90 102 117 336 190 280 73 262 271 155 97 259 339 247 241 381 176 138 267 376 196 151 286 2 5 132 236 226 100 371 113 120 278 65 49 374 424 362 275 102 39 416 77 323 74 197 413 206 107 181 233 143 168 109 249 30 112 71 160 113 402 372 14 254 374 313 222 377 346 98 102 385 118 278 400 206 138 228 319 88 245 20 202 426 99
226 39 325 35 166 5 302 197 377 231 93 348 446 1 441 274 277 255 178 324 279 63 451 432 193 76 83 437 292 219 314 169 110 272 44 293 380 149 281 446 287 325 303 343 396 85 344 95 41 251 94 55 370 438 361 415 250 217 181 34 311 11 434 226 291 307 326 200 149 233 255 386 279 223 87 364 342 381 55 112 21 311 241 368 263 184 92 383 34 199 212 189 76 117 440 92 309 78 145 404 96 211 18 57 256 361 120 187 443 41 323 419 308 35 313 286 259 352 83 409 161 188 321 105 178 389 156 330 293 299 169 441 59 26 320 269 180 268 70 221 23 186 187 289 272 37 246 144 130 257 357 150 143 199 173 221 412 114 342 202 157 202 415 284 316 120 45 175 439 206 158 294 421 368 349 76 148 255 202 387 142 59 335 0 13 335 451 173 192 96 156 32 100 325 215 94 374 322 401 379 445 43 144 226 181 88 146 190 109 343 315 104 180 368 257 26 426 11 423 361 63 234 310 61 244 53 426 121
230 23 39 347 455 372 57 59 83 143 237 404 28 365 125 384 49 100 441 154 112 77 112 153 400 245 133 24 406 59 232 14 362 222 129 192 22 124 60 229 391 10 421 97 305 436 185 227 267 86 129 277 428 368 292 444 121 310 184 137 185 441 145 456 126 105 159 388 168 180 122 60 243 422 337 327 187 178 305 398 53 218 424 230 5 29 459 313 274 201 348 50 150 370 432 435 160 161 33 419 439 49 432 80 116 402 301 289 97 425 136 396 126 168 308 169 294 312 174 323 138 373 263 313 275 184 222 201 83 387 92 295 67 312 34 237 298 303 295 230 210 426 398 314 213 86 158 227 145 270 11 222 14 243 219 357 70 222 76 328 459 211 70 195 185 283 383 221 416 172 421 93 138 57 36 2 243 49 138 337 82 215 84 407 198 66 281 199 79 242 433 420 370 304 344 120 218 300 323 413 114 279 164 298 434 233 355 234 434 75 203 452 89 430 377 3 190 413 283 209 160 238 259 34 180 178 137 82 141 274 322 357
230 59 117 171 297 102 171 206 403 57 125 316 203 367 142 77 85 257 252 341 190 294 70 414 137 345 276 34 143 331 413 137 303 156 289 376 145 148 49 412 330 15 246 249 87 258 449 159 205 208 229 375 397 171 414 305 297 39 92 370 222 360 368 16 102 64 3 200 318 150 317 221 205 406 450 266 97 216 446 321 336 225 358 320 445 353 94 279 147 388 290 322 283 247 406 207 2 60 309 145 65 170 21 155 76 219 298 141 83 241 434 371 261 171 229 232 174 214 186 256 172 242 163 327 24 447 437 127 60 452 38 318 172 342 201 153 351 369 180 261 106 304 34 443 397 35 60 328 175 315 390 385 399 139 69 369 299 384 335 446 250 52 374 200 389 396 396 31 427 24 414 102 151 81 389 133 12 0 79 242 391 107 452 212 56 205 116 430 139 344 452 189 245 214 340 380 315 7 411 304 98 314 338 51 360 123 312 441 252 424 190 345 437 413 393 284 76 102 39 205 124 311 86 400 143 158 391 287 54 136 157 170
234 152 157 445 161 109 322 460 219 139 382 244 350 208 312 28 165 355 124 312 13 313 235 382 298 16 29 444 117 422 198 295 122 130 421 54 458 89 383 155 355 266 78 425 77 185 386 275 348 352 375 365 68 55 167 348 159 226 232 197 50 146 208 14 169 69 179 307 318 280 319 187 24 120 426 145 148 302 46 128 356 324 282 298 276 103 414 125 268 261 375 89 30 273 291 345 51 241 209 328 63 1 95 380 382 375 100 100 186 24 157 259 448 189 77 136 363 216 152 347 460 381 128 12 146 59 343 146 34 141 388 306 102 405 266 237 157 90 97 108 372 245 286 62 179 315 276 50 183 11 312 151 340 378 273 466 444 304 163 396 397 261 79 429 456 78 464 141 188 336 28 218 219 229 388 103 345 233 242 354 255 254 235 234 445 194 58 309 395 424 144 386 90 49 83 336 66 287 109 331 400 253 338 39 404 466 400 298 369 455 368 298 181 179 274 347 377 448 395 174 459 246 46 129 53 186 306 383 461 323 49 465 408 59 14 289
242 33 379 258 397 55 481 27 79 437 117 455 386 22 221 250 332 339 275 48 47 406 382 312 248 388 418 27 274 232 346 405 109 361 36 268 133 310 59 301 139 83 483 156 49 476 254 196 383 106 214 311 197 420 348 345 77 158 41 375 185 235 340 0 167 133 261 395 46 47 274 328 269 22 67 10 237 322 474 85 213 217 367 156 190 472 364 141 309 159 37 464 150 135 66 429 112 355 184 377 276 166 12 148 266 19 260 166 426 347 19 452 450 323 201 97 236 346 461 32 340 417 101 192 370 371 219 354 144 173 2 9 421 471 26 224 457 403 12 418 314 98 483 285 314 360 259 52 342 295 127 397 247 133 170 92 242 11 89 355 298 257 453 79 142 300 266 414 444 373 472 393 366 148 128 67 260 202 353 139 376 347 254 20 383 99 337 347 47 61 481 41 325 106 475 292 355 6 294 248 34 71 50 292 401 127 99 298 117 243 208 189 479 3 465 222 181 39 220 25 282 74 315 293 388 478 206 316 89 449 87 239 368 80 324 188 308 441 431 25 200 134 180 163
242 138 358 392 8 192 419 385 84 437 71 350 223 221 471 251 117 143 269 275 281 112 238 403 29 421 149 298 124 173 52 387 432 415 182 275 396 295 30 111 440 91 50 442 181 251 83 260 73 66 330 148 149 209 325 439 354 103 413 237 5 1 379 227 324 221 471 335 215 85 469 208 342 89 153 100 341 359 69 59 214 195 150 411 481 466 470 12 0 137 373 255 90 254 176 166 22 156 157 250 482 351 176 156 194 270 138 324 418 481 291 313 275 163 327 252 347 174 364 359 295 65 371 385 193 30 395 38 157 83 254 386 153 112 171 202 438 456 81 131 192 464 183 62 328 39 150 469 148 212 353 404 257 376 341 326 214 399 333 308 110 372 278 116 429 223 389 425 465 131 337 341 250 148 103 401 275 180 15 333 221 34 427 429 156 262 19 279 429 182 285 348 239 396 219 469 106 316 295 467 273 464 141 151 376 200 81 297 305 450 321 436 388 381 266 223 82 103 191 209 225 378 348 135 42 129 264 291 8 217 271 25 79 278 461 59 347 281 287 264 437 306 360 131
246 182 61 254 304 427 103 463 189 101 268 135 399 27 335 388 262 403 283 240 248 293 78 452 231 116 362 187 235 451 300 247 439 339 200 386 485 219 456 326 339 287 409 141 129 306 37 481 140 103 454 164 371 336 472 414 191 114 111 164 365 174 372 451 340 256 15 20 23 165 351 397 272 415 39 67 316 50 249 436 473 480 275 469 135 264 396 386 359 239 441 85 123 76 134 95 287 39 200 235 272 95 348 157 371 264 251 418 44 331 50 138 162 216 280 387 21 242 365 349 0 477 405 336 64 244 120 169 261 415 39 399 44 488 59 163 152 198 136 346 306 392 10 303 91 24 368 322 32 112 413 399 392 261 65 143 264 433 92 472 461 108 127 170 248 256 76 150 351 271 157 184 8 270 117 457 81 269 331 216 234 3 224 128 188 162 448 140 476 303 183 53 170 242 55 308 222 102 236 476 16 465 230 326 97 73 180 324 338 64 97 26 378 137 243 37 323 17 480 303 163 292 12 451 319 415 468 477 256 209 484 225 227 361 324 185 44 204 5 454 317 144 15 281 314 425 316 324
254 108 351 317 345 112 454 242 118 180 449 203 379 90 443 119 206 193 19 229 506 498 109 477 90 355 345 431 86 55 418 105 401 302 336 393 506 90 12 24 37 243 293 335 253 47 291 187 83 135 159 391 56 349 61 354 408 285 43 388 128 397 69 127 269 202 132 256 433 473 236 73 317 55 252 71 50 460 438 318 404 351 89 174 457 363 288 378 283 275 291 369 136 385 409 278 249 485 441 159 173 324 209 255 171 128 414 114 436 485 366 335 409 308 97 78 246 424 247 145 400 21 423 400 165 486 265 94 185 481 116 363 156 414 343 252 71 81 461 406 463 386 80 427 246 459 203 443 502 115 130 317 13 489 252 172 160 189 497 206 333 204 357 57 2 151 404 65 478 321 211 115 492 102 341 38 255 362 205 28 120 41 403 502 155 186 101 434 101 356 114 362 25 133 220 48 17 381 179 322 401 227 163 478 335 419 378 13 110 274 394 85 241 9 485 164 228 411 42 142 419 339 482 162 492 199 464 223 290 242 344 498 221 24 84 29 412 174 96 232 484 456 204 449 303 401 209 25 321 128 288 382 452 85 151 394
258 243 103 216 435 68 323 144 477 394 485 84 195 218 329 469 108 337 459 165 96 163 385 191 445 84 365 502 5 477 53 194 259 416 83 185 196 5 514 123 141 231 359 49 93 493 146 11 41 514 514 312 19 131 352 271 484 274 268 253 214 22 242 492 413 448 94 179 460 64 217 488 227 322 387 21 481 470 229 380 160 128 10 442 503 395 140 142 104 347 11 313 38 208 192 484 318 483 446 468 376 294 380 335 250 508 400 143 187 50 86 513 111 497 414 503 294 496 30 421 81 13 439 93 470 364 455 119 13 243 259 159 481 128 151 392 130 103 456 51 430 285 425 114 406 437 55 112 453 372 123 35 122 215 260 20 445 493 220 61 22 457 379 509 15 98 442 386 176 307 95 223 364 65 279 251 273 0 175 388 345 233 166 142 284 452 479 26 291 443 226 110 500 153 424 15 34 188 493 376 242 386 358 98 143 248 70 69 370 307 300 381 193 508 446 110 265 383 439 81 64 270 201 406 356 260 29 332 276 484 475 387 6 62 66 410 114 14 95 155 343 417 82 72 512 42 255 234 425 137 467 142 151 137 126 483 153 76 107 485
266 61 175 90 345 483 212 178 225 17 306 358 30 177 404 62 237 494 7 149 312 462 409 465 159 422 413 117 458 18 245 44 290 1 319 394 185 144 464 106 72 12 158 448 231 45 281 160 501 134 297 448 12 60 35 115 342 258 140 69 267 88 142 210 274 345 516 390 526 190 119 263 77 392 160 89 225 522 311 46 118 262 347 106 253 461 13 355 8 204 351 160 4 128 189 110 434 461 491 491 338 290 11 293 400 425 151 442 189 268 217 229 387 378 109 440 263 54 435 516 116 101 151 339 450 508 468 206 117 255 323 476 114 372 144 473 120 116 109 369 487 415 233 528 114 312 450 127 287 345 220 355 471 348 381 101 152 237 84 256 431 400 426 238 198 274 53 255 234 180 180 397 14 105 316 513 288 356 154 146 129 444 479 73 211 8 46 276 517 177 104 77 148 448 293 300 146 520 328 447 497 382 301 311 235 58 271 233 344 138 276 96 22 284 432 67 99 509 273 225 208 222 241 203 511 402 305 66 485 516 505 205 255 349 116 49 412 230 179 386 496 79 414 474 8 251 324 432 360 39 502 489 510 104 72 359 313 370 145 262 183 242 452 451 335 84 192 367
270 144 94 420 510 270 460 57 532 484 289 41 169 34 179 332 504 407 496 4 407 430 208 203 253 221 406 195 409 68 334 151 502 210 68 395 277 516 287 193 366 183 268 251 149 158 531 12 195 236 196 320 151 73 209 279 377 85 102 536 404 8 369 143 535 427 496 273 345 188 397 496 61 237 400 208 355 312 459 243 81 140 510 6 463 232 467 250 124 112 444 57 23 190 171 158 188 521 39 469 36 223 431 73 57 73 203 225 99 129 91 368 120 259 17 408 151 166 205 91 166 261 282 497 110 266 261 132 378 277 203 458 270 290 281 312 479 62 341 12 384 15 436 429 444 356 116 484 49 49 529 77 87 185 481 156 520 109 239 250 402 73 387 212 499 65 57 333 8 510 362 342 6 416 404 384 229 523 530 125 100 253 160 219 104 419 156 476 309 469 197 11 365 175 97 18 454 378 448 92 454 19 338 106 43 438 177 416 402 381 274 533 485 466 478 129 34 1 285 66 167 421 470 371 377 83 12 501 191 284 141 27 323 114 238 332 66 251 228 338 151 314 319 532 109 354 527 6 227 384 352 312 173 3 269 238 449 201 223 535 444 354 500 321 308 219 528 97 182 502 486 457
274 147 250 148 138 534 86 53 477 358 484 94 98 154 422 130 257 461 326 62 132 196 237 316 480 298 133 469 197 124 118 327 108 220 331 533 67 158 52 7 107 236 129 112 135 83 123 505 418 277 353 377 106 439 194 505 114 280 492 180 5 413 531 351 62 241 164 234 542 75 354 304 484 254 526 489 61 425 136 517 312 6 288 374 491 129 358 245 215 378 138 366 267 328 468 160 504 290 545 194 411 544 124 218 170 526 442 335 484 475 252 302 463 145 109 346 442 380 478 442 145 347 421 522 364 296 353 26 119 236 158 432 327 124 529 211 324 236 338 106 375 311 71 124 373 425 356 527 84 280 240 348 115 275 22 207 55 437 402 203 186 232 445 125 253 521 211 12 140 45 279 523 529 241 287 275 206 267 437 285 459 498 307 195 266 318 91 70 525 542 42 535 325 181 190 472 469 34 497 187 461 512 529 362 312 313 194 462 490 286 103 365 32 59 50 477 259 456 198 516 199 511 187 82 308 345 376 322 48 409 138 274 399 446 194 339 369 358 291 199 159 340 527 289 189 285 188 330 306 524 280 111 60 104 103 31 92 393 372 350 16 541 69 10 323 127 343 432 256 427 516 467 430 485 289 376
274 185 378 336 165 110 233 32 114 238 522 246 458 131 301 72 507 156 127 308 6 127 434 127 185 241 4 537 236 248 537 478 417 330 241 118 236 520 23 93 170 25 434 383 382 368 147 509 332 300 75 41 0 541 382 513 215 140 514 294 513 185 186 61 523 51 313 305 464 148 137 17 200 415 461 408 58 73 401 307 3 535 336 12 0 228 464 56 42 274 276 271 450 153 357 381 223 458 117 508 225 254 436 214 217 512 287 131 32 228 21 465 490 240 406 412 466 511 518 255 502 176 318 491 398 35 93 422 359 131 482 189 42 82 90 32 408 56 441 293 280 184 461 66 517 64 509 312 483 42 487 445 348 16 219 479 174 395 162 113 461 514 59 404 517 482 522 463 11 251 72 532 529 392 147 102 182 539 487 469 295 177 166 423 459 31 472 537 523 142 238 253 57 546 483 477 169 226 284 81 274 386 379 367 177 527 12 28 444 96 148 251 365 222 169 433 157 469 181 344 205 243 293 270 474 545 195 420 450 279 30 265 300 127 205 197 283 282 17 467 418 420 66 497 335 60 298 360 269 344 489 245 149 544 152 241 525 292 169 89 256 95 299 53 487 277 32 420 119 351 32 41 358 373 16 456
274 139 534 115 409 205 194 299 113 134 66 312 318 438 249 68 452 480 184 194 505 191 369 267 186 73 78 499 500 184 11 437 397 262 48 325 52 197 139 316 296 132 262 50 238 148 193 205 484 130 313 415 172 111 320 233 141 97 167 170 391 410 464 238 342 39 297 380 147 135 381 355 250 68 108 170 372 347 525 110 152 293 364 497 336 391 216 526 91 90 52 322 519 57 14 472 509 149 84 39 235 22 12 283 135 388 261 388 188 132 389 223 346 62 54 457 203 292 186 381 35 22 196 24 139 439 141 71 496 314 251 516 89 39 424 269 253 90 82 431 305 287 106 303 77 63 63 218 86 22 469 467 38 451 393 475 217 547 129 545 527 437 152 313 437 126 436 56 227 507 301 444 402 210 193 60 240 289 152 358 315 145 378 254 181 79 273 404 297 499 169 476 362 496 136 465 362 299 198 517 93 69 75 52 282 42 96 439 270 136 529 173 491 153 3 135 484 26 237 512 214 36 8 531 105 174 339 309 325 6 22 142 288 23 90 34 498 219 280 32 472 83 433 426 395 113 392 323 135 83 376 39 443 347 293 492 429 23 427 418 310 282 216 2 112 150 386 232 10 19 444 306 196 219 112 270
282 270 117 101 323 61 485 287 253 123 116 317 94 49 369 559 310 504 295 245 387 194 525 74 223 556 528 434 516 142 322 262 101 485 47 425 171 328 24 401 497 493 531 560 468 340 297 385 359 333 229 392 70 523 138 549 254 351 495 173 51 245 97 200 518 22 402 154 113 179 479 259 65 129 433 177 532 251 334 270 170 488 438 523 312 161 257 143 231 315 296 423 562 271 286 169 335 158 270 454 229 384 368 219 386 281 520 18 121 206 388 39 336 362 285 378 552 422 115 28 349 511 323 526 74 117 146 255 407 309 136 394 306 334 144 351 405 469 278 44 380 177 55 426 65 436 247 232 436 217 198 180 492 315 470 549 510 251 516 289 478 240 525 320 174 188 509 217 475 382 75 161 330 338 559 509 441 546 268 118 426 316 211 263 275 119 416 43 15 387 402 495 296 398 66 331 408 22 262 36 281 211 248 544 56 124 368 557 220 525 77 348 36 181 86 402 160 558 465 202 401 415 79 104 118 376 475 115 494 224 527 111 172 344 443 519 500 308 367 377 558 475 114 525 82 173 408 519 198 429 288 199 286 551 303 201 503 281 120 409 560 94 42 256 86 215 242 114 60 183 153 163 332 53 223 316 201 60 448 152 13 224 268 223
282 64 513 157 293 442 206 361 121 175 85 141 541 526 509 159 265 243 263 346 60 47 80 176 415 553 528 253 218 131 370 96 343 77 312 387 195 208 351 321 202 116 5 326 495 34 477 79 235 330 310 511 251 117 346 362 54 518 344 222 117 285 302 19 389 176 472 181 324 521 38 505 226 494 204 276 185 425 385 220 520 227 173 86 21 134 151 191 452 176 326 263 220 237 278 336 470 357 99 388 380 469 363 127 478 159 131 289 369 458 215 146 299 144 482 358 426 356 437 145 83 45 374 115 146 381 125 92 112 115 0 20 197 130 358 337 538 140 418 508 286 336 45 402 185 53 40 323 395 261 201 500 258 398 299 11 441 330 329 223 111 413 183 543 52 222 24 417 431 163 161 103 155 487 195 510 222 335 147 404 422 170 451 1 507 50 78 449 99 269 61 560 67 277 32 297 97 407 438 205 351 492 10 143 62 417 387 145 459 435 36 479 45 433 125 501 86 231 558 188 474 494 285 431 380 370 498 220 98 223 452 111 517 52 19 9 232 431 537 137 410 407 18 388 307 107 234 366 349 406 523 316 235 470 430 489 513 238 453 159 171 219 377 546 25 448 460 247 253 263 106 120 64 4 13 396 161 208 5 117 268 449 243 59
286 218 74 103 28 148 486 492 545 113 132 132 43 446 169 437 471 277 454 106 495 488 123 241 478 53 398 513 557 565 290 383 199 130 471 386 473 437 567 155 287 509 368 136 529 200 357 77 271 221 125 543 424 55 391 546 43 487 450 60 74 192 192 565 293 243 441 71 467 81 531 308 51 67 540 297 396 118 219 470 364 402 369 538 23 419 56 304 7 468 72 359 555 186 373 190 506 203 489 332 53 411 384 5 357 495 513 188 72 442 499 12 39 549 132 278 410 28 153 52 130 452 562 241 140 148 134 451 391 346 58 564 292 290 152 188 364 90 526 153 227 417 67 531 327 16 122 418 390 246 232 47 390 465 25 23 485 454 52 48 331 33 34 253 352 271 207 115 281 531 317 522 193 67 560 0 2 293 332 306 339 534 155 455 489 286 46 525 191 526 96 565 390 170 161 197 498 308 118 132 370 6 184 313 550 198 360 96 389 399 370 298 356 0 283 275 462 506 82 4 540 406 244 230 166 99 144 219 533 143 468 69 356 310 265 460 312 477 237 333 122 78 427 219 369 492 442 481 476 407 41 339 351 372 105 134 536 9 453 195 68 76 353 281 466 445 8 493 107 413 452 101 515 141 219 132 136 90 311 201 424 230 365 285 407 387 1 79
290 190 388 37 496 3 224 363 143 108 31 417 65 385 400 383 497 542 70 340 308 295 388 463 282 163 420 227 261 52 181 245 157 546 533 316 6 202 375 423 123 478 133 551 267 488 85 290 282 355 65 363 446 247 464 137 264 211 560 249 503 143 12 403 298 383 385 405 240 133 339 241 401 107 10 318 225 469 447 110 200 544 6 3 348 407 264 413 440 462 113 190 129 294 78 427 137 47 426 407 513 496 10 365 204 527 347 544 180 308 473 518 193 298 320 470 121 66 215 534 368 304 465 185 561 13 391 249 560 118 423 529 563 471 181 354 519 172 252 182 522 180 222 9 76 324 202 305 393 123 281 376 345 367 132 268 206 47 398 54 492 401 72 561 463 525 237 225 58 197 565 552 204 336 76 187 438 472 264 568 315 54 416 509 341 158 368 519 341 272 306 561 150 254 449 99 102 24 89 341 222 142 458 41 32 172 286 6 23 411 385 482 556 336 435 229 497 474 460 209 85 209 106 351 427 86 7 34 33 488 415 35 236 442 344 273 29 99 234 500 482 384 296 372 209 25 535 56 476 493 92 398 553 3 290 27 474 371 429 518 568 523 286 405 298 62 113 350 105 283 370 382 389 404 400 137 472 524 518 217 412 477 240 371 273 42 573 125 178 113 349 369
290 172 458 321 357 370 87 312 364 301 130 294 139 93 283 145 137 30 406 391 168 158 439 0 565 21 343 453 412 574 221 362 282 578 373 341 257 343 108 44 392 161 202 491 544 279 236 208 30 460 254 61 264 349 283 92 498 147 53 576 249 220 381 545 448 127 386 191 26 401 385 463 93 225 490 441 288 330 171 514 516 572 57 507 266 41 560 558 411 296 11 533 532 11 415 48 268 59 180 353 550 294 243 420 524 372 374 164 50 230 190 463 530 556 80 140 103 361 256 273 140 194 4 453 548 218 335 530 464 478 46 243 143 390 195 303 99 104 40 66 570 291 292 578 326 261 167 131 319 62 330 165 471 490 49 93 319 319 381 76 131 475 346 488 525 112 208 81 242 48 164 62 149 373 403 498 239 252 344 517 8 121 556 39 522 452 166 471 528 434 471 319 62 535 12 433 149 271 517 98 432 387 29 464 306 369 190 55 477 384 312 416 270 294 230 48 392 432 569 191 273 280 469 148 372 304 242 396 561 477 471 389 142 225 147 488 574 517 337 185 256 173 1 155 187 423 127 414 343 428 427 289 413 302 308 518 154 194 260 92 333 342 315 505 503 15 308 395 49 350 572 213 41 191 71 132 94 302 28 115 263 466 343 58 475 429 136 308 189 504 60 89
294 267 248 207 132 110 143 221 483 208 246 335 166 132 110 450 191 58 123 551 298 435 337 63 129 246 500 541 299 433 453 304 71 546 292 94 5 375 130 134 308 104 317 157 175 235 115 490 242 414 515 412 122 451 211 93 315 545 467 412 447 176 163 219 51 568 177 160 27 214 27 137 269 281 58 31 539 455 422 311 541 303 147 262 15 344 324 534 508 138 275 346 450 360 514 221 570 551 413 146 412 438 430 545 469 574 190 121 28 51 381 20 540 339 208 427 282 326 53 562 476 557 559 478 415 132 576 536 261 483 467 11 93 258 343 410 396 172 351 34 230 338 167 282 293 417 502 514 420 534 201 303 272 75 40 431 283 29 530 212 549 198 283 580 349 384 177 477 479 247 371 500 78 64 520 389 363 382 96 227 219 84 417 191 4 549 160 400 300 79 265 472 578 477 438 72 89 495 543 282 219 435 186 16 129 100 217 6 100 368 65 31 39 284 380 9 343 99 399 186 249 458 130 123 167 414 20 137 208 153 19 436 16 210 71 176 49 44 5 361 410 296 402 442 41 224 324 425 30 562 167 209 105 347 257 60 402 425 475 317 95 518 563 331 395 304 47 184 507 180 365 173 372 70 416 352 141 518 426 252 544 462 547 517 256 267 314 467 424 366 268 9 559 325 310 508
310 3 447 244 87 286 304 203 25 482 364 118 135 451 319 90 606 334 436 615 330 164 431 532 173 159 227 517 64 577 407 484 123 165 233 246 369 266 269 528 231 577 38 532 100 73 235 491 577 4 363 325 114 162 255 600 42 9 568 88 483 250 577 252 4 270 125 53 232 498 262 329 614 357 316 523 600 436 137 165 126 147 200 552 482 383 359 488 107 267 231 435 610 357 272 510 81 481 580 376 384 174 213 186 588 482 384 166 308 274 504 98 92 538 25 319 33 450 598 589 3 34 390 346 318 569 569 19 291 30 150 323 116 222 367 205 267 426 34 210 297 427 45 588 495 463 180 524 224 248 514 156 39 122 422 175 377 539 433 543 35 321 557 419 50 504 556 593 466 186 448 599 249 599 90 455 14 257 252 196 199 526 351 207 292 133 4 493 545 256 391 577 335 312 284 135 214 524 489 617 150 573 506 294 123 172 337 356 304 75 218 566 328 574 84 7 351 511 279 32 572 426 458 282 19 330 253 28 403 408 404 118 7 469 352 43 520 18 3 70 607 91 211 371 258 302 599 111 90 562 213 110 554 159 58 431 491 196 266 537 591 583 593 494 596 212 271 558 275 163 255 606 192 248 259 502 105 105 152 539 189 57 566 195 197 446 87 447 78 371 181 575 538 523 45 95 197 100 98 473 409 400 11 78 581 422 480 288 32 154 286 299
314 21 393 12 528 66 440 344 100 362 602 462 240 533 288 60 227 511 575 150 255 565 2 308 19 505 52 588 343 533 84 306 292 482 624 277 562 550 337 607 445 291 402 558 210 486 373 504 251 187 421 366 385 105 502 273 122 29 166 503 612 526 80 591 586 622 477 399 533 326 280 510 278 472 218 543 370 564 257 146 354 136 407 444 277 177 152 103 2 111 271 168 25 413 333 572 585 173 357 295 101 193 286 580 285 481 40 243 58 339 172 327 610 318 484 223 372 38 476 558 227 350 272 435 267 419 239 71 17 417 8 250 72 363 511 172 44 77 344 352 27 541 123 600 152 454 627 457 75 137 422 625 169 364 587 538 571 227 224 227 30 309 415 378 112 398 113 19 189 184 428 598 25 425 121 162 40 270 4 82 57 343 472 282 464 14 455 618 439 555 487 592 162 1 455 179 207 97 412 161 218 495 431 402 369 612 417 84 203 599 440 130 406 172 281 523 264 509 10 28 140 248 33 52 174 393 143 238 234 61 575 478 114 504 436 329 89 427 147 175 534 8 229 13 406 476 194 240 515 349 369 523 472 526 481 53 377 102 182 141 80 413 402 574 128 567 498 412 38 432 312 236 248 356 37 78 401 144 422 261 255 363 338 425 491 497 274 196 390 476 225 547 8 281 555 189 569 173 294 486 249 376 461 435 277 290 167 297 310 80 506 324 342 390 495 573
314 161 150 409 535 285 66 603 133 338 323 220 30 613 375 327 116 598 435 306 262 130 121 64 288 135 290 53 610 32 222 465 260 603 627 16 335 435 72 193 236 113 231 340 155 62 76 574 412 171 162 575 484 319 514 271 9 485 524 530 618 156 28 220 559 122 353 40 575 424 40 361 476 567 63 219 496 490 605 103 180 172 563 146 64 425 97 180 48 105 270 204 333 196 243 161 569 537 212 8 426 377 149 66 16 63 545 374 467 592 344 154 275 160 372 438 359 55 80 564 136 574 607 382 250 64 171 345 380 502 570 117 556 53 230 454 418 536 145 0 492 469 377 430 231 198 412 120 475 200 428 207 573 34 491 291 365 401 388 547 150 528 108 562 403 330 510 30 259 428 438 93 203 544 558 302 204 529 503 135 573 11 214 21 520 381 236 546 570 158 80 81 390 445 470 469 338 598 422 27 65 17 29 27 137 600 517 85 412 56 278 136 53 478 421 470 285 446 539 121 84 104 550 473 620 413 3 561 40 110 66 289 459 105 174 102 28 103 237 363 366 140 343 163 626 616 592 544 10 555 198 446 187 247 233 273 505 348 523 175 233 324 350 459 173 171 86 452 176 285 416 54 490 504 396 43 492 378 140 14 594 482 536 162 29 399 614 370 324 251 400 202 167 425 407 134 440 23 440 561 82 258 323 81 64 344 355 166 198 308 127 379 76 199 360 315
318 242 42 489 314 12 134 189 559 78 311 63 240 137 125 563 479 151 94 629 199 340 279 334 324 251 368 403 304 236 609 198 57 283 90 114 277 595 584 29 493 469 168 172 604 472 77 50 17 502 427 540 172 335 165 309 181 302 328 591 545 59 250 265 156 528 373 603 126 30 240 128 35 54 451 141 404 16 551 8 559 461 601 289 542 584 170 207 622 22 630 129 311 469 374 127 337 157 26 59 114 325 606 202 538 226 543 474 438 76 454 263 273 110 413 574 29 23 457 369 285 159 79 25 366 288 32 426 427 238 302 32 479 549 117 572 395 270 565 429 200 380 455 354 152 391 139 195 325 83 94 125 294 371 444 396 262 445 458 318 421 276 417 214 581 620 558 585 428 107 366 380 397 344 194 442 218 528 99 40 277 341 496 37 545 480 308 124 405 602 81 624 16 84 69 268 597 412 429 200 600 181 318 221 290 169 321 327 552 190 351 347 86 352 94 126 281 494 19 606 292 392 397 174 290 293 431 196 572 344 394 99 94 289 317 550 539 411 573 553 350 374 386 166 476 478 265 367 130 361 403 222 125 519 578 243 124 427 616 389 68 376 324 451 554 507 29 314 124 325 546 11 375 619 445 233 11 3 390 1 218 577 464 251 463 215 349 489 588 45 11 570 561 141 227 397 479 405 238 138 490 158 17 218 321 23 367 280 434 506 39 250 151 139 82 575 464 328 455 585
326 66 424 283 606 592 302 38 645 192 559 341 363 319 484 605 110 531 62 305 54 300 566 237 189 250 370 425 134 480 367 594 451 71 602 483 129 632 551 479 388 211 101 487 357 58 552 565 611 311 246 367 598 465 340 576 220 68 526 68 279 61 421 102 540 1 251 633 329 435 227 607 267 531 340 37 267 447 290 194 437 366 5 448 574 398 594 499 333 222 254 447 77 409 607 203 136 209 189 244 84 200 486 13 56 206 602 68 604 286 460 366 511 132 537 51 566 585 85 227 330 448 101 367 442 302 229 197 474 7 527 509 556 563 68 381 69 418 356 200 271 520 92 274 44 457 165 499 79 593 379 533 334 465 219 412 249 458 238 33 338 332 41 132 549 592 166 596 404 117 158 460 42 457 140 256 179 234 339 24 522 643 517 173 401 387 509 425 126 33 88 2 583 639 438 33 341 394 123 315 348 227 420 269 360 570 73 5 170 62 76 248 295 505 577 643 530 199 640 79 123 339 538 40 180 441 247 40 641 353 74 505 533 626 85 317 549 438 166 29 444 606 538 206 510 508 210 518 71 170 290 269 582 175 561 331 126 40 159 306 324 126 189 572 486 236 330 149 222 347 595 4 651 636 493 375 50 315 94 611 328 286 477 376 589 474 495 413 176 529 56 426 626 396 554 496 301 13 429 226 241 446 14 446 461 523 340 59 501 68 403 375 176 508 579 597 430 578 479 373 201 335 226 606 403 77 151 155
334 244 511 227 611 91 112 444 286 42 575 43 568 625 21 81 301 260 583 212 572 634 104 308 92 287 50 256 147 403 442 124 447 596 382 355 175 368 610 185 250 293 139 654 111 223 466 359 549 503 414 272 380 462 406 469 223 59 140 565 338 291 341 58 401 316 7 646 150 579 559 428 341 581 365 343 135 112 303 286 533 13 468 498 199 338 85 218 489 623 664 448 72 557 34 378 547 649 559 20 305 472 13 200 573 149 345 201 102 101 182 616 457 560 332 56 591 238 98 478 63 221 271 216 327 286 169 408 124 301 502 559 447 372 421 426 271 344 45 403 438 627 606 483 147 634 580 412 370 619 435 122 457 43 19 92 432 146 617 12 453 506 391 290 294 640 40 57 187 589 63 583 380 175 101 376 553 154 351 527 249 552 20 519 2 604 348 341 202 328 294 310 241 457 249 518 61 473 623 340 64 158 466 302 140 658 431 556 337 410 150 416 363 333 559 228 401 527 325 197 369 555 191 78 333 125 153 61 643 217 433 377 177 482 118 262 62 422 609 176 592 71 16 429 357 327 660 487 349 180 500 615 106 643 520 83 495 135 456 593 557 420 76 312 59 118 114 389 232 454 332 171 59 120 383 481 22 466 275 587 233 314 245 25 236 146 211 266 280 149 541 510 267 619 250 85 631 130 389 493 251 118 466 247 243 318 598 439 248 160 29 428 82 139 647 281 109 162 157 506 422 309 485 498 530 74 115 110 93 501 131 666 235 199 220 298
334 167 451 349 207 457 5 39 91 149 294 342 622 523 104 497 154 390 387 620 599 271 634 444 374 372 657 352 42 365 250 32 153 308 267 640 508 448 158 360 664 599 643 492 656 649 203 495 521 371 660 152 407 32 206 345 203 27 181 428 92 629 124 307 356 480 534 83 546 219 546 362 7 102 457 604 50 49 392 166 609 413 606 608 117 36 603 476 289 337 559 334 632 664 353 33 47 51 384 229 489 567 598 347 240 326 18 160 138 270 616 227 169 414 653 594 321 235 343 369 500 358 57 363 70 409 387 536 307 191 662 327 260 589 88 646 545 595 651 243 252 480 107 259 131 171 254 8 170 164 304 475 148 368 606 246 202 407 383 393 531 205 589 71 213 305 574 334 235 379 206 363 322 106 291 219 271 119 313 561 124 365 184 269 78 460 86 500 541 10 539 183 523 371 271 387 290 105 511 149 176 36 490 283 252 91 587 397 91 530 466 163 463 412 442 327 180 603 390 14 582 623 541 98 662 500 164 262 143 361 16 43 571 467 265 639 347 249 267 566 78 332 161 150 390 326 5 636 554 252 376 3 582 525 399 328 372 182 635 626 5 321 469 450 106 38 591 543 105 642 127 385 214 154 468 24 396 281 353 48 306 363 262 563 265 556 501 316 105 340 469 432 351 587 120 441 43 286 238 475 192 75 293 108 569 265 313 628 183 144 619 188 178 175 380 205 304 198 214 659 411 441 550 285 281 418 15 81 279 140 297 595 565 206 646 498
338 272 124 208 4 90 232 47 58 488 106 643 160 11 72 345 484 235 390 493 193 347 352 105 519 257 408 18 425 441 14 31 514 307 510 574 203 584 269 353 605 122 584 534 624 318 205 103 366 341 652 541 261 223 521 107 284 652 119 550 451 664 514 289 289 294 555 397 104 398 274 316 497 180 629 672 328 1 49 144 87 661 144 155 575 629 508 495 564 10 308 86 48 234 169 487 361 321 270 44 485 665 299 464 98 586 197 425 544 602 308 267 415 444 62 32 102 549 430 418 429 407 219 334 611 590 72 73 317 86 449 242 599 450 326 89 476 643 561 254 348 612 627 296 449 101 549 84 533 191 258 23 333 467 493 204 99 150 95 337 190 228 515 671 536 636 649 543 267 121 21 557 10 265 523 243 506 646 429 151 406 162 93 460 140 435 264 276 187 493 249 440 595 402 403 445 295 283 420 543 556 148 338 333 143 518 581 96 285 412 613 240 612 589 224 526 338 384 259 315 529 66 9 434 108 277 212 91 362 160 117 618 88 147 198 589 657 239 612 471 390 255 530 523 590 45 208 76 517 333 164 443 315 221 75 358 216 478 372 382 648 646 386 285 633 586 446 629 247 473 172 597 299 588 266 395 311 406 497 618 266 335 357 151 430 146 376 634 136 309 342 494 108 632 51 567 583 37 332 245 159 618 485 11 216 35 298 661 77 93 413 500 560 383 672 78 368 343 67 28 375 305 207 621 670 454 267 667 509 629 629 136 168 366 114 587 483 66 227 654
342 326 351 76 537 364 91 664 594 642 330 332 133 606 273 425 460 260 21 239 330 527 224 214 538 618 45 394 107 143 2 291 495 368 10 492 500 612 437 474 296 580 290 260 348 183 499 255 617 316 113 402 535 635 662 541 502 49 151 359 63 144 344 158 412 388 126 43 451 522 184 578 26 153 316 316 270 61 430 462 156 118 136 284 222 119 309 508 673 342 122 163 586 344 527 171 459 517 552 4 450 145 78 516 485 550 218 337 325 319 645 396 435 292 604 591 23 583 656 294 45 636 456 305 33 38 194 528 16 463 150 282 592 476 57 98 459 27 678 94 532 455 419 56 141 160 570 82 166 537 280 544 202 88 369 456 502 386 548 526 383 620 669 318 427 200 261 206 431 408 230 608 117 325 453 283 62 573 372 171 427 507 375 263 408 139 2 35 539 396 5 409 249 526 101 567 422 182 299 40 670 378 118 219 531 274 211 161 512 194 278 576 571 469 499 109 544 119 333 441 62 555 368 344 22 285 431 584 483 460 295 244 456 382 467 136 444 680 22 12 30 113 79 190 422 548 250 635 426 359 423 52 392 224 199 673 436 188 295 190 192 290 31 254 67 11 256 79 679 565 70 490 465 183 522 394 243 191 52 341 254 599 184 550 51 192 663 274 522 242 677 353 38 597 154 201 55 313 612 215 473 523 368 469 190 191 233 486 489 482 663 45 291 568 649 66 314 673 322 321 429 467 41 263 570 218 205 649 347 583 47 97 56 239 196 147 52 212 90 393 124 543 53 546
342 116 363 432 161 248 267 512 34 678 32 505 185 251 672 97 532 267 443 165 368 280 307 620 427 414 375 576 526 105 633 619 566 525 432 531 72 221 596 529 327 493 315 160 538 17 483 54 572 247 326 588 469 128 17 19 97 78 139 314 657 420 419 569 487 549 472 261 377 510 27 521 109 610 442 396 402 633 392 121 90 510 328 476 650 199 650 416 326 267 540 48 616 584 87 513 296 68 380 178 4 161 58 609 336 607 160 426 18 415 475 226 367 67 560 545 538 294 288 417 502 630 590 531 349 602 16 588 470 600 32 446 493 614 337 329 560 468 106 545 83 488 40 333 282 441 638 489 613 253 131 274 565 68 147 205 540 481 10 109 266 428 12 65 64 203 631 39 370 612 231 453 12 393 56 637 362 523 107 294 381 160 503 605 45 56 433 559 80 56 182 331 78 209 679 626 78 650 178 123 503 583 98 581 106 490 163 611 174 411 100 433 532 406 249 644 475 5 607 454 496 423 68 358 34 285 596 492 548 435 102 554 239 666 457 462 405 408 88 60 152 411 606 639 562 630 571 192 157 587 92 24 321 506 33 208 96 608 656 411 638 425 109 469 377 343 27 402 352 86 39 452 54 553 85 375 680 315 319 286 336 31 659 251 125 419 645 589 69 283 251 20 421 572 200 593 665 378 607 204 222 497 398 232 415 208 176 318 552 278 187 114 258 128 162 305 636 460 215 436 251 630 362 484 257 382 49 566 223 676 191 672 336 289 55 160 271 635 389 572 403 638 121 163
350 86 306 405 178 593 556 28 440 514 152 668 699 151 10 33 47 97 320 358 278 579 365 529 346 326 72 439 611 209 628 515 228 185 458 502 621 194 26 606 117 322 643 535 169 633 464 13 248 26 190 643 448 344 16 456 659 308 174 620 371 196 159 96 131 223 478 621 338 698 568 149 387 604 586 241 302 8 570 480 513 257 242 11 282 420 148 437 73 372 448 686 477 109 491 514 601 299 355 286 388 415 46 174 260 393 524 76 162 437 537 17 448 435 27 445 450 317 671 478 247 9 680 477 68 188 237 611 167 328 411 593 247 433 43 220 485 20 22 137 180 289 96 111 163 380 353 142 548 281 666 1 80 506 442 76 537 477 38 611 199 474 197 611 610 372 261 672 508 353 532 616 175 168 219 351 548 135 472 660 550 121 345 293 355 508 663 514 350 206 407 348 176 81 643 257 506 308 489 445 0 485 534 509 69 469 0 692 91 668 141 697 563 401 261 26 536 285 436 590 336 416 675 405 671 452 297 316 203 296 489 133 691 685 672 594 22 487 569 601 318 272 435 471 658 355 101 86 649 92 273 560 303 558 309 667 200 460 510 510 555 82 44 313 668 417 151 266 254 118 351 399 428 695 198 621 222 262 284 203 282 411 363 626 149 529 580 454 104 478 656 543 335 597 620 143 79 410 164 641 440 431 341 270 155 182 59 409 297 662 592 537 499 143 41 10 378 7 378 592 181 32 568 680 94 4 590 51 668 661 257 447 395 241 194 476 243 625 428 293 425 658 324 667 535 54 206 270 253 452 73 35
354 109 291 346 5 214 100 161 390 9 264 352 74 202 577 317 630 78 406 180 124 238 190 461 52 538 422 639 552 185 685 669 628 0 308 60 150 241 52 105 40 135 653 527 112 234 399 193 659 234 207 123 114 376 687 221 527 531 330 132 575 136 138 677 693 489 159 76 124 183 88 472 706 103 576 409 286 673 279 247 25 223 4 700 391 645 497 309 640 418 402 230 113 368 622 48 52 679 194 225 693 269 19 58 605 13 310 174 63 691 665 76 35 462 639 625 395 134 694 323 26 221 469 335 360 642 38 703 141 285 499 560 461 252 704 24 396 535 275 582 587 356 678 256 401 413 88 694 216 475 566 680 157 365 231 542 355 702 307 581 251 589 492 237 616 416 317 692 149 260 131 659 682 210 331 575 568 426 345 651 33 502 694 551 386 313 86 248 585 691 273 179 385 75 686 671 67 458 122 509 455 101 513 395 59 649 108 692 457 243 530 603 254 176 516 346 546 375 468 322 499 637 491 35 231 312 148 551 180 212 508 630 530 138 115 684 459 249 201 172 19 106 514 627 302 616 219 182 213 563 252 14 112 476 633 430 204 38 172 542 661 330 408 651 384 345 518 22 327 348 164 95 607 415 351 578 311 639 532 149 153 648 70 130 234 221 700 336 683 532 569 279 5 558 128 584 465 614 697 400 663 577 123 549 591 544 632 370 364 214 1 12 492 702 69 195 602 142 557 650 469 452 451 175 404 268 257 337 508 173 62 469 351 674 4 318 669 529 547 703 669 256 96 122 681 383 619 562 117 512 556 264 490 385 326 545
358 211 644 379 510 150 181 688 605 11 662 85 384 543 400 599 303 352 8 159 473 292 121 248 651 536 412 372 46 440 545 345 464 175 542 693 510 120 99 339 547 589 529 610 102 636 339 326 662 11 326 546 74 74 619 544 76 296 11 253 26 141 548 488 26 516 662 324 703 533 190 63 340 364 689 702 200 316 145 31 120 565 97 677 651 229 48 559 697 42 614 12 301 314 457 244 576 303 499 82 504 465 473 135 704 421 564 180 449 370 250 135 397 106 298 661 698 636 548 151 537 226 250 355 552 313 495 23 465 184 376 368 441 19 5 463 72 113 564 312 274 231 49 344 443 691 163 408 630 57 457 380 287 303 214 519 186 689 286 486 641 2 344 672 658 615 608 156 259 702 223 525 119 473 158 187 615 398 314 457 507 714 10 61 61 635 559 468 170 164 315 324 326 25 209 7 636 235 300 31 194 537 87 704 187 329 184 587 346 201 398 128 235 204 203 470 162 221 559 146 41 470 558 345 464 642 503 244 555 175 0 225 616 14 442 388 153 446 284 66 386 616 27 597 681 189 420 222 91 711 557 595 382 665 364 489 95 677 680 505 384 256 30 297 42 490 472 97 636 482 407 39 530 161 669 423 254 105 711 613 40 559 691 152 640 664 83 567 420 159 707 460 547 523 117 200 572 557 539 497 675 404 253 300 651 542 219 565 131 601 213 229 327 566 396 440 281 367 653 114 120 187 82 645 199 523 663 27 248 126 176 398 562 517 0 621 155 112 505 697 305 261 58 83 713 483 700 646 510 234 20 102 425 551 162 500 565 213 537 529
366 297 715 18 54 395 184 465 695 131 644 1 511 288 520 487 719 303 547 716 443 622 500 170 662 715 268 99 325 450 451 192 254 350 245 445 105 465 215 208 28 528 518 46 479 234 330 28 390 243 235 487 628 506 645 200 192 515 431 606 460 135 696 438 445 36 176 287 708 619 543 127 381 675 555 247 308 375 21 496 607 188 645 689 617 442 548 212 511 583 235 673 99 65 606 138 542 201 212 115 210 357 25 346 263 691 110 498 447 153 200 111 126 335 75 568 689 234 33 648 700 81 307 431 627 237 222 300 111 14 89 144 102 452 68 526 505 90 407 666 348 407 362 87 708 87 358 525 415 222 475 331 73 349 416 270 692 48 284 605 148 208 630 617 99 697 662 256 490 429 288 126 346 247 277 242 494 638 115 408 453 459 214 377 667 375 205 353 431 462 220 416 236 461 724 375 90 549 81 25 436 128 541 62 587 232 305 342 544 41 659 448 84 48 514 491 485 75 129 288 558 646 653 18 190 2 116 716 576 117 728 152 54 197 387 315 591 96 644 84 292 31 697 12 656 166 123 619 727 321 413 611 719 547 603 617 689 559 646 32 372 163 648 213 700 694 665 380 516 448 466 37 643 299 65 11 278 519 353 470 290 213 366 259 414 401 719 431 543 69 671 352 110 4 454 489 263 169 380 487 11 206 25 512 352 438 234 320 572 609 696 8 351 631 295 555 373 342 518 341 313 711 555 118 361 358 658 416 14 195 326 123 146 719 15 459 104 53 134 138 0 648 728 407 103 150 128 236 282 368 100 600 12 291 202 215 563 210 238 226 655 575 178 367 471 77 664 185
370 292 492 310 253 734 715 678 452 357 380 163 547 618 238 662 718 672 455 330 420 64 100 154 496 464 251 329 406 170 36 443 236 35 263 473 104 92 487 262 287 541 20 738 287 88 228 222 217 123 190 19 347 739 261 477 186 557 263 641 411 366 484 673 234 202 127 532 554 599 324 611 432 725 653 150 572 484 696 482 406 116 455 21 409 82 432 183 112 507 499 664 711 198 580 172 212 257 616 547 31 331 415 227 452 527 316 421 238 488 465 290 261 547 737 253 700 378 478 219 155 475 88 481 179 702 319 148 649 435 665 282 650 567 195 108 677 734 735 60 688 102 454 39 448 485 527 514 173 303 500 262 578 582 112 715 531 189 139 296 232 640 713 333 508 549 221 522 640 451 255 72 6 271 199 466 193 299 556 250 557 362 78 483 436 594 551 247 721 538 450 83 96 285 409 341 337 526 717 171 610 424 236 728 439 536 538 361 416 126 714 651 707 185 597 532 63 567 239 147 187 47 377 379 449 130 553 209 415 734 319 202 222 28 598 355 346 33 190 426 508 27 604 459 406 621 492 238 50 516 577 344 504 459 696 421 393 430 727 342 702 228 256 656 409 248 251 496 669 161 227 87 478 615 387 342 293 138 262 242 415 581 596 350 224 603 719 269 267 358 186 551 20 33 497 404 618 607 730 467 33 495 355 297 576 235 219 405 402 455 484 151 387 305 469 37 713 196 711 242 237 591 228 607 99 271 145 158 300 219 726 725 65 583 733 99 99 118 0 541 680 390 704 324 213 304 219 198 728 336 390 276 272 292 245 24 71 474 368 220 158 416 183 494 678 591 318 3 155 500 313 227
374 124 137 720 110 364 585 298 414 728 155 365 456 193 194 563 609 153 595 415 57 618 426 710 622 196 715 615 414 441 574 372 94 303 534 358 81 442 664 307 85 571 81 553 627 294 153 676 477 569 558 207 360 437 153 646 686 250 510 481 72 664 579 452 90 14 718 16 542 617 746 382 194 459 574 60 313 27 483 692 27 663 426 548 291 353 323 717 522 299 598 315 664 679 661 336 288 579 186 430 252 400 217 240 504 601 624 378 295 83 675 596 495 341 538 522 267 656 609 145 612 326 385 512 380 186 635 460 206 311 700 204 155 489 441 116 353 639 607 720 287 9 23 140 672 273 731 508 515 524 134 662 263 11 0 236 502 593 39 638 360 428 569 216 433 681 111 510 502 690 184 39 386 697 451 298 188 548 652 450 152 303 593 210 20 566 493 613 228 36 632 518 445 380 324 498 733 677 374 178 382 288 175 400 352 37 719 215 48 614 470 153 273 440 538 317 340 73 589 62 734 40 630 131 81 112 345 612 360 505 432 64 3 409 456 163 735 501 731 351 335 471 337 84 343 58 696 8 498 363 47 421 219 280 723 173 370 542 218 364 135 270 117 691 506 308 329 325 189 108 535 303 627 670 232 616 85 163 687 738 150 243 96 499 571 698 355 368 611 293 300 157 629 0 36 523 414 439 708 154 724 609 498 533 209 633 23 20 463 2 572 277 57 606 269 687 602 677 283 469 643 406 574 60 515 712 258 124 425 211 128 282 555 474 38 573 79 745 629 281 138 343 64 399 122 89 140 568 257 68 339 244 195 69 61 145 516 369 714 465 380 175 417 233 433 96 120 114 282 106 39 328 406 262 565 590
378 353 278 266 503 481 63 671 378 383 33 709 209 585 480 235 414 686 613 729 6 300 734 207 268 299 743 753 730 341 662 90 455 544 676 111 594 494 679 99 578 120 342 724 354 484 615 244 574 244 257 589 609 707 73 500 617 609 244 419 145 54 393 160 712 650 596 18 380 152 393 687 374 576 36 17 571 73 526 748 727 491 61 529 494 685 643 255 37 684 659 721 439 448 260 267 634 52 165 53 232 37 320 134 79 402 572 547 262 111 505 727 512 379 349 112 244 731 355 590 752 629 362 147 281 225 164 647 406 460 288 511 89 474 13 81 437 199 282 742 87 99 543 426 575 75 472 489 85 188 210 300 41 518 49 3 454 359 209 547 695 181 471 674 301 560 177 87 304 631 227 327 107 73 83 401 691 385 643 351 436 2 525 213 361 125 364 587 220 339 149 531 637 318 721 457 243 73 296 371 155 554 11 450 175 738 747 8 454 384 79 643 745 653 566 225 425 284 535 4 293 582 611 527 204 244 481 329 457 223 424 27 495 582 549 693 318 619 67 476 596 512 212 483 294 291 112 401 717 193 549 14 354 450 454 630 566 577 16 712 697 626 359 354 739 36 149 685 493 246 243 278 349 139 359 117 405 166 282 285 478 499 200 250 144 561 474 444 35 542 389 324 304 154 220 735 284 544 725 660 418 616 704 739 285 201 56 477 238 189 359 231 428 234 722 507 203 685 355 180 593 149 215 99 337 14 737 742 297 97 155 588 470 49 454 54 471 90 577 491 84 564 471 40 314 38 652 484 4 429 405 99 98 659 552 355 289 48 722 266 298 415 251 18 496 140 452 210 747 655 289 317 11 488 719 624 378 117 95 51
378 188 45 114 597 664 418 582 517 451 255 205 52 216 43 625 292 246 271 403 229 184 320 447 532 243 534 208 250 149 150 407 677 48 171 357 663 253 595 147 274 647 410 363 24 544 680 516 720 493 344 314 569 754 163 239 484 395 356 725 88 492 562 117 251 645 548 465 26 497 227 325 301 447 535 338 106 475 365 750 310 155 443 112 752 259 101 280 629 505 248 182 471 675 548 693 261 729 424 726 261 370 438 33 246 370 523 149 154 305 187 305 523 607 733 703 309 556 361 203 437 357 108 254 10 723 337 687 438 198 613 720 545 241 18 425 335 149 190 386 510 252 543 204 285 633 316 374 192 170 316 715 407 371 454 457 35 646 223 630 289 229 710 203 456 612 590 259 546 130 163 101 206 36 202 410 116 295 597 120 686 141 371 45 562 120 264 520 244 738 473 406 566 495 695 393 256 23 664 224 84 284 567 138 553 344 512 46 206 586 234 531 608 506 232 694 189 65 410 152 0 374 596 28 322 424 142 249 719 228 37 447 651 15 138 438 460 286 704 573 119 537 176 57 633 34 495 7 435 433 392 18 410 722 111 722 215 437 242 268 369 189 119 596 196 365 232 507 358 663 91 333 607 380 242 717 208 164 636 498 521 353 269 117 163 510 424 534 35 533 687 100 317 412 126 36 678 354 462 394 726 723 211 463 229 140 474 600 660 63 498 380 71 656 549 471 166 443 281 585 665 250 612 250 130 140 28 364 689 90 579 375 32 351 148 625 119 641 369 487 393 249 262 489 32 417 601 249 124 305 704 679 240 591 432 179 209 570 752 181 149 76 316 189 723 117 359 241 568 709 383 592 245 206 53 711 714 156 400 464
386 239 363 16 706 495 360 719 498 690 743 335 39 318 642 278 377 716 391 162 16 326 114 630 512 130 269 668 13 599 499 687 606 745 481 129 64 269 458 3 311 455 375 482 759 239 454 736 79 729 288 596 28 200 179 154 703 408 180 514 438 475 31 577 205 481 434 425 520 40 750 54 410 3 420 538 607 454 468 599 492 470 122 306 304 516 732 533 618 515 26 612 150 251 266 627 390 298 9 608 319 149 299 56 203 304 353 588 709 341 585 430 5 183 672 318 702 192 19 690 307 374 503 503 214 474 511 354 589 757 381 95 283 284 555 476 127 484 178 423 277 460 10 164 694 268 260 565 232 262 515 69 193 301 684 650 747 505 92 478 327 360 32 696 733 195 656 133 195 204 731 328 323 302 567 609 258 189 238 398 145 174 351 571 631 488 536 327 416 88 168 91 687 503 623 141 133 56 557 53 388 203 464 648 138 312 85 9 465 331 428 33 265 566 26 73 535 274 699 638 468 323 308 584 394 342 750 480 654 329 199 249 123 650 677 52 59 747 496 194 108 127 352 636 126 283 281 13 452 608 624 402 58 428 719 264 77 214 595 227 283 708 643 125 242 5 723 577 445 670 429 640 406 340 531 199 654 498 650 131 433 397 60 597 458 390 30 661 437 92 723 79 364 386 354 586 31 260 128 545 271 613 48 183 700 363 259 141 34 11 135 657 479 301 578 460 424 125 7 391 573 524 551 10 331 234 503 322 718 347 353 160 369 610 469 136 334 483 99 582 142 28 449 126 329 40 0 700 277 127 745 306 4 487 186 371 357 224 406 162 218 238 633 110 595 257 31 471 650 565 10 638 350 320 736 318 601 767 445 201 63 81 254 438 12 86 506 597
398 84 30 456 388 719 776 170 411 77 503 144 398 515 242 114 95 410 235 156 744 340 175 606 327 208 107 149 26 58 682 706 305 15 393 656 730 661 95 113 319 764 468 617 54 170 722 589 96 795 591 412 602 124 244 676 702 359 430 547 192 212 331 405 204 277 90 366 18 47 728 645 415 191 737 16 612 176 152 582 265 564 592 520 289 56 156 306 99 601 328 557 780 373 769 526 517 399 252 320 161 65 552 268 584 738 43 571 536 89 98 340 69 369 261 339 679 678 693 225 352 93 362 261 248 530 335 225 758 696 232 699 187 432 647 684 552 63 174 296 543 332 136 122 216 521 739 25 625 569 0 751 67 628 82 560 556 357 709 187 319 779 202 754 188 428 337 771 285 653 332 1 390 323 657 154 517 595 13 769 746 420 790 127 654 318 406 739 499 36 148 166 324 364 787 484 50 384 261 732 352 676 681 649 281 391 515 193 423 345 591 175 655 545 709 399 390 456 654 275 469 432 441 62 286 599 772 553 338 1 45 612 558 445 710 773 183 756 693 528 50 785 365 228 416 689 98 506 41 470 65 717 322 319 779 456 561 160 426 84 716 84 626 423 308 302 236 510 409 359 535 49 369 733 407 93 96 774 39 709 378 291 387 414 423 263 434 110 424 468 321 151 174 252 674 623 592 634 111 20 579 589 522 7 527 674 783 75 75 229 769 378 628 145 20 366 349 236 690 415 244 516 622 781 386 153 150 324 84 204 362 352 737 23 454 661 739 415 348 56 622 319 739 647 544 447 405 379 322 18 7 444 461 275 51 358 59 597 228 146 529 7 257 678 353 49 317 532 702 641 305 359 87 728 202 109 659 78 80 199 356 559 32 458 213 244 201 633 295 428 680 256 178 304 108 295 288 314 257 741
402 16 319 235 445 729 755 190 512 272 741 257 568 582 442 199 294 387 423 598 103 510 762 770 68 503 758 796 582 95 42 101 217 772 284 651 320 447 251 539 752 663 252 657 247 794 441 49 48 785 472 462 60 619 90 122 142 523 721 238 228 754 80 634 605 397 10 561 632 252 405 258 78 158 126 379 183 194 35 404 66 14 561 446 322 750 134 338 207 98 495 453 480 77 51 229 9 623 34 740 650 768 412 104 785 11 634 708 655 506 757 385 514 195 467 14 45 226 749 665 367 32 96 102 391 650 688 83 232 665 39 800 565 544 574 25 150 574 528 167 496 522 37 724 136 764 114 753 450 579 397 529 541 401 688 235 98 374 729 701 576 291 585 620 301 602 737 87 793 601 395 207 784 672 192 376 401 603 373 370 420 31 452 391 114 510 477 50 199 143 649 339 495 796 680 265 663 375 749 511 77 798 185 73 200 531 85 199 371 161 322 193 324 351 522 539 489 472 791 410 164 389 633 403 66 119 194 110 220 458 49 712 284 2 579 353 659 777 184 470 317 140 152 756 666 737 386 323 43 96 767 85 536 218 312 355 550 532 657 537 137 701 79 8 296 469 754 51 417 384 414 97 484 289 194 749 353 90 66 205 211 441 162 704 790 348 780 132 438 374 493 322 740 280 800 684 757 522 254 705 379 770 554 3 368 570 392 586 513 152 368 362 740 432 302 794 340 70 242 417 72 194 172 61 25 133 585 577 264 583 298 620 670 148 235 88 482 446 620 40 566 755 218 100 654 367 671 404 300 160 736 5 125 426 391 729 460 66 572 609 422 441 232 219 760 94 475 763 157 678 43 754 455 219 174 31 2 284 291 235 200 590 676 679 29 316 386 159 544 149 315 560 59 123 348 457 664 637 585 579 228 96 802 666
