bool 12 1 1 0 1 1 1 0 1 1 0 0 1
double 13 1.43 9.73 5.43 8.16 0.34 4.06 0.59 7.45 4.49 9.22 3.76 0.35 9.95
char 13 k e p r l k g k n n f a c
bool 14 0 1 1 0 1 1 1 0 0 0 1 1 0 1
bool 15 1 1 1 0 1 1 0 0 0 1 0 0 1 0 1
bool 15 0 0 0 0 1 1 0 1 0 1 1 1 0 0 1
int 15 91 14 19 28 33 52 87 7 42 6 92 64 68 4 77
char 15 f n r j q d b p s a j c o d d
bool 20 0 0 1 1 1 1 1 0 0 0 1 1 0 1 1 1 1 1 0 1
int 23 77 67 94 73 48 11 32 22 59 79 7 1 64 79 62 70 5 99 85 85 83 73 40
char 26 b e m h e e q o h i i e h p m q r f e o i n d k e k
double 27 7.27 8.68 5.72 4.32 1.47 8.78 4.08 2.3 3.71 5.82 4.87 9.23 6.41 1.85 4.56 2.93 2.67 4.86 9.03 7.16 4.24 0.95 1.68 3.38 9.72 8.5 7.54
char 27 a e a i k d d l d q o m j m c b p p l e k g n i g n t
bool 28 1 0 1 1 0 1 1 0 1 1 1 0 1 0 0 0 0 0 1 1 0 0 0 1 0 1 1 1
int 28 67 50 66 61 29 89 17 76 89 67 14 27 71 12 95 96 60 87 66 10 69 48 5 44 53 8 13 46
char 28 q r q t n d q d p p t b n m e p q d a j r d f c b r c s
int 29 73 73 48 34 51 93 92 74 68 41 21 78 76 82 38 98 35 41 12 44 74 24 95 73 69 52 42 41 88
int 31 88 46 71 95 71 81 28 90 66 18 83 2 62 97 96 17 35 61 39 9 27 79 66 55 48 44 86 35 39 12 54
bool 31 0 0 0 1 0 0 1 1 0 0 0 0 0 0 0 0 1 1 1 0 1 0 1 1 1 1 1 1 1 1 1
int 32 72 25 11 91 79 19 58 73 34 97 2 78 1 19 91 4 55 46 79 21 24 55 46 51 95 79 74 55 56 37 6 65
bool 32 1 0 0 1 1 1 0 1 1 0 1 1 0 1 1 0 0 0 1 0 1 0 1 1 1 0 0 1 1 1 0 0
int 32 38 80 24 29 49 28 26 8 2 8 85 58 42 64 15 78 19 14 27 55 61 3 61 89 51 27 97 29 11 4 83 86
int 33 26 24 77 45 99 50 4 43 2 73 1 87 99 18 99 74 32 14 88 90 86 19 63 44 85 60 80 96 86 25 5 71 82
bool 34 0 1 1 0 1 1 0 1 0 1 1 1 1 1 1 0 0 1 0 1 1 1 1 0 1 1 0 0 0 1 1 1 1 0
double 35 9.71 9.78 6.94 1.68 2.54 3.53 2.06 6.53 8.93 5.58 2.69 1 0.21 9.07 5.86 5.37 0.74 5.33 5.8 6.88 1.14 2.11 4.01 1.73 9.76 5.43 5.77 8.35 1.53 5.55 0.22 2.29 3.94 8.38 4.72
bool 36 0 0 0 0 0 1 0 1 1 1 0 1 1 0 1 1 0 0 0 1 1 0 0 0 0 1 1 0 0 1 1 1 1 1 0 0
char 37 m o n n c n t k e n h s o k h s j p q p c e j f o f b h q d n o j f o j h
int 38 37 5 47 61 31 56 20 74 32 46 68 76 58 99 75 45 9 73 43 77 37 80 76 66 26 19 66 96 70 83 47 69 37 69 32 67 4 56
int 39 2 72 18 73 49 53 47 72 74 8 28 6 17 10 67 94 82 38 94 76 98 10 90 60 62 39 85 59 70 18 4 55 25 63 64 76 41 28 29
char 39 l a i d s j p m e m o k j t s i h t l g p c i e q a a a q g h q a s h q t q t
int 39 15 65 82 15 46 4 89 4 60 69 42 82 59 88 14 92 6 9 21 51 67 94 33 69 30 96 87 66 39 75 17 9 30 37 21 52 64 92 12
char 42 r l t r h t k j k i g e e l j a s n n b c l k r o m l f d h s t r q c l h n c m o a
char 43 r p k n g p c c f q c t b b i c t j o g r c s g t s g q t q g e q b s j b h n h g p m
bool 43 1 0 0 1 1 1 0 1 1 1 0 0 1 0 0 0 1 0 0 0 1 0 1 1 0 0 0 1 0 1 0 0 0 0 1 0 1 1 1 0 1 0 1
int 44 56 90 30 93 18 39 15 99 48 15 64 52 57 6 8 73 3 27 79 18 52 31 37 51 40 55 66 26 23 50 67 95 40 82 51 63 31 75 95 57 33 37 46 89
bool 45 0 0 0 1 0 0 1 1 0 0 1 1 0 1 1 1 0 1 0 0 1 1 0 0 1 1 1 0 1 1 1 0 0 0 0 0 0 0 1 1 1 0 0 1 1
double 46 7.9 8.02 9.18 3.62 2.34 5.28 2.91 8.04 8.86 6.7 8.19 2.21 6 0.51 0.03 9.48 0.33 7.04 8.9 3.85 6.24 3.01 8.13 2.42 6.71 2.82 7.86 5.7 5.75 2.89 7.22 2.66 1.09 7.5 2.69 7.61 6.54 7.23 6.01 7.87 2.25 3.97 6.25 5.56 4.25 7.62
bool 46 0 1 0 0 0 1 1 0 0 1 1 1 0 1 0 0 1 0 0 0 0 0 0 1 0 0 1 1 1 1 0 0 1 0 0 0 0 0 1 1 0 1 1 0 0 1
int 48 20 53 78 75 87 19 37 36 1 26 63 30 41 81 48 55 89 50 5 23 51 12 28 91 94 84 32 15 3 83 86 95 51 91 27 21 67 65 78 30 29 16 1 99 3 60 40 16
char 50 q k g k e p m d t l c c m t i i s q b h g e h a l p j a l b h a p g o i h h n q m p h b t r g e b d
double 51 3.82 3.34 6.77 1.13 8.2 2.47 1.78 3.9 7.83 3.04 2.17 3.2 1.16 4.8 3.58 1.82 5.5 3.07 1.04 5.96 6.38 8.99 6.91 4.64 3.87 7.17 9.21 3.2 2.77 7.21 0.43 8.25 1.84 6.64 1.67 0.22 4.97 0.44 1.58 4.93 2.9 8.79 0.24 6.54 2.68 4.02 3.31 6.17 2.32 1.75 4.72
double 52 2.5 1.53 6.47 0.5 8.78 2.64 0.24 8.27 5.48 4.21 3.84 7.97 0.57 3.69 9.86 7.43 2.9 7.84 9.2 4.01 5.79 0.07 2.56 8.25 1.72 7.92 9.94 3.67 6.7 0.84 0.02 7.81 8.09 2.02 7.41 6.35 5.23 3.68 1.97 7.51 4.95 9.82 2.6 9.03 4.47 8.72 6.88 0.45 3.38 0.07 0.48 7.49
int 54 77 57 74 41 3 6 34 69 43 68 38 86 70 75 59 3 58 38 40 64 44 65 77 23 21 58 15 77 11 74 26 68 79 42 65 35 68 68 61 65 53 50 22 86 58 7 76 7 50 85 92 15 75 18
char 54 a r o a m h k p p g l d p k l g q a c d e p i g l j r h j k t n o b s k b l o q e o m n h h n e f g l k o a
char 55 a r c g c a i f l c i b e c n n c b f f j c a d q k t j e f t d m g a j e g l q f h p d d g l n q d m j g r i
bool 58 0 0 1 0 1 1 1 0 0 1 1 1 0 1 1 0 0 1 1 0 1 0 0 0 0 1 1 0 0 0 0 0 0 0 1 1 1 1 0 0 0 1 0 0 0 1 1 1 1 0 0 0 1 0 0 1 0 0
bool 58 0 0 0 0 1 1 1 0 1 0 0 1 0 0 1 1 1 0 1 0 1 1 0 1 1 1 1 0 0 1 1 0 0 1 0 1 0 1 1 0 1 1 0 0 0 1 0 0 0 1 0 0 1 0 0 0 1 0
int 58 26 50 19 11 68 62 67 85 43 85 22 88 66 43 30 27 94 35 53 69 47 44 91 77 11 80 27 89 97 79 89 12 24 65 28 55 49 88 29 94 33 68 25 6 60 9 35 78 94 2 96 74 2 51 29 96 38 74
bool 59 0 1 0 1 0 1 1 1 0 1 0 1 0 0 0 1 1 0 1 1 0 1 1 0 0 0 0 0 0 0 0 1 1 1 0 1 0 1 1 0 0 0 1 1 1 0 0 1 0 1 1 0 0 1 0 0 0 0 0
double 60 8.91 9.99 5.97 1.43 2.86 1.13 4.08 6.27 4.31 5.39 4.02 9.85 4.83 8.39 1.5 8.43 0.09 0.8 2.05 8.21 9.57 7.55 8.88 8.03 2.8 3.2 3.24 1.79 9.07 0.94 4.82 4.45 1.35 8.86 8.97 5.54 9.96 4.88 8.59 5.83 0.69 3.63 7.52 1.91 6.91 3.52 8.2 0.79 7.93 5.06 9.37 1.71 8.44 0.08 1.97 8.19 2.27 7.85 4.47 5.55
char 61 j c b p p e j j g s e a n d g m c g i g p c i t i t h h r l p c h g t q r g r m i p t i j c h m s g e f t b k i r q o i t
char 63 h q a b l n k m o n g h r a q q c n t c f r q p h d k t i n l h c r f l c j d a o d c c l r l c e p s t g t f d q d n l j b s
int 63 26 62 92 21 92 62 56 65 58 13 56 17 34 48 58 75 52 6 47 78 55 44 6 88 28 27 93 98 48 33 71 57 98 58 4 52 18 73 47 46 65 51 69 68 21 85 21 99 68 14 37 67 29 41 97 49 56 20 22 39 91 6 86
bool 63 0 1 1 1 0 0 1 1 0 0 1 0 1 1 0 1 1 1 1 1 0 0 0 1 1 0 0 1 1 1 1 1 0 1 1 0 1 1 1 0 1 0 0 0 1 0 0 1 0 1 1 0 1 0 0 1 1 1 1 1 1 0 0
char 64 l s p m q b b q k r n n f s a r e e s s r m c f r i m t a s q o p t t c i g l a c l g t r n f l d q j i c q h e p p b j s l c j
char 64 f b q c k o f e o p j s n n l s m q m q m a t t p s o e k s l h m r r d k p o d c h m n d o p l m f i p q s b r i a e k a e f b
double 66 7.6 9.39 6.87 8.64 8.62 7.67 0.18 5.51 3.77 1.14 9.43 0.52 8.13 6.13 5.64 9.7 6.44 0.45 0.12 5.14 6.37 5.82 2.55 5.52 0.73 9.41 3.46 3.66 3.39 5.23 2.84 9.09 4.86 2.21 6.09 6.08 2.57 0.42 6.07 5.87 0.39 8.47 8.96 4.67 7.06 3.36 1.56 5.65 3.14 9.21 7.27 4.96 3.65 4.05 6.13 2.22 3.58 7.42 4.67 7.84 3.84 2.77 7.46 6.83 6.93 4.18
bool 66 1 1 1 0 0 1 1 0 1 0 0 0 1 1 1 1 0 1 0 0 1 0 1 0 1 1 1 0 1 1 1 1 0 1 0 1 1 1 1 1 0 0 0 0 0 1 0 1 0 0 0 1 1 1 1 1 0 0 0 0 1 1 1 0 1 0
int 67 7 56 19 38 64 54 78 36 82 34 84 15 9 37 75 1 87 8 20 34 37 74 31 58 42 21 53 86 82 85 14 19 75 11 91 38 26 8 41 72 3 59 25 59 77 98 96 77 88 25 73 29 16 48 47 52 20 41 62 71 1 96 99 83 23 96 59
bool 70 1 1 0 1 1 1 0 1 0 0 0 0 1 1 1 0 0 0 1 1 0 0 1 1 0 0 1 0 1 0 0 1 1 0 1 0 1 0 1 0 1 0 1 0 0 0 0 0 1 1 0 1 1 0 1 1 0 0 1 0 0 1 0 0 1 1 1 1 0 0
double 70 5.64 9.87 2.01 0.56 5.35 1.55 8.86 2.28 9.06 4.05 6.13 5.08 2.81 3.43 8.85 3.72 9.24 0.76 2.09 3.86 1.09 7.4 8.01 3.96 2.29 4.83 6.56 1.12 2.85 3.45 1.89 7.56 8.41 3.38 8.39 6.53 8.79 6.1 2.75 4.76 4.65 7.9 9.96 6.29 1.34 5.9 6.8 9.72 1.83 9.61 4.13 1.38 1.18 9.25 9.49 9.22 5.58 8.12 4.02 2.86 8.5 7 8.91 6.84 1.71 2.88 6.04 8.88 0.18 9.17
bool 71 1 1 1 0 1 1 1 0 0 0 1 0 0 0 1 0 0 0 0 1 0 1 0 0 0 1 1 0 1 0 0 1 1 1 0 1 0 1 1 0 0 1 0 1 1 0 1 0 1 0 1 1 1 1 0 1 0 1 1 0 1 1 1 0 0 0 1 0 1 0 1
double 71 2.54 5.54 4.06 3.7 9.02 2.63 6.32 6.03 0.68 5.67 6.18 6.54 3.09 1.16 8.14 1.19 7.84 0.59 7.09 2.04 3.76 0.61 3.92 8.32 0.4 2.7 7.9 0.72 4.99 0.74 0.44 7.6 0.86 7.27 1.18 2.12 8.1 5.85 7.15 7.85 1 4.37 3.82 8.12 0.72 4.14 2.29 9.07 5.32 4.82 7.98 3.04 7.01 3.23 4.53 9.93 0.07 2.12 5.14 0.59 6.62 7.93 4.9 5.57 9.96 6.04 8.5 3.67 0.29 6.22 6.9
char 72 k l l d q n e g b h q b d p r m r c i o k g b k i l n b g e g c g m j s t b q n i p d f k d k f o s f i g l r o c k k t l t l r h d m b o o d e
char 73 a e e s l k s r g d t n k c b f o f i e b o h n b i q o q j i r f q b g d f a q n f e a l r c r q l i j e h s m p h b j m k o n l k p p q j m n q
int 75 15 34 20 62 82 65 33 49 5 21 99 54 32 21 82 88 75 41 9 95 39 44 55 29 87 16 61 10 82 12 40 72 38 72 85 53 54 68 86 64 40 7 44 60 29 23 86 30 18 65 63 73 77 69 63 94 25 78 22 51 45 8 45 62 31 49 6 24 40 59 1 42 8 96 91
int 76 20 89 8 83 65 99 18 59 53 25 25 77 7 29 66 91 4 31 78 94 16 14 89 84 65 60 26 56 85 91 12 84 72 83 19 21 31 83 46 14 43 26 73 2 38 55 70 66 9 37 7 2 79 60 1 46 96 82 87 31 55 41 53 85 77 83 28 98 19 18 43 90 53 7 39 66
char 76 n p c n t k l c l h i q r p a m g a r l h e m l j e c p n e g i n t c a h s t m n k p d c q i c t b i g n t b q j d q i o k n s i s q r i a m s d e o k
bool 77 1 1 1 0 0 1 1 0 1 0 1 0 0 1 1 0 0 0 0 0 0 0 1 0 0 0 0 0 1 0 1 0 1 1 1 0 1 0 0 0 1 0 0 0 0 1 1 1 0 1 0 0 0 1 0 1 1 0 0 1 1 0 0 0 0 0 1 1 1 1 0 0 1 1 0 0 0
int 79 81 38 54 46 18 84 59 40 65 20 47 74 37 46 14 97 18 51 82 32 59 64 79 58 43 8 21 93 72 81 77 78 70 2 36 50 71 12 99 59 22 95 27 6 57 43 31 1 3 56 93 13 79 64 43 1 25 12 31 81 83 47 96 41 79 38 92 25 20 9 74 94 41 72 4 63 85 74 28
int 80 41 89 76 1 97 50 48 68 13 10 23 15 95 75 16 13 72 29 99 58 99 6 27 9 25 24 49 61 24 17 63 19 7 23 14 13 98 84 17 55 99 28 92 67 86 87 40 77 59 85 83 98 20 70 79 23 21 74 95 87 25 99 79 2 15 52 33 73 83 68 64 56 13 90 46 49 17 60 13 85
double 80 7.24 7.13 5 9.3 7.01 7.78 0.76 7.78 1.26 5.13 7.38 9.59 5.94 3.98 9.29 7.47 3.81 6.46 0.6 2.19 3.45 4.68 4.85 6.75 2.26 4.92 2.78 2.27 6.18 0.6 1.31 0.62 9.36 4.05 1.65 1.57 8.63 5.81 5.1 8.77 9.29 6.6 6.97 3.11 9.74 1.21 3.46 4.98 2.71 7.44 7.06 7.88 0.57 0.97 4.57 5.63 9.84 8.27 5.66 4.1 6.36 4.32 4.01 3.36 3.98 5.3 2.11 1.99 2.39 0.78 4.6 5.85 7.11 0.89 6.73 2.45 7.62 7.34 1.56 0.89
int 81 53 64 99 29 97 82 80 60 65 5 60 59 33 56 16 24 86 6 34 90 30 91 6 80 78 89 18 21 40 82 20 99 69 15 26 83 23 47 73 65 79 45 73 5 29 13 76 79 9 23 74 25 98 58 59 93 31 82 90 80 20 53 57 9 33 63 68 46 19 92 85 67 67 90 55 20 91 53 88 27 12
bool 81 1 1 0 1 0 0 0 0 0 0 1 0 1 1 0 0 1 0 0 1 1 0 0 0 1 0 0 0 0 0 0 0 0 1 0 0 1 1 1 0 0 1 0 0 0 1 1 0 0 0 0 1 1 1 1 0 0 1 1 0 0 1 1 1 0 0 0 1 0 1 0 1 1 1 0 1 0 1 1 0 1
double 81 2.95 1.73 2.52 9.93 4.26 4.3 8.41 8.01 3.65 5.79 6.65 4.39 3.24 6.49 7.47 4.68 2.15 6 9.39 8.12 9.81 0.59 7.13 5.4 5.93 7.27 6.12 2.53 4.5 1.18 1.63 4.37 4.8 4.43 1.1 4.05 7.19 8.54 1.01 7.55 5.83 4.06 8.57 5.32 6.69 8.43 4.96 5.69 3.6 3.92 8.12 2.25 9.84 8.31 1 0.57 0.45 5.63 8.55 0.89 6.91 2.02 1.58 6.55 2.03 3.41 0.95 1.79 2.55 2.6 4.46 7.99 2.43 3.67 2.69 5.71 0.27 9 6.61 1.49 2.92
bool 83 1 1 1 1 0 0 1 1 1 1 0 0 0 0 0 1 0 1 0 0 1 1 1 0 0 1 1 0 0 0 0 0 0 1 1 1 0 0 0 0 1 0 1 0 1 1 1 1 1 1 0 0 0 0 1 1 0 0 0 0 0 1 1 0 1 1 0 1 0 1 0 0 1 0 1 0 0 0 0 1 0 1 1
char 83 h s q j r g o h b k k k f s a j o h n a k m g e c h t p q n q a h l a l r n l h d h j r s t p q k c p e p t q p b m p p l c f i i t c b s g h s i h i a o e t c g m c
bool 84 1 1 0 0 1 1 0 0 1 1 0 0 1 1 0 1 0 1 1 1 0 1 1 0 1 0 1 0 0 1 0 0 0 1 1 1 0 0 0 1 1 0 0 1 1 0 1 1 0 1 1 0 0 0 0 1 1 1 1 1 1 0 0 0 1 0 0 0 0 0 0 0 0 1 0 0 1 1 0 1 1 1 1 1
double 85 4 4.48 2.07 8.18 7.38 1.71 2.44 6.04 3.17 6.53 9.67 5.36 1.62 9.73 8.67 7.18 7.1 2.12 6.65 3.09 9.91 3.55 5.27 7.98 6.05 3.97 4.02 6.63 8.45 9.81 5.94 5.28 5.11 5.86 6.79 3.78 4.53 4.61 0.24 4.16 6.71 3.31 2.35 1.87 2.53 4.65 6.48 7.92 5.17 4.55 8.31 8.45 9.21 2.46 2.02 1.15 8.95 3.18 5.64 7.05 4.31 7.68 4.79 2.48 7.57 1.01 1.6 8.09 3.73 1.73 6.63 6.76 6.63 7.35 8.25 5.08 8.51 8.33 6.22 2.76 4.54 4.51 5.2 3.78 0.65
int 87 70 61 38 78 69 20 53 7 40 90 77 68 44 15 41 96 50 6 73 81 67 70 84 49 60 30 83 21 39 51 50 45 78 3 48 33 10 94 6 26 92 90 57 62 7 86 21 8 72 17 66 94 89 21 14 91 12 68 2 47 49 14 42 21 41 76 78 34 2 44 33 27 16 64 11 75 22 49 27 82 49 28 60 34 84 89 62
bool 88 0 1 1 1 0 1 0 0 0 1 0 0 1 0 0 1 1 0 0 1 1 1 0 0 0 1 1 1 0 1 0 1 1 0 0 0 1 1 0 0 0 0 1 0 1 0 0 1 1 1 0 0 1 1 1 1 0 1 1 0 0 1 1 1 1 0 1 1 0 0 1 1 1 1 1 1 0 0 1 1 0 0 1 1 1 1 0 0
int 90 97 85 80 27 21 52 48 87 71 39 80 23 97 9 48 78 66 64 86 7 19 86 61 80 3 59 2 14 87 36 16 11 7 44 46 55 80 1 27 31 54 2 93 99 97 85 50 93 52 28 50 89 2 82 57 17 9 51 54 53 91 84 56 24 56 80 6 28 79 39 92 72 8 8 72 21 61 35 69 93 55 57 74 65 13 24 73 26 86 8
bool 92 1 1 1 0 0 1 1 0 1 0 0 0 1 0 1 0 0 1 1 1 0 1 0 0 1 0 0 1 0 1 1 0 1 1 0 0 1 0 0 0 1 1 0 0 1 0 1 1 1 0 1 0 0 1 0 0 1 1 0 1 0 1 1 1 1 0 0 0 1 1 0 0 1 1 0 0 0 1 1 1 1 1 0 1 0 1 0 1 1 1 0 1
char 92 i m k a o e a s p t a l f i o e o d p t r k d m j s m f q g q i t n f p l a p p s b c e r h n t m k s s g i b k m t t k a d t s s h j b p l j e o r k l h m m q m j r j m o c i n q o s
double 93 8.94 5.4 1.76 4.62 7.87 1.92 4.26 6.27 2.8 3.11 2.86 1.8 1.31 9.86 5.11 0.46 9.46 8.69 7.24 3.55 4.89 1.56 2.15 5.04 3.41 4.92 3.77 6.84 5.54 3.96 2.18 7.96 6.05 5.55 9.51 3.2 8.09 9.27 9.23 7.89 7.81 1.73 3.93 1.6 9.65 9.06 3.43 4.09 0.39 8.4 8.96 3.03 0.73 8.89 2.65 7.39 2.38 6.78 4.92 1.69 2.35 7.26 9.4 4.97 6.69 4.87 7.02 0.06 3.33 7.81 2.43 6.91 8.92 7.63 1.52 1.95 8.77 2.24 7.64 8.79 6.01 8.45 2.26 4.24 9.38 7.71 4.57 5.73 2.72 3.41 6.87 9.89 5.43
char 93 m r i n o i p k k t o t c j t k h f i p e h j p t m g s h o s n n g d s i c s i l a f f k o m c s k j g f c o p n r g h l f o i n d n k f s r d b d a n t c d g n e b q c q c s l g f f e
int 93 98 93 62 37 22 80 16 31 59 62 95 52 10 22 96 36 45 28 93 15 92 84 33 53 79 55 58 69 94 89 46 87 36 61 5 8 45 76 91 91 44 73 49 10 87 53 68 1 63 11 60 9 65 62 94 48 52 49 97 79 50 65 28 87 2 33 73 55 5 88 73 94 53 97 99 92 98 44 10 76 15 11 7 19 81 28 26 22 72 6 53 89 5
char 94 t i l e r d s k m n n h g a r t m p b g e f a g f r m m k s b q o e q b n q m l s s m q p f f j t e j b m e l j n o d a q b f r q h o o a n b b s s l s l m p s c d g q e b s r p r a o s d
int 95 63 71 47 6 4 47 20 9 37 68 91 31 8 51 99 52 5 35 73 65 49 63 39 97 25 70 29 85 21 43 97 48 59 46 62 98 74 86 73 1 29 27 27 72 32 52 18 65 40 1 23 70 68 33 53 61 75 10 4 62 21 7 42 86 80 61 87 30 98 11 81 74 20 45 34 15 85 6 49 70 24 8 76 70 19 13 92 87 1 29 1 15 94 12 40
int 96 55 94 47 73 75 78 11 53 79 54 11 55 36 9 91 42 64 9 83 14 25 24 59 67 68 53 72 94 36 45 35 45 36 1 71 91 6 74 57 99 1 88 4 17 15 52 21 17 95 53 21 92 25 72 15 44 35 68 32 46 5 95 73 32 64 98 43 50 31 16 86 32 88 7 94 83 8 60 97 84 9 78 17 77 28 91 40 47 56 31 34 20 24 64 91 92
bool 97 1 1 1 1 1 0 0 1 1 1 1 0 1 0 1 0 0 1 1 1 0 1 0 0 0 0 1 0 1 1 1 1 1 0 1 0 1 0 0 0 1 1 1 1 1 0 1 0 1 0 1 0 1 0 1 0 0 0 0 1 0 0 1 0 0 0 0 1 1 1 0 0 0 1 0 1 1 1 0 0 1 1 0 1 1 0 0 0 0 0 1 1 0 1 0 1 1
bool 99 0 0 0 0 0 0 0 1 1 0 0 0 0 1 1 1 0 0 1 0 1 1 1 1 0 0 0 0 0 0 0 0 0 1 0 0 0 1 1 1 0 1 1 0 1 1 1 0 1 1 1 1 0 0 0 1 1 1 1 1 0 1 1 1 0 1 1 1 1 0 1 0 1 1 1 1 1 0 0 1 0 1 1 0 0 1 0 1 0 0 1 0 0 0 0 1 0 0 1
int 100 41 77 91 68 45 61 18 16 89 82 67 41 93 88 59 89 16 53 78 38 1 24 51 20 80 43 16 26 95 49 57 37 20 12 47 41 47 74 26 84 36 69 97 96 60 18 60 9 55 53 48 85 96 28 87 43 74 12 50 87 33 27 18 37 79 82 24 80 11 60 95 71 39 14 91 49 24 92 18 11 60 88 67 39 57 31 92 50 13 92 33 22 2 79 97 54 95 12 96 32
char 101 p n s t c j f e f o f b a k t e h j t t p c s s h s d o l p e g f h d e l h k o t c j d q f l i s s o d p c p l i p e c i p c f j o p j d i a d k b i h f k n c i q e i a l a a m h m p m n t b d r e m b
bool 101 1 0 0 1 0 0 0 1 1 1 1 0 1 1 0 1 0 1 0 1 1 1 0 0 0 0 0 1 1 0 0 1 0 0 0 0 0 0 1 1 0 1 0 1 1 1 1 0 1 1 0 1 0 0 0 0 1 0 1 1 1 0 0 0 0 0 0 1 0 0 1 0 1 0 0 1 1 1 1 1 0 0 1 1 0 1 0 1 0 0 0 0 0 1 1 0 1 1 1 0 1
int 102 57 69 83 26 69 9 99 1 12 48 74 62 82 88 49 19 91 51 83 7 55 47 32 95 58 63 16 32 34 9 40 2 78 60 68 73 47 3 32 51 60 95 80 49 11 25 64 28 81 24 41 12 57 52 62 87 50 1 50 93 63 2 7 42 13 30 10 76 49 76 83 2 10 24 62 89 47 48 94 59 43 89 79 64 24 62 63 16 17 10 71 36 92 71 58 88 23 84 72 38 58 88
bool 103 0 1 1 0 1 1 1 0 0 1 1 0 0 0 0 0 0 0 0 1 0 1 1 0 1 1 1 0 0 0 0 0 1 1 1 0 0 0 0 0 0 1 0 1 0 1 0 0 0 1 1 1 0 1 0 1 0 0 1 0 1 1 1 1 0 1 1 0 0 0 1 1 0 0 0 1 1 0 0 0 1 0 1 1 0 1 0 0 1 0 1 1 0 1 1 0 1 1 1 0 0 0 1
int 104 83 11 68 47 77 76 18 86 49 53 46 69 54 65 49 88 14 58 3 37 82 17 71 26 77 40 79 85 48 18 83 56 20 11 31 72 18 43 80 27 14 91 7 82 32 34 88 2 93 56 2 74 7 6 89 11 80 60 81 4 19 68 3 29 80 17 43 74 34 83 35 73 35 65 78 57 48 74 16 18 92 70 3 32 67 11 9 82 83 42 94 97 90 79 50 15 16 43 20 21 33 51 47 72
bool 105 0 1 1 0 0 0 1 0 0 0 0 0 1 1 0 1 1 0 0 1 1 1 0 0 0 0 1 0 0 0 1 0 0 1 1 0 0 0 1 1 0 1 1 1 0 1 0 1 1 1 1 1 1 1 0 1 0 0 1 0 0 1 0 1 0 0 1 0 1 1 1 1 1 1 1 0 1 0 0 1 1 1 1 0 1 1 0 1 0 1 0 1 0 0 0 0 0 0 0 0 0 0 1 1 0
double 109 8.67 4.46 1.22 6.59 1.09 4.97 6.4 4.17 2 6.78 3.51 9.46 9.91 6.3 1.95 5.11 1.56 5.31 3.35 9.6 9.95 4.39 3.22 4.63 4.32 4.1 5.4 2.42 5.67 1.92 8.34 5.87 1.13 8.74 2.07 8.73 5.63 9.4 6.41 5.68 8.86 1.73 7.89 2.42 0.1 5.92 2.67 9.35 0.81 0.4 0.19 5.26 1.05 2.58 4.09 9.23 6.45 6.29 6.82 4.9 2.58 6.12 1.47 1.06 2.11 3.94 2.53 1.12 7.01 7.15 7.44 8.16 8.05 3.24 4.05 2.49 1.51 5.66 0.39 8.02 5.12 3.59 2.11 3.81 2.11 5.25 1.11 8.88 1.48 1.51 6.74 4.36 3.85 9.68 3.41 6.07 7.96 3.22 4.71 4.72 9.25 3.57 5.35 4.21 1.93 5.07 9.61 3.23 1.44
