bool 10 0 1 1 1 1 1 1 0 1 0
bool 10 0 0 1 1 0 0 0 0 1 0
int 11 88 46 48 21 27 46 74 97 30 17 44
char 12 s p n r q s g r l s o t
double 15 4.34 4.06 0.91 0.42 6.18 4.91 1.6 9.1 0.75 0.24 9.82 3.78 6.03 3.53 2.34
char 17 o p l m i s k h r j g k l m d m b
bool 17 0 1 0 0 0 0 0 1 0 1 0 1 1 0 1 1 1
char 18 t k n l b f n j q n b s l d a i h g
int 20 53 56 45 45 1 27 42 77 94 46 84 27 56 68 36 14 85 60 60 98
char 21 r j p j g g s f c s n t d d d t b o o p c
char 21 q d r s o q i m n a e e n n c t r j h l n
char 21 m l m n r r g f b t j h t k q f b h t r n
bool 22 1 0 0 0 1 0 0 1 1 1 1 0 0 0 1 0 1 0 1 1 1 0
int 22 81 22 90 43 82 82 46 57 42 48 55 59 1 16 22 50 26 37 84 27 43 39
double 23 1.99 1.05 5.2 3.64 1.45 4.89 4.7 8.44 1.13 7.92 6.3 1.69 8.97 6.01 3.87 7.93 2.51 5.27 2.94 2.13 1.62 9.82 6.09
double 23 8.06 3.49 4.16 7.86 3.19 3.68 1.35 2.18 9.31 4.45 0.29 3.85 8.27 9.44 4.94 4.23 9.08 9.19 0.7 2.48 9.29 4.75 1.68
bool 24 1 1 0 1 1 0 0 1 1 1 0 1 0 1 0 0 1 1 1 1 0 1 1 1
int 24 79 14 57 75 29 5 4 52 65 85 55 2 21 11 2 86 75 26 92 2 3 98 89 82
bool 28 1 0 1 1 0 1 1 0 1 1 1 0 1 0 0 0 0 0 1 1 0 0 0 1 0 1 1 1
char 28 q r q t n d q d p p t b n m e p q d a j r d f c b r c s
double 28 6.01 0.29 4.13 5.73 4.21 7.91 1.52 2.96 9 9.5 3.55 9.14 0.42 3.45 8.59 6.79 8.33 8.51 7.72 9.44 0.93 7.66 1.98 5.65 1.33 2.56 5.45 6.85
bool 30 0 1 0 1 0 0 1 0 1 1 1 0 1 1 0 0 0 0 1 1 0 0 1 0 0 1 1 1 1 1
char 32 n d c b r l m e p l n t r t t j a p p n o f c i b h h d e k s k
bool 34 1 1 1 1 1 1 0 0 1 0 0 0 1 1 1 0 1 0 0 0 0 0 0 1 1 0 1 1 1 0 0 0 0 0
bool 35 0 0 1 1 1 0 1 0 0 0 0 1 0 1 1 1 0 1 0 1 1 1 0 1 1 1 1 0 0 1 0 0 1 0 0
bool 36 0 0 1 0 1 1 0 1 0 0 1 1 1 0 1 1 0 1 1 1 0 0 1 1 0 1 0 0 1 1 1 1 1 1 0 0
bool 37 0 1 1 1 0 0 0 0 0 0 0 0 0 0 0 0 1 1 1 0 0 0 1 1 0 1 0 0 1 1 1 0 0 1 1 0 0
char 38 q g c t j e t e a s a p r d i d l i j m l i r f h g l g g s i t t q r t n m
char 38 p a l j n r q o a i j m k p d d t q o b r c s f s k f j t q s r p j h l r q
int 39 2 72 18 73 49 53 47 72 74 8 28 6 17 10 67 94 82 38 94 76 98 10 90 60 62 39 85 59 70 18 4 55 25 63 64 76 41 28 29
bool 39 0 1 0 1 0 0 0 0 1 0 0 0 1 1 1 0 0 0 0 0 1 0 0 0 1 1 1 1 1 1 1 1 0 0 1 1 0 1 0
int 41 4 56 30 74 20 88 90 4 70 99 92 46 10 38 31 98 75 48 81 48 72 52 70 58 78 24 54 39 79 93 62 5 73 46 24 33 24 64 34 16 29
double 41 3.34 3.63 1.99 1.41 3.84 4.19 9.71 0.77 8.28 0.84 7.75 7.02 0.79 0.4 4.77 2.44 9.58 4.51 2.48 6.77 0.19 3.96 6.43 3.81 5.27 5.83 0.92 9.68 3.51 7.31 5.29 5.92 8.13 1.46 2.33 1.9 4.99 8.99 1.54 8.59 1.51
double 43 3.76 6.93 5.11 1.1 1.42 5.78 4.45 6.9 0.92 3.76 3.84 0.95 0.7 2.23 9.24 6.08 9.84 0.06 6.3 0.94 0.96 2.16 8.57 4.98 4.68 1.45 8.31 2.52 6.26 4.53 7.95 4.79 9.47 5.8 0.16 6.8 9.61 8.55 3.78 8.95 8.99 8.57 9.99
double 46 7.9 8.02 9.18 3.62 2.34 5.28 2.91 8.04 8.86 6.7 8.19 2.21 6 0.51 0.03 9.48 0.33 7.04 8.9 3.85 6.24 3.01 8.13 2.42 6.71 2.82 7.86 5.7 5.75 2.89 7.22 2.66 1.09 7.5 2.69 7.61 6.54 7.23 6.01 7.87 2.25 3.97 6.25 5.56 4.25 7.62
char 46 n j j r b h i b a h m s t e e l n l t o j l f a m b i a t a s q d d q f j m a s t f n g g l
int 47 31 79 61 38 64 65 51 7 56 45 65 26 98 47 53 24 7 38 18 26 51 98 78 7 71 81 21 3 67 18 58 44 44 38 26 78 97 47 49 79 73 72 11 9 2 48 84
bool 47 1 0 1 1 0 1 1 0 0 0 1 1 0 1 0 1 0 0 0 0 1 0 1 1 1 1 0 1 0 0 1 1 1 0 0 1 0 1 1 1 0 1 0 1 1 0 1
int 47 9 86 49 9 99 21 47 79 81 62 79 50 35 9 40 57 74 70 68 51 33 55 18 56 7 47 94 86 78 22 99 57 92 76 94 95 30 9 63 14 45 14 98 43 83 86 35
double 48 5.43 5.6 0.84 9.31 8.71 2.32 9.91 9.03 8.39 0.55 5.83 2.1 4.08 6.91 5.87 5.3 6.19 3.75 8.26 2 4.6 8.87 8.24 2.45 0.15 1.58 6.49 7.41 8.25 9.39 9.25 2.79 1.09 4.22 5.11 6.12 5.85 1.49 7.05 0.86 9.5 6.18 5.03 2.72 2.57 1.49 8.69 6.35
double 48 7.55 7.24 0.77 1.35 2.16 0.07 9.92 8.59 9.35 9.32 7.71 2.28 6.99 0.56 7.51 5.07 2.21 8.73 1.37 6.22 6.95 3.99 4.3 1.54 2.97 7 9.41 1.93 3.97 6.12 0.42 8.12 1.28 8.83 8.94 1.11 5.67 4.14 7.62 9.17 8.36 6.91 5.72 3.97 5.46 3.02 8.14 3.96
bool 48 1 0 1 1 1 0 1 0 0 0 1 0 0 1 1 0 0 1 1 1 1 0 1 1 0 1 0 0 1 0 0 1 0 0 0 1 1 0 0 1 1 1 1 0 0 0 0 0
bool 50 1 0 0 1 0 1 1 1 0 0 0 0 0 1 0 0 1 1 0 1 0 0 0 1 0 1 1 0 1 1 0 1 0 0 0 1 1 0 1 0 1 1 1 1 0 1 1 0 0 0
double 52 7.7 9.82 7.17 3.94 5.6 2.24 8.76 2.7 7.51 7.55 5.53 7.72 9.41 2.24 0.25 8.19 1.52 9.52 3.43 1.62 8.72 9.75 8.83 9.89 4.16 9.76 1.37 4.98 3.51 4.56 4.71 4.14 4 4.08 8.26 3.52 4.19 2.38 3.93 8.85 0.4 6.69 2.09 6.43 0.67 7.09 7.38 7.39 6.54 6.69 3.35 1.61
int 54 12 38 86 63 2 96 80 43 73 52 99 36 37 87 24 35 79 3 91 14 1 17 33 4 85 71 34 35 69 27 55 78 4 6 61 37 17 43 84 26 7 59 78 41 7 23 44 88 13 63 76 99 26 50
int 55 54 35 42 38 75 56 59 25 30 38 10 85 31 53 32 51 73 10 5 57 94 52 89 68 21 70 20 56 93 51 16 81 27 59 32 80 78 84 2 36 97 98 78 67 83 83 87 33 91 63 53 28 64 41 69
int 56 63 86 71 17 38 94 5 95 87 66 43 49 10 53 2 70 56 20 43 32 89 30 7 21 11 32 34 70 20 90 41 46 99 31 10 56 41 53 31 88 33 31 74 2 27 7 68 62 20 65 93 47 33 56 56 56
int 57 28 82 87 25 39 60 94 78 98 11 21 85 87 62 9 48 98 52 99 36 29 25 82 38 41 26 67 54 82 55 82 60 87 99 53 56 55 12 37 50 99 33 38 32 65 14 85 33 60 39 99 86 22 26 53 86 46
bool 58 0 0 0 0 1 1 1 0 1 0 0 1 0 0 1 1 1 0 1 0 1 1 0 1 1 1 1 0 0 1 1 0 0 1 0 1 0 1 1 0 1 1 0 0 0 1 0 0 0 1 0 0 1 0 0 0 1 0
bool 60 1 1 0 1 1 0 0 1 0 1 1 1 1 1 0 1 0 0 0 1 1 1 0 0 1 0 0 0 1 1 1 1 0 0 1 0 1 1 1 1 1 1 1 1 0 1 0 0 1 0 1 0 0 0 1 1 1 1 1 1
char 61 f g e s i g o p g p i h k a a f c l q p k p j i p q m i s c c m i p l d f h k r a h l d o r p i a t h i q e b a p f r f l
double 61 1.12 6.58 4.87 1.23 8.85 8.65 6.01 2.6 9.75 8.13 7.08 0.96 9.12 8.26 8.35 3.1 2.46 9.39 4.05 2.35 2.53 6.89 7.85 8.04 1.14 2.52 4.89 9.76 7.36 6.01 8.74 6.8 2.75 6.52 0.93 7.53 6.55 0.49 6.03 4.1 3.31 8.89 0.32 8.15 5.08 9.95 6.04 3.72 1.71 5.33 8.76 8 4.18 9.95 7.67 3.64 1.1 2.5 2.42 4.13 3.24
char 62 k c k r a g g o i m k t h s k g e o g f d l e j s e p o t q i j k e f o s j i b c q i g r a i j j t f h b p n n t s f s r e
bool 63 0 1 1 0 0 1 0 1 1 0 1 0 1 0 0 1 0 1 1 1 1 1 1 1 0 1 0 1 0 1 0 0 0 1 0 1 0 1 1 0 0 0 0 0 1 0 1 0 1 1 0 0 1 0 0 1 1 0 1 1 1 1 0
double 63 8.32 6.49 5.16 2.69 0.42 9.62 0.68 5.36 7.11 5.85 0.49 1.53 2.95 9.02 8.01 4.37 6.24 8.44 6.02 7.64 8.32 4.99 7.73 4.3 0.95 7.18 7.22 3.76 2.31 1.7 7.7 7.59 2.91 4.93 9.92 1.33 8.95 3.87 2.21 0.65 7.17 9.16 5.17 2.12 9.81 7.62 5.74 1.5 4.23 6.1 6.38 4.97 3.35 2.81 5.69 1.18 3.54 0.5 6.2 0.91 6.95 5.8 9.52
bool 64 0 0 0 0 0 1 1 0 0 0 0 0 1 1 0 1 0 0 0 0 1 0 1 0 1 0 0 1 1 1 1 1 0 1 0 0 0 1 0 0 1 0 1 0 0 0 1 1 1 1 0 1 0 0 1 1 1 1 0 0 1 1 0 1
bool 64 0 1 0 1 0 0 0 0 1 1 0 1 0 1 1 0 1 0 0 1 1 0 1 1 1 0 0 0 0 1 1 1 0 0 0 0 1 0 1 0 1 0 0 0 0 0 0 0 1 1 0 0 1 0 1 0 1 1 1 1 1 1 1 1
int 65 11 9 72 1 10 3 31 1 25 72 83 91 26 93 76 58 71 25 71 6 79 27 98 93 97 81 8 16 98 72 97 84 53 43 90 87 23 69 89 52 19 45 22 21 7 64 71 37 30 90 8 1 74 38 30 5 51 50 61 5 6 88 19 18 6
double 65 4.75 3.86 8.96 3.35 7.41 2.94 7.33 9.1 6.91 7 0.64 5.22 3.46 6.79 8.32 7.07 6.9 2.33 8.26 5.99 2.05 1.66 6.44 2.43 3.56 7.4 3.24 4.42 8.58 0.93 4.34 6.58 5.23 4.67 7.16 1.37 9.53 5.83 7.33 3.59 0.75 1.83 1.18 0.16 9.39 3.84 1.56 0.68 1.13 9.92 7.85 8.67 0.84 5.12 5.18 1.32 2.62 4.36 5.33 0.75 2.84 3.89 8.54 0.56 8.89
double 66 7.6 9.39 6.87 8.64 8.62 7.67 0.18 5.51 3.77 1.14 9.43 0.52 8.13 6.13 5.64 9.7 6.44 0.45 0.12 5.14 6.37 5.82 2.55 5.52 0.73 9.41 3.46 3.66 3.39 5.23 2.84 9.09 4.86 2.21 6.09 6.08 2.57 0.42 6.07 5.87 0.39 8.47 8.96 4.67 7.06 3.36 1.56 5.65 3.14 9.21 7.27 4.96 3.65 4.05 6.13 2.22 3.58 7.42 4.67 7.84 3.84 2.77 7.46 6.83 6.93 4.18
bool 66 1 1 1 0 0 1 1 0 1 0 0 0 1 1 1 1 0 1 0 0 1 0 1 0 1 1 1 0 1 1 1 1 0 1 0 1 1 1 1 1 0 0 0 0 0 1 0 1 0 0 0 1 1 1 1 1 0 0 0 0 1 1 1 0 1 0
double 66 7.16 5.22 7.77 8.82 2.14 2.65 0.57 3.59 3.63 8.67 8.29 7.52 7.39 5.86 5.74 8.61 8.88 2.65 3.01 9.11 6.78 5.64 4.74 3.77 9.99 3.92 4.8 6.27 4.6 5.65 4.46 8.14 1.15 1.31 5.23 0.14 9.5 6.46 6.44 1.61 7.76 4.28 5.6 8.66 7.9 6.86 2.8 7.15 7.5 2.93 9.25 2.19 6.32 0.61 8.62 9.66 1.29 3.72 8.98 8.29 5.17 7.65 9.82 4.58 0.99 3.02
bool 66 0 0 0 1 1 0 0 0 1 1 1 0 1 0 1 0 1 1 0 1 0 1 1 1 1 1 1 1 0 0 1 1 1 0 1 1 0 1 1 0 1 0 0 1 0 0 0 0 1 1 0 0 1 0 0 1 1 1 1 1 1 0 0 1 1 0
double 67 5.25 3.39 3.61 7.66 2.57 4.82 7.41 0.68 9.59 6.36 8.05 1.24 2.19 9.77 4.38 1.72 2.39 4.05 9 1.54 8.1 2.27 9.67 7.44 2.17 1.45 0.89 2.66 4.87 9.95 0.57 3.21 7.91 3.45 5.36 2.98 7.52 3.79 4.51 3.47 0.62 4.85 2.5 8.42 7.03 0.11 6.54 5.45 9.03 7.53 4.83 0.63 1.36 0.9 4.82 5.5 3.78 1.03 2.65 2.13 6.31 9.31 4 3.49 3.49 1.57 5.1
bool 67 0 0 0 1 1 1 1 1 1 0 0 0 1 1 1 0 0 0 0 1 0 0 0 0 1 0 0 1 0 1 1 1 1 1 1 1 0 1 1 0 1 0 0 1 1 0 0 0 1 0 0 1 0 0 1 1 0 0 1 0 1 1 1 1 0 1 1
bool 68 0 1 1 0 0 0 0 0 0 0 0 0 0 1 0 0 0 0 1 1 0 0 1 0 1 0 1 0 1 1 1 1 1 1 1 0 0 0 0 0 0 0 1 1 1 0 0 1 1 0 0 0 0 1 1 0 0 1 1 1 1 0 0 1 1 0 1 1
double 70 5.64 9.87 2.01 0.56 5.35 1.55 8.86 2.28 9.06 4.05 6.13 5.08 2.81 3.43 8.85 3.72 9.24 0.76 2.09 3.86 1.09 7.4 8.01 3.96 2.29 4.83 6.56 1.12 2.85 3.45 1.89 7.56 8.41 3.38 8.39 6.53 8.79 6.1 2.75 4.76 4.65 7.9 9.96 6.29 1.34 5.9 6.8 9.72 1.83 9.61 4.13 1.38 1.18 9.25 9.49 9.22 5.58 8.12 4.02 2.86 8.5 7 8.91 6.84 1.71 2.88 6.04 8.88 0.18 9.17
bool 71 1 1 1 1 1 0 0 1 1 0 1 1 0 0 1 0 0 0 0 0 0 1 1 1 0 1 0 0 0 0 0 1 1 0 1 1 1 0 1 0 1 1 1 1 0 0 0 1 1 0 0 0 1 1 1 0 0 0 1 0 0 0 0 1 0 1 0 1 1 1 0
int 74 16 89 16 78 74 6 72 73 17 72 44 8 87 71 90 20 23 11 83 19 19 55 70 66 22 74 24 84 45 66 87 68 47 70 24 79 11 60 75 84 59 87 54 8 84 88 27 31 61 36 18 44 46 99 99 62 74 16 38 47 29 94 83 28 93 92 23 33 93 53 3 16 51 83
bool 76 0 1 0 1 0 0 1 0 0 0 1 0 1 1 0 0 1 0 0 1 1 0 0 0 0 0 1 0 1 0 1 1 0 1 0 1 1 0 0 1 1 0 1 0 1 1 1 0 0 0 1 0 1 0 1 1 1 0 0 1 0 0 1 0 1 0 0 1 1 0 0 0 0 1 0 1
double 77 9.71 8.68 7.01 5.81 6.41 4.44 5.85 4.13 0.02 1.42 1.62 8.53 2.44 6.21 5.24 3.12 9.3 2.58 1.6 1.71 1.05 0.31 0.09 7.32 9.02 1.52 2.5 9.16 1.47 8.37 6.41 5.51 8.41 6.25 8.13 9.73 5.87 4.24 0.81 6.46 6.94 9.01 8.71 4.35 2.23 5.82 5.27 2.18 7.81 2.22 4.45 7.54 0.51 7.91 0.83 9.36 7.48 3.54 6.5 5.5 9.52 3.05 8.72 2.89 7.03 9.1 7.68 7.06 9.51 6.37 3.07 9.79 8.63 8.32 7.47 8.17 2.12
int 77 42 73 48 4 80 92 8 59 25 1 77 60 87 30 97 67 27 26 18 91 76 88 68 97 31 89 68 14 10 12 53 11 10 93 15 13 35 67 50 62 88 26 71 46 59 81 73 10 55 34 77 90 11 88 97 6 90 37 66 74 32 39 18 77 19 34 98 28 81 7 60 21 32 83 67 31 3
double 78 3.13 6.43 3.59 4.04 8.43 2.86 4.86 6.32 9.01 2.35 1.49 2.54 1 0.37 1.27 5.82 5.96 7.43 2.48 8.51 8.85 4.31 0.17 6.92 1.48 6.45 3.21 3.77 3.15 9.25 2.35 7.22 0.89 5.83 7.15 2.88 1.71 1.13 9.55 8.63 1.28 2.09 1.7 9.67 9.93 1.02 9.23 2.66 1.77 0.77 1.62 1.06 7.79 0.05 1.05 1.82 7.78 8.17 0.34 0.31 4.88 4.69 6.65 3.17 5.91 5.69 0.99 3.01 7.76 7.14 8.21 6.09 3.16 6.25 4.4 2.17 2.74 1.94
char 78 m f r a q f g g s i b o r o j d l o l e o d q p i p a b g q b a l b b h s l l f k h o n a d t a b m n l j i a e h m e b m d j s f a p t o t g g c t k j j q
char 79 i p k t c t a a k d d c s n g e q c p b j m t j s b p h a q o i s j t m n a d o o q t b f a n h h g l r e t e d t b e o l c m g e b q o a d d e q t h e n n n
char 79 p i c r g e p o h o q c e j l a o m q o f d r k k b e p m a g s i b r k p m t j m t i h o j j k t m n p n i r p e f n r b s i l l d f g d m a b i j i d p r d
char 80 o t s d o e l o h r t h l g p p e r t i e c l g r f h h e c m f d a d b j h d p a j b f k d g k b g a n p d o q i q r r k c g g b m f q a g d n b b f k g k j p
double 81 2.95 1.73 2.52 9.93 4.26 4.3 8.41 8.01 3.65 5.79 6.65 4.39 3.24 6.49 7.47 4.68 2.15 6 9.39 8.12 9.81 0.59 7.13 5.4 5.93 7.27 6.12 2.53 4.5 1.18 1.63 4.37 4.8 4.43 1.1 4.05 7.19 8.54 1.01 7.55 5.83 4.06 8.57 5.32 6.69 8.43 4.96 5.69 3.6 3.92 8.12 2.25 9.84 8.31 1 0.57 0.45 5.63 8.55 0.89 6.91 2.02 1.58 6.55 2.03 3.41 0.95 1.79 2.55 2.6 4.46 7.99 2.43 3.67 2.69 5.71 0.27 9 6.61 1.49 2.92
double 82 9.53 9.88 4.71 2.71 3.45 9.95 9.99 3.14 9.09 2.16 4.6 8.26 7.08 4.66 9.33 4.34 6.22 6.92 2.75 5.38 0.82 8.95 6.2 4.19 2.81 0.79 0.46 8.79 1.68 1.16 5.04 0.32 7.96 8.29 5.31 8.15 7.09 8.82 7.37 6.92 7.31 2.86 6.84 6.02 3.94 7.6 7.51 8.24 3.39 4.64 8.63 0.87 2.74 1.18 1.44 8.7 1 7.38 1.5 0.16 1.23 6.24 4.26 3.82 0.8 0.23 9.12 8.05 4.02 7.22 1.01 0.13 5.13 0.14 8.01 4.14 5.37 3.63 2.48 4.97 0.89 6.32
bool 83 1 0 1 0 1 1 0 0 1 1 0 0 0 1 0 0 1 0 0 0 0 1 1 0 1 1 1 1 0 0 1 0 0 1 0 0 0 1 0 1 0 1 0 1 0 0 1 1 0 0 0 1 0 0 1 1 0 0 1 0 0 0 1 0 0 1 1 0 1 0 0 0 1 1 1 1 0 1 1 0 1 1 0
bool 86 0 0 0 1 0 1 0 1 1 1 1 1 1 0 0 0 0 0 1 0 1 1 1 1 0 0 1 0 1 1 0 0 1 1 1 0 1 1 0 0 0 0 1 0 1 0 1 0 1 0 0 1 0 1 1 1 1 0 0 0 1 1 1 0 1 1 0 0 1 1 1 1 1 0 0 0 1 0 0 0 1 1 1 1 1 1
bool 88 0 1 1 1 0 1 0 0 0 1 0 0 1 0 0 1 1 0 0 1 1 1 0 0 0 1 1 1 0 1 0 1 1 0 0 0 1 1 0 0 0 0 1 0 1 0 0 1 1 1 0 0 1 1 1 1 0 1 1 0 0 1 1 1 1 0 1 1 0 0 1 1 1 1 1 1 0 0 1 1 0 0 1 1 1 1 0 0
char 90 s m d b j a c r e a d t b d b f g m f k g t c l i m c m t e g k g j h f t f p c p m m h i m f l q l d n o a j m j n b t g k a f f d e c i f g i g d m i p f l e b m m b j m e k s d
double 91 9.7 1.77 3.59 8.57 5.33 1.69 1.89 1.34 8.99 9.45 3.2 1.47 8.3 6.9 9.81 1.19 0.58 6.63 6.63 1.36 2.37 9.38 3.88 0.93 2.92 5.94 6.31 6.68 7.63 1.77 6.12 9.54 7.59 3.28 6.72 1 8.95 6.27 2.44 6.56 3.32 9.92 7.04 8.47 0.24 0.52 5.19 7.64 0.32 8.4 6.67 5.95 3.48 4.31 9.69 7.9 8.79 9.59 0.99 8.49 9.02 5.02 2.72 5.91 3.57 6.04 6.86 8 7.15 9.9 3.02 1.4 3.22 6.75 8.32 9.79 5.94 4.71 4.88 9.3 2 9.18 2.93 5.27 3.02 8.61 9.56 4.82 0.16 1.15 6.23
bool 91 1 1 1 0 0 1 0 1 1 0 0 0 1 1 1 0 0 1 1 1 1 0 1 1 1 1 0 0 1 0 1 1 1 1 1 1 1 0 0 1 1 0 1 0 0 1 1 1 1 0 1 0 0 0 1 1 0 0 1 0 1 1 1 0 1 0 0 0 0 0 0 1 1 0 0 0 1 1 0 0 1 1 1 1 1 1 1 1 0 1 1
char 93 c j p o c s j s r r b t c k a q e i j t k d j m j i q m f s p k r h c f m c s f t o h h t k a d o t t f n s g a b e o f j g j t o q p f e h r r m g d t s t c o o q t q q e h s d g h s a
bool 95 1 1 1 0 1 0 1 0 0 1 0 0 1 0 0 1 0 1 1 1 1 0 0 1 1 0 1 1 1 1 0 1 0 0 0 0 0 0 1 1 0 1 1 0 1 0 1 0 1 0 0 0 1 1 0 0 1 0 1 0 1 0 1 0 0 1 1 0 1 1 0 1 0 1 1 1 0 0 1 0 1 1 0 0 0 1 1 1 0 1 0 1 0 1 0
int 96 55 94 47 73 75 78 11 53 79 54 11 55 36 9 91 42 64 9 83 14 25 24 59 67 68 53 72 94 36 45 35 45 36 1 71 91 6 74 57 99 1 88 4 17 15 52 21 17 95 53 21 92 25 72 15 44 35 68 32 46 5 95 73 32 64 98 43 50 31 16 86 32 88 7 94 83 8 60 97 84 9 78 17 77 28 91 40 47 56 31 34 20 24 64 91 92
char 97 c m m o r f b s a b n o p q q q e b k p a o s g k s b j m d q p l j q l t r m o n b g k f j p h e t h r p i g t b c g i n q b c e n s l a l b o m g g f r r k d g f h l o q q h j m l q a h o c m
bool 97 1 1 1 0 1 0 1 1 1 1 1 1 1 1 0 1 0 1 0 1 0 1 0 0 0 0 1 0 1 0 1 1 1 1 0 0 0 0 1 0 1 0 0 0 0 0 1 0 0 0 1 0 1 0 0 0 1 0 1 0 0 0 0 1 0 0 1 1 0 1 1 0 1 0 1 1 1 0 0 1 1 0 0 1 1 1 0 1 1 1 1 1 1 0 0 1 0
int 98 24 69 22 5 56 33 61 16 84 12 9 34 42 76 54 16 93 91 3 93 77 27 47 98 47 71 96 76 66 34 75 67 20 81 96 12 21 82 27 38 98 39 33 32 95 51 61 21 11 40 89 41 50 64 82 33 11 43 18 43 37 15 33 87 21 1 41 85 74 31 9 45 5 86 39 62 42 35 93 56 35 63 42 52 31 99 55 93 10 59 61 86 61 81 6 93 76 52
int 98 31 87 96 1 64 92 75 83 37 79 47 54 2 22 3 22 57 58 36 1 41 61 67 53 55 90 43 83 34 16 63 58 20 70 18 41 51 6 91 11 71 40 52 86 98 23 2 60 66 17 24 37 88 40 24 66 34 79 46 89 5 49 65 52 12 5 61 62 77 89 34 38 23 7 34 29 34 35 22 17 93 14 17 92 75 56 47 65 81 17 73 45 83 35 15 5 87 80
char 98 c m o d k g s o a f q b a d r i m b t i d b h h s k a p p d k t f k r r q f n t a f c k k k s c i r m o e e f o l n s j g a d q c h s n q b c g h f f h f i d i d e t c i a k e g q l q i b j l b t
bool 98 0 1 0 1 1 0 0 0 0 0 1 1 1 0 0 1 0 1 0 0 0 0 0 0 1 1 1 1 0 1 0 0 1 1 1 0 0 0 0 1 0 0 0 1 0 1 1 1 1 1 1 1 0 1 1 1 1 0 1 1 1 0 0 1 1 1 1 1 0 0 1 1 1 1 1 0 0 0 0 0 0 0 0 1 0 1 0 1 1 1 1 1 1 0 1 1 1 1
bool 101 1 0 0 1 0 0 0 1 1 1 1 0 1 1 0 1 0 1 0 1 1 1 0 0 0 0 0 1 1 0 0 1 0 0 0 0 0 0 1 1 0 1 0 1 1 1 1 0 1 1 0 1 0 0 0 0 1 0 1 1 1 0 0 0 0 0 0 1 0 0 1 0 1 0 0 1 1 1 1 1 0 0 1 1 0 1 0 1 0 0 0 0 0 1 1 0 1 1 1 0 1
double 104 4.71 6.87 5.91 7.5 0.54 3.98 9.74 2.14 6.83 4.79 9.63 4.02 6.31 7.63 7.88 8.83 6.73 5.08 3.9 6.82 5.71 3.24 7.01 5.08 2.24 4.73 1.59 2.07 9.88 7.18 3.69 9.66 5.65 4.8 3.58 9.27 8.07 8.55 4.88 3.01 7.07 7.1 8.88 0.24 1.19 0.72 1.06 7.79 6.74 0.78 9.98 7.47 1.41 9.23 6.53 1.4 0.36 0.91 0.09 1.45 8.15 7.24 8.59 1.22 5.65 0.54 5.77 7.16 1.57 1.31 9.6 8.87 4.8 0.13 0.32 8.83 3.98 7.17 3.4 7.19 6.61 2.83 1.38 1.76 1.52 7.36 9.29 6.33 2.79 9.54 6.36 8.41 5.04 0.82 7.82 5.88 2.19 2.95 4.4 1.81 1.33 9.09 6.03 2.93
char 106 r o f m k q j h h f f f n e b a f l c c i n j j g l a r i j j m f c r r p c p q d b t t m m q a o f d a e g g p l a s p d a q r p g g t a h f e n j n f b d j h s n r d e c q n a b j m j m k d a p n r n k d g f e
char 108 p a a i o a p j k t l f l g c g b f l a l b q r k p l h m n r c a l g d f t r o s b m e a j t h t a g p m s m n m k d m e h e o p r p t d c q j q f j o o g d l g l h g l n e q n p p c t t a p h a i i q o a a h d c s
bool 109 1 1 1 0 0 1 0 1 0 0 0 0 0 1 1 1 0 0 0 0 1 1 1 1 0 1 0 0 0 0 1 0 1 1 1 0 1 0 0 0 0 1 1 0 1 1 1 0 0 0 0 0 0 0 0 0 1 0 0 0 0 0 1 1 1 1 1 0 0 1 0 0 0 0 1 1 1 0 0 0 0 1 0 1 0 0 0 1 1 0 1 0 0 1 1 0 1 1 1 1 1 0 0 0 1 0 1 1 1
int 109 76 59 16 76 9 98 91 40 42 11 39 45 9 79 34 17 58 7 97 87 48 8 40 14 80 42 64 43 71 24 77 47 39 92 14 17 66 84 97 38 13 63 65 72 85 12 76 40 52 60 72 53 14 5 20 9 7 17 7 57 45 89 9 79 12 16 8 43 5 85 61 39 99 44 76 19 84 21 38 68 99 38 14 27 91 91 73 84 87 85 4 93 23 97 52 58 25 5 69 81 38 7 34 93 64 96 56 90 85
