char 10 (e i) (p p) (f o) (c l) (t m) (e p) (s q) (m p) (l n) (j r)
double 11 (0.09 7.27) (3.91 3.54) (5.41 4.04) (3.45 4.03) (1.06 2.64) (5.37 8.4) (4.36 8.52) (2.81 1.5) (7.84 0.43) (7.3 7.05) (8.91 6.35)
int 12 (8 81) (96 73) (2 35) (18 81) (40 48) (65 75) (84 39) (50 24) (59 73) (96 47) (57 49) (71 17)
double 13 (5.48 5.12) (9.76 6.83) (8.01 8.76) (3.56 2.36) (7.8 0.15) (7.37 9.08) (9.96 3.33) (5.76 8.6) (4.73 9.99) (9.71 0.01) (9.97 3.5) (0.85 1.17) (8.09 8.65)
double 13 (5.18 2.33) (5.31 3.5) (3.31 7.93) (0.47 0.88) (8.16 1.32) (2.48 0.39) (8.78 4.35) (8.58 0.29) (9.31 8.49) (4.34 4.06) (0.91 0.42) (6.18 4.91) (1.6 9.1)
double 13 (1.32 1.21) (9.52 3.94) (0.63 2.81) (8.62 0.65) (7.88 9.09) (7.32 9.58) (4.37 0.63) (1.78 6.07) (9.92 7.32) (3.32 1.49) (1.62 9.21) (3.04 3.92) (6.33 5.64)
int 14 (20 97) (72 11) (17 96) (95 29) (64 83) (67 85) (19 43) (33 4) (1 35) (19 56) (43 87) (1 54) (78 82) (56 23)
bool 14 (0 1) (1 0) (0 0) (0 1) (0 0) (1 0) (1 1) (1 0) (0 1) (1 1) (0 1) (1 0) (1 0) (0 0)
char 15 (b l) (s r) (g b) (s i) (d p) (g i) (i t) (t d) (r m) (n s) (n p) (l p) (e c) (m t) (l p)
int 16 (14 62) (75 3) (48 67) (66 11) (6 47) (53 34) (13 56) (14 70) (31 9) (12 59) (56 59) (65 12) (20 90) (26 15) (78 50) (93 96)
char 23 (j t) (e i) (h a) (q o) (c n) (i b) (e a) (q k) (c e) (b t) (m b) (k d) (j o) (t i) (f f) (c l) (s h) (c p) (b c) (q n) (k a) (b p) (m d)
char 23 (m q) (o g) (o e) (h d) (m q) (d i) (k q) (q n) (a r) (r s) (f o) (s k) (n h) (l l) (g i) (c g) (l i) (s n) (f p) (c c) (k s) (e k) (e j)
int 24 (68 49) (54 54) (24 21) (9 85) (79 38) (43 82) (41 24) (40 13) (79 80) (94 3) (93 10) (80 17) (29 54) (25 61) (67 16) (75 64) (39 3) (80 90) (32 94) (75 49) (26 80) (28 18) (29 9) (39 52)
bool 24 (0 0) (1 0) (0 1) (1 1) (0 1) (0 1) (1 0) (0 0) (0 0) (0 0) (1 1) (0 0) (1 0) (0 1) (0 0) (1 0) (1 0) (1 0) (1 0) (0 0) (0 0) (0 1) (0 1) (1 0)
double 25 (5.81 5.41) (6.36 3.83) (5.56 8.14) (7.32 1.69) (8.31 3.32) (1.54 7.16) (8.6 8.15) (7.87 5.16) (9.01 8.07) (4.76 9.84) (9.81 2.74) (7.66 8.04) (5.12 2.98) (4.04 4.5) (7.18 4.45) (6.85 0.86) (8.07 8.61) (5.84 3.5) (4.58 8.98) (4.3 7.8) (9.25 8.02) (5.66 9.97) (0.73 9.31) (0.72 0.5) (2.31 7.62)
bool 26 (0 0) (0 1) (1 0) (1 1) (1 1) (1 1) (1 1) (0 0) (0 1) (1 1) (0 0) (1 1) (1 1) (0 0) (0 1) (1 1) (1 1) (0 1) (0 0) (1 0) (0 1) (0 0) (0 1) (1 1) (0 1) (1 1)
bool 27 (1 1) (1 0) (0 0) (0 1) (0 1) (0 1) (1 1) (1 1) (0 0) (1 0) (0 1) (0 0) (1 1) (1 1) (1 1) (1 0) (0 0) (0 0) (0 1) (0 1) (1 1) (1 0) (1 0) (0 0) (0 0) (1 0) (1 1)
char 28 (f p) (h k) (s j) (p m) (k h) (m i) (p g) (l q) (s b) (d r) (q a) (a r) (h t) (q i) (t l) (f o) (q l) (d j) (e d) (s g) (i q) (g c) (t j) (e t) (e a) (s a) (p r) (d i)
char 28 (a b) (t m) (a k) (f b) (s q) (n h) (c d) (i s) (q a) (j b) (d b) (i t) (o n) (h f) (l l) (j s) (m o) (n k) (e r) (h m) (o q) (g o) (i n) (o s) (g l) (s h) (o k) (f b)
int 29 (74 96) (53 62) (81 79) (52 68) (3 46) (29 89) (6 1) (64 66) (83 62) (96 56) (17 47) (13 15) (65 82) (15 46) (4 89) (4 60) (69 42) (82 59) (88 14) (92 6) (9 21) (51 67) (94 33) (69 30) (96 87) (66 39) (75 17) (9 30) (37 21)
int 30 (72 66) (80 25) (18 30) (63 72) (70 60) (63 68) (83 90) (26 54) (60 4) (44 70) (42 25) (36 45) (33 5) (31 64) (97 5) (47 53) (30 4) (21 81) (76 49) (79 80) (16 44) (8 10) (11 4) (56 30) (74 20) (88 90) (4 70) (99 92) (46 10) (38 31)
char 35 (i r) (n s) (c a) (m s) (k b) (g d) (t i) (d b) (j i) (j s) (j d) (o a) (c h) (g h) (i p) (j g) (q r) (l o) (d f) (d i) (s n) (g s) (s n) (j o) (m b) (p h) (o b) (i l) (r j) (i o) (d n) (q j) (o l) (b t) (b j)
double 35 (0.65 2.08) (8.96 3.6) (3.49 3.24) (6.29 3.36) (0.76 4.86) (0.42 2.89) (0.38 5.22) (9.57 4.94) (0.94 7.18) (2.18 4.09) (7.37 4.39) (0.21 3.21) (5.55 9.71) (5.55 7.86) (5.67 9.84) (5.74 2.07) (2.96 0.49) (8.7 5.49) (8.88 2.69) (8.33 9.48) (4.36 9.54) (0.46 3.81) (2.44 9.76) (7.49 1.6) (9.14 3.33) (6.46 2.03) (9.86 9.44) (3.24 3.64) (7.14 6.78) (5.77 2.27) (4.58 4.82) (7.83 4.46) (0.37 1.27) (8.43 1.25) (0.29 4.43)
int 36 (3 97) (24 44) (39 8) (71 27) (38 65) (3 68) (94 14) (22 48) (94 10) (26 33) (76 42) (28 18) (96 50) (62 59) (36 76) (39 89) (60 28) (29 81) (72 29) (62 54) (67 20) (89 68) (72 60) (9 42) (47 87) (2 51) (94 36) (55 89) (38 20) (2 59) (34 80) (22 9) (99 95) (74 41) (53 47) (68 28)
char 36 (l d) (g t) (i o) (i p) (c h) (j e) (j j) (a t) (q g) (c r) (h c) (r q) (d p) (f n) (i p) (h m) (a k) (p i) (e n) (j m) (h g) (s m) (b c) (k o) (t p) (o o) (m n) (j k) (c h) (o l) (g s) (c i) (e s) (g g) (t q) (k g)
bool 38 (1 0) (1 1) (0 1) (1 1) (1 1) (1 0) (1 1) (0 1) (1 1) (0 0) (1 0) (0 1) (0 1) (0 1) (1 0) (1 0) (1 1) (1 0) (1 1) (0 1) (1 1) (1 0) (1 0) (0 0) (0 0) (1 1) (0 0) (1 0) (0 1) (0 0) (1 0) (0 0) (0 0) (0 0) (1 0) (1 0) (1 1) (0 1)
bool 39 (0 1) (1 0) (1 1) (1 0) (1 0) (0 0) (0 1) (0 1) (0 0) (1 1) (1 1) (1 0) (1 1) (0 1) (0 0) (1 1) (0 0) (0 0) (0 1) (1 1) (1 0) (1 0) (1 0) (0 0) (1 0) (1 0) (1 1) (1 1) (1 0) (1 0) (0 1) (1 1) (0 1) (0 1) (0 0) (1 0) (0 1) (1 0) (1 0)
bool 40 (1 1) (0 0) (1 0) (1 0) (1 0) (1 1) (1 1) (0 0) (0 0) (1 1) (1 1) (1 0) (0 1) (1 1) (1 1) (1 1) (1 1) (0 1) (1 0) (0 0) (0 0) (1 1) (0 1) (1 0) (1 1) (1 1) (1 0) (0 0) (0 1) (0 1) (1 0) (0 0) (1 0) (0 0) (1 1) (0 1) (0 0) (1 1) (1 1) (1 1)
int 40 (18 12) (50 76) (20 98) (49 79) (48 32) (71 89) (72 26) (25 44) (62 23) (77 29) (81 24) (61 55) (47 30) (17 8) (6 89) (66 70) (48 61) (86 30) (48 27) (93 44) (86 3) (37 90) (29 17) (21 33) (35 53) (47 77) (87 80) (86 27) (76 49) (21 16) (81 19) (24 41) (9 12) (84 79) (92 28) (40 88) (88 21) (57 73) (5 98) (10 44)
int 41 (45 12) (85 87) (12 53) (40 8) (22 35) (65 46) (4 22) (39 30) (37 56) (30 38) (48 27) (78 50) (44 62) (89 19) (79 36) (40 46) (58 50) (87 15) (87 46) (49 3) (2 53) (74 11) (61 8) (57 88) (76 93) (42 97) (1 80) (4 93) (54 8) (41 19) (36 48) (83 27) (69 80) (69 33) (45 49) (67 58) (37 90) (96 38) (76 81) (56 4) (49 17)
bool 41 (0 1) (1 1) (0 0) (1 1) (1 0) (0 1) (0 1) (1 1) (1 0) (0 0) (1 1) (1 1) (1 0) (0 1) (1 0) (1 1) (1 0) (1 1) (1 1) (1 0) (0 1) (0 0) (1 1) (0 1) (1 0) (1 0) (1 1) (1 0) (1 1) (0 0) (0 0) (1 0) (1 1) (1 0) (1 1) (0 1) (1 1) (1 1) (0 1) (0 1) (1 1)
int 42 (38 34) (68 9) (78 84) (30 68) (7 70) (96 88) (30 84) (33 9) (22 46) (40 2) (43 27) (68 62) (36 92) (5 31) (52 86) (16 16) (66 93) (77 99) (41 22) (43 56) (45 2) (41 25) (23 90) (81 66) (62 10) (67 11) (25 95) (77 45) (81 2) (70 88) (24 95) (19 91) (73 86) (12 40) (88 92) (75 46) (50 76) (36 70) (85 77) (31 69) (75 25) (47 89)
int 43 (82 66) (36 15) (30 32) (13 2) (1 23) (50 78) (43 29) (27 5) (2 10) (78 84) (26 72) (6 33) (72 46) (34 22) (56 53) (33 96) (24 26) (7 54) (61 15) (73 88) (21 36) (42 17) (64 46) (80 72) (14 74) (52 61) (65 16) (66 60) (16 40) (78 23) (66 85) (38 46) (38 58) (79 55) (91 49) (95 73) (28 5) (29 51) (2 32) (24 38) (96 35) (9 48) (38 81)
double 43 (9.48 0.72) (5.6 3.5) (1.86 6.08) (0.65 7.51) (1.05 3.3) (6.24 4.32) (6.21 2.55) (8.76 4.29) (8.42 6.25) (6.58 9.22) (7.02 0.31) (7.1 7.8) (1.44 3.36) (3.86 9.46) (4.17 6.9) (4.75 8.63) (1.62 4.38) (4.18 3.31) (4.46 4.31) (0.67 6.01) (6.59 8.21) (6.55 7.18) (0.48 6.74) (7.34 4.11) (2.03 8.54) (8.74 4.84) (9.44 3.11) (4.61 1.96) (6.95 6.84) (1.3 9.07) (9.06 3.89) (6.33 0.91) (9.73 6.46) (9.4 8.9) (1.57 8.91) (9.99 5.97) (1.43 2.86) (1.13 4.08) (6.27 4.31) (5.39 4.02) (9.85 4.83) (8.39 1.5) (8.43 0.09)
bool 43 (0 0) (0 1) (0 0) (0 1) (0 1) (1 0) (0 0) (1 1) (1 1) (1 0) (1 1) (0 1) (1 1) (0 1) (0 1) (0 1) (0 1) (0 1) (1 0) (1 1) (0 1) (0 1) (0 1) (0 0) (0 1) (1 0) (0 1) (0 0) (0 1) (1 0) (0 0) (0 0) (0 1) (0 1) (0 1) (1 0) (1 0) (1 1) (0 0) (0 1) (0 0) (0 0) (1 1)
char 44 (i s) (c c) (m i) (p l) (d f) (h k) (r a) (h l) (d o) (r p) (i a) (t h) (i q) (e b) (a p) (f r) (f l) (t o) (c h) (e o) (q p) (f f) (r i) (e c) (b k) (q h) (o j) (q l) (f m) (m o) (b k) (d a) (m k) (t f) (l t) (r b) (h n) (g g) (g i) (r j) (m h) (f c) (b q) (f m)
bool 44 (0 1) (1 0) (0 0) (0 0) (1 0) (1 0) (0 1) (0 1) (0 0) (0 0) (0 1) (0 1) (1 0) (0 0) (1 0) (1 1) (1 1) (0 0) (0 0) (1 1) (0 0) (0 1) (1 1) (1 0) (0 1) (1 0) (1 1) (1 0) (1 1) (1 0) (1 1) (1 1) (1 1) (0 1) (0 1) (0 0) (0 1) (0 0) (0 0) (0 1) (1 0) (0 1) (1 0) (1 1)
char 45 (j r) (r s) (i q) (n n) (g n) (p g) (i h) (s i) (d s) (d a) (j i) (q j) (c c) (j n) (d g) (i m) (g n) (h o) (j g) (b h) (q j) (n g) (p o) (c n) (e m) (s g) (s f) (r r) (s b) (i c) (a h) (r s) (j r) (g f) (i e) (l d) (b o) (a k) (d o) (c o) (k j) (s g) (s i) (t j) (l c)
char 45 (r b) (l o) (r e) (h e) (s o) (a g) (o b) (o q) (i p) (b l) (n b) (p k) (p e) (i b) (f d) (j r) (a m) (s o) (o n) (p m) (m g) (a l) (k h) (l s) (h k) (o c) (s p) (o r) (b i) (t a) (a d) (g i) (m a) (a l) (n n) (d i) (s s) (f n) (s c) (q e) (k l) (g a) (c c) (c t) (h h)
int 47 (99 74) (96 4) (74 82) (53 97) (92 78) (98 12) (76 81) (7 72) (10 89) (14 7) (5 59) (61 94) (81 94) (44 2) (79 90) (81 13) (18 31) (47 43) (13 54) (24 13) (94 17) (4 9) (55 72) (1 5) (6 62) (67 34) (24 97) (30 6) (29 62) (70 93) (52 59) (67 30) (57 9) (16 74) (36 38) (17 24) (52 52) (21 73) (96 79) (41 99) (30 91) (61 69) (21 93) (73 86) (40 42) (51 82) (41 63)
bool 49 (0 1) (0 0) (0 0) (0 0) (0 1) (0 1) (0 1) (1 0) (0 1) (0 1) (0 0) (1 1) (0 1) (0 1) (0 1) (0 0) (0 1) (0 0) (1 1) (1 1) (1 1) (0 0) (0 1) (0 0) (0 1) (0 0) (1 1) (1 0) (0 1) (0 1) (0 1) (1 0) (0 1) (1 0) (0 1) (1 0) (0 1) (0 1) (0 0) (0 0) (0 1) (0 0) (1 0) (0 0) (1 0) (0 0) (1 0) (1 1) (0 0)
double 49 (0.41 7.1) (2.5 6.42) (7.83 4.96) (0.93 7.61) (6.18 6.7) (3.18 8.27) (9.2 2.43) (4.67 2.77) (6.08 7.54) (1.47 9.2) (7.65 8.48) (5.87 5.64) (0.04 2.89) (8.36 5.69) (3.6 2.72) (8.5 5.28) (5.93 7.11) (7.98 7.09) (8.55 1.06) (5 4.13) (6.76 2.05) (1.24 3.79) (4.02 2.22) (5.57 8.77) (1.46 3.8) (2.91 0.45) (6.75 4.68) (1.53 5.65) (9.09 0.95) (6.99 6.04) (8.52 7.35) (2.13 3.17) (8.58 1.75) (2.29 6.16) (0.09 4.75) (0.35 6.7) (9.92 0.43) (1.6 7.83) (9.31 5.49) (7.75 6.01) (4.73 6.58) (8.64 7.24) (2.1 1.72) (5.39 7.35) (3.41 2.85) (0.99 6.17) (7.43 6.73) (8.07 3.91) (3.4 3.27)
bool 49 (1 0) (1 0) (0 0) (1 1) (1 1) (1 0) (0 0) (0 0) (1 0) (0 1) (1 1) (0 1) (0 0) (0 0) (0 0) (1 1) (0 0) (0 0) (1 1) (1 0) (0 1) (1 0) (1 0) (0 0) (1 1) (1 0) (1 0) (0 0) (0 1) (0 0) (0 0) (1 1) (0 1) (1 1) (1 1) (1 1) (0 0) (0 0) (0 1) (1 0) (1 1) (0 1) (1 1) (0 0) (1 0) (1 0) (1 1) (1 0) (1 0)
bool 50 (1 0) (0 0) (1 0) (0 0) (0 0) (1 1) (1 1) (0 0) (0 0) (1 1) (1 0) (0 0) (0 0) (1 1) (0 1) (1 0) (0 1) (1 1) (0 1) (0 0) (0 1) (0 0) (0 0) (1 1) (0 1) (1 1) (0 1) (0 0) (0 1) (0 1) (0 0) (1 0) (0 1) (0 1) (1 0) (0 1) (0 0) (0 1) (1 1) (1 1) (0 1) (0 1) (0 1) (1 1) (1 1) (0 0) (1 0) (0 1) (1 0) (0 1)
char 50 (i q) (l t) (d s) (m a) (k g) (b p) (q f) (b r) (i a) (p r) (i c) (d o) (a a) (s s) (t e) (j r) (t d) (p d) (o e) (f e) (a g) (b t) (s d) (s h) (n e) (e b) (a m) (t m) (n l) (s r) (f b) (t b) (a n) (f g) (p q) (t a) (d o) (c b) (g t) (d l) (e s) (s e) (q s) (d j) (i k) (f r) (b a) (m b) (i j) (n t)
double 50 (8.07 5.55) (2.08 5.5) (6.21 2.53) (6.37 7.84) (3.74 9.02) (5.8 7.24) (3.19 1.08) (4.47 2.35) (7.3 2.99) (4.28 6.25) (0.47 3.16) (5.81 9.07) (0.36 6.35) (5.16 4.66) (6.04 2.41) (8.86 3.16) (8.91 8.83) (8.28 3.91) (4.01 8.08) (6.81 3.37) (1.02 5.6) (6.36 1.62) (5.66 1.2) (4.49 3.73) (0.73 0.64) (8.33 4.41) (0.27 3.62) (8.83 0.68) (5.63 1.03) (0.61 0.46) (6.12 3.09) (5.29 3.92) (4.19 3.26) (3.93 1.75) (1.06 9.25) (0.1 6.12) (9.32 2.59) (9.66 6.07) (5.63 3.3) (1.45 4.97) (2.16 5.42) (6.58 0.02) (0.39 5.12) (9.78 6.16) (2.34 8) (0.14 8.14) (7.62 4.81) (7.68 7.47) (3.34 4.67) (1.97 2.23)
bool 50 (0 1) (0 1) (0 1) (0 1) (0 1) (0 0) (0 0) (0 1) (1 0) (1 1) (0 1) (1 0) (0 1) (0 0) (1 0) (0 1) (1 1) (1 0) (0 0) (1 1) (0 0) (0 0) (1 0) (1 1) (1 0) (0 1) (1 0) (0 0) (1 0) (1 0) (0 0) (0 1) (0 1) (0 1) (1 1) (1 0) (0 0) (0 0) (0 0) (1 1) (1 1) (1 1) (0 1) (1 0) (0 1) (1 0) (0 0) (1 1) (1 0) (1 1)
int 51 (93 48) (6 50) (80 92) (90 90) (19 10) (25 31) (39 38) (55 68) (33 83) (48 10) (50 16) (73 20) (27 67) (93 56) (86 59) (75 34) (27 26) (74 89) (5 34) (54 39) (46 25) (53 25) (13 84) (44 26) (78 23) (15 47) (15 44) (87 66) (36 26) (10 15) (30 75) (89 89) (63 55) (42 40) (15 44) (96 97) (36 18) (12 91) (5 47) (8 56) (39 78) (47 82) (13 9) (61 84) (35 86) (12 78) (49 86) (15 61) (97 89) (3 48) (26 17)
int 53 (58 73) (25 96) (21 89) (14 78) (66 22) (13 60) (8 31) (80 64) (25 99) (66 84) (45 76) (47 33) (4 61) (44 86) (49 35) (9 51) (76 76) (10 40) (19 6) (6 2) (44 22) (80 95) (31 52) (84 75) (2 4) (92 6) (78 50) (33 14) (24 64) (1 19) (65 83) (47 36) (97 90) (2 56) (8 77) (54 9) (82 93) (53 48) (31 96) (84 47) (27 31) (33 38) (53 19) (41 30) (29 36) (72 95) (85 23) (99 13) (43 8) (16 14) (48 43) (12 85) (89 46)
bool 56 (1 0) (1 0) (1 0) (0 0) (0 1) (1 1) (0 1) (0 1) (0 0) (0 0) (0 1) (1 0) (1 0) (1 0) (0 1) (1 1) (0 1) (1 0) (0 1) (1 1) (0 1) (1 1) (0 1) (0 1) (1 1) (0 0) (1 1) (1 0) (1 0) (0 1) (0 1) (1 1) (0 1) (1 0) (1 1) (0 0) (0 0) (1 0) (1 0) (1 0) (0 0) (1 1) (0 0) (1 0) (0 0) (0 1) (1 1) (0 1) (1 0) (1 1) (1 0) (0 0) (0 0) (1 1) (0 1) (0 1)
char 58 (g h) (m o) (r p) (h f) (n r) (e i) (l d) (b g) (j t) (e r) (p e) (s j) (c j) (q c) (i s) (f p) (c j) (f p) (s o) (o r) (e r) (b i) (a g) (i e) (e a) (p f) (f b) (p l) (i k) (a c) (f p) (h e) (p h) (q j) (e i) (l n) (p q) (h l) (e j) (e c) (r m) (s s) (p l) (i g) (m o) (i o) (q l) (h a) (l n) (d o) (f o) (f f) (k i) (q s) (a j) (h o) (b a) (l k)
char 58 (r g) (m o) (a g) (s l) (i l) (b m) (k h) (s m) (n d) (s m) (k l) (i e) (m a) (k s) (m e) (l e) (k p) (r f) (q q) (t m) (s s) (h h) (k s) (g s) (f p) (j d) (o e) (h p) (i m) (t b) (p q) (k q) (l e) (p a) (t h) (l i) (t c) (l d) (k n) (g a) (j c) (k i) (h o) (p c) (j s) (o m) (s r) (s s) (b q) (b k) (n n) (n o) (l o) (s a) (k c) (o d) (m a) (q i)
char 59 (i o) (b l) (a g) (q a) (h d) (g d) (n d) (k h) (h t) (h k) (t p) (k j) (e d) (o s) (n i) (j o) (j q) (h q) (b d) (s n) (c m) (s g) (q f) (t m) (s a) (l a) (m m) (l f) (n t) (i q) (q p) (f a) (d i) (t t) (i g) (h e) (d d) (c l) (n m) (t j) (g a) (s q) (a t) (h o) (b a) (r h) (d h) (k i) (h s) (c m) (o r) (f r) (s q) (p d) (p h) (a q) (j j) (e h) (p a)
char 59 (n d) (s s) (i q) (p b) (l m) (b m) (c c) (d e) (n g) (b s) (r f) (t t) (h l) (i o) (q k) (t i) (r t) (h j) (j q) (s m) (e i) (b t) (f k) (g k) (s q) (c t) (s e) (j q) (k l) (r o) (t s) (r q) (m a) (l q) (d q) (m t) (h i) (n l) (o i) (h p) (o e) (m b) (t r) (h j) (r h) (d f) (l m) (l q) (i e) (e c) (k h) (q a) (g s) (c t) (f r) (f b) (i c) (l n) (l l)
int 60 (72 86) (43 4) (46 62) (36 80) (88 75) (6 7) (19 11) (48 13) (70 90) (36 79) (50 93) (74 88) (43 94) (73 5) (95 63) (42 5) (69 33) (79 36) (67 23) (67 50) (69 54) (16 30) (25 27) (91 87) (26 36) (13 65) (72 18) (69 17) (19 62) (24 22) (21 81) (33 92) (20 25) (36 49) (18 57) (38 87) (26 66) (56 71) (9 64) (13 84) (67 8) (53 83) (62 73) (58 59) (48 62) (97 85) (65 44) (75 9) (18 24) (87 35) (26 5) (38 35) (89 42) (4 2) (98 21) (39 32) (19 82) (30 39) (73 34) (77 75)
bool 61 (1 0) (1 1) (0 0) (1 1) (1 0) (1 1) (1 1) (0 0) (0 0) (0 1) (1 1) (0 1) (1 1) (1 0) (1 0) (0 0) (0 0) (0 1) (0 1) (1 0) (1 1) (1 1) (1 0) (0 1) (1 1) (0 0) (1 1) (0 0) (1 0) (0 1) (1 0) (1 1) (0 0) (0 0) (0 1) (1 1) (0 0) (0 1) (1 0) (1 1) (0 0) (0 1) (1 0) (1 0) (1 0) (1 1) (0 0) (1 0) (0 1) (1 0) (1 1) (0 1) (1 0) (0 0) (0 1) (0 0) (0 0) (1 0) (1 1) (1 0) (0 1)
char 61 (f o) (r i) (r s) (i d) (k k) (d r) (l b) (j r) (f h) (q o) (l h) (m g) (s o) (b g) (r a) (h o) (m m) (m k) (f h) (f b) (s d) (d q) (c l) (n p) (b d) (s d) (r i) (j k) (l j) (g g) (n a) (d d) (g d) (i i) (c l) (a l) (g g) (p o) (b i) (e g) (f i) (l d) (c i) (d s) (k o) (f k) (b o) (q j) (i k) (i q) (q q) (e e) (n j) (t r) (k a) (c j) (h s) (i j) (h o) (c r) (j m)
bool 63 (0 1) (0 1) (0 0) (1 1) (0 1) (1 0) (1 1) (0 1) (1 0) (1 1) (0 1) (0 1) (1 0) (1 1) (0 0) (1 1) (0 1) (0 0) (0 0) (0 1) (0 1) (1 1) (0 0) (1 1) (0 1) (1 1) (1 0) (1 1) (1 0) (1 1) (0 0) (1 0) (0 1) (0 1) (0 1) (1 1) (1 0) (0 0) (1 1) (0 0) (1 0) (1 0) (0 1) (0 1) (1 1) (0 0) (0 1) (1 0) (1 1) (1 1) (0 0) (0 1) (1 1) (0 1) (1 1) (0 1) (1 0) (1 1) (0 1) (0 1) (0 1) (1 0) (0 1)
char 65 (m p) (o j) (b f) (i t) (a o) (a m) (e s) (j r) (a e) (k d) (b q) (m f) (f n) (n n) (h n) (l o) (n j) (g c) (i c) (i i) (i n) (f o) (p o) (j g) (g r) (c n) (p c) (t k) (l n) (k n) (i c) (a l) (t g) (s l) (t k) (g i) (d p) (e k) (n k) (q k) (n r) (o s) (g b) (m b) (d s) (j o) (e k) (k k) (t m) (p h) (b n) (f g) (r q) (n m) (b h) (k s) (n j) (i p) (b e) (b s) (p a) (s g) (g b) (p n) (i c)
bool 66 (0 0) (1 1) (1 0) (0 1) (0 0) (0 0) (0 0) (0 0) (0 1) (1 0) (0 0) (0 1) (0 1) (0 0) (1 0) (0 1) (1 0) (0 0) (0 1) (1 0) (0 0) (0 0) (0 0) (0 0) (0 0) (1 1) (0 1) (1 0) (0 0) (0 1) (1 1) (1 0) (1 0) (1 0) (0 1) (0 0) (0 0) (1 1) (1 1) (1 0) (1 1) (0 1) (0 0) (1 1) (1 1) (0 0) (0 0) (0 0) (1 0) (0 1) (1 0) (0 1) (1 0) (0 1) (1 1) (1 1) (1 0) (0 1) (0 1) (1 0) (0 0) (0 1) (1 1) (0 0) (0 0) (1 0)
int 67 (67 8) (99 37) (57 68) (21 60) (4 33) (37 84) (66 32) (54 95) (56 54) (73 57) (3 75) (25 19) (20 98) (2 54) (91 66) (69 55) (74 25) (53 23) (37 19) (13 91) (59 49) (75 53) (89 50) (66 54) (48 18) (54 95) (12 89) (25 87) (72 94) (92 4) (26 32) (73 24) (54 50) (23 88) (24 97) (93 11) (56 34) (50 30) (82 42) (87 89) (19 25) (33 72) (23 68) (14 71) (25 63) (68 9) (33 54) (5 77) (67 60) (6 80) (44 15) (7 47) (24 60) (39 7) (77 98) (80 9) (15 45) (89 84) (91 73) (63 80) (83 54) (90 15) (84 61) (32 77) (25 2) (97 50) (27 70)
double 67 (5.92 7.32) (5.86 8.05) (2.87 2.55) (6.55 9.33) (8.87 3.95) (6.28 9.24) (7.77 0.44) (6.14 4.95) (6.77 6.86) (4.5 2.59) (6 5.89) (2.4 3.64) (7.09 5.91) (1.61 0.76) (2.77 6.04) (2.56 7.76) (6.18 0.55) (8.84 2.17) (8.52 0.76) (5.7 6.79) (5.9 4.39) (2.93 4.78) (6.46 7.14) (7.61 1.94) (5.02 0.54) (2.94 9.15) (4.81 8.17) (2.31 3.73) (3.08 1.5) (9.89 0.67) (8.85 1.66) (3.98 6.69) (8.87 0.27) (1.49 1.16) (5.08 7.74) (8.86 3.99) (2.88 2.43) (1.88 8.78) (1.56 6.85) (9.82 4.27) (5.56 5.3) (0.21 2.98) (6.59 0.7) (2.7 3.79) (7.75 1.69) (8.82 1.75) (7.26 5.93) (6.58 3.75) (4.45 9.66) (4.6 2.32) (0.49 8.63) (8.45 3.21) (1.68 9.01) (5.19 6.26) (3.91 7.64) (3.3 3.47) (1.04 6.1) (0.17 1.54) (9.97 6.52) (1.28 5.74) (1.62 5.81) (7.36 3.74) (9.74 0.4) (9.64 2.37) (7.72 8.05) (3.36 8.77) (1.28 1.86)
int 69 (10 11) (90 54) (5 20) (77 64) (89 83) (30 74) (84 19) (93 78) (63 86) (52 27) (69 38) (90 8) (15 40) (93 70) (5 71) (38 83) (60 70) (84 48) (68 52) (20 46) (57 66) (68 7) (30 56) (80 23) (3 42) (86 45) (16 47) (92 85) (44 55) (52 34) (7 20) (3 23) (30 77) (70 8) (6 21) (61 96) (69 42) (99 27) (37 86) (12 98) (84 52) (24 19) (58 21) (43 29) (3 5) (90 70) (63 76) (82 13) (50 60) (41 4) (19 26) (45 29) (22 76) (22 45) (72 76) (94 43) (81 11) (66 15) (1 88) (36 10) (49 17) (42 66) (78 37) (95 35) (3 85) (54 36) (91 88) (40 37) (66 86)
int 70 (80 3) (22 82) (8 50) (87 3) (75 70) (18 99) (66 79) (64 23) (15 30) (39 4) (48 7) (46 96) (84 96) (6 96) (83 86) (16 61) (90 68) (51 77) (66 4) (51 53) (75 76) (76 44) (26 34) (17 79) (60 72) (84 79) (65 41) (6 10) (51 5) (69 30) (73 18) (5 87) (93 98) (3 8) (38 10) (47 93) (51 22) (59 7) (55 82) (82 83) (59 73) (61 12) (60 26) (62 66) (3 64) (95 69) (56 41) (4 16) (37 85) (92 48) (39 10) (69 56) (80 74) (52 71) (50 18) (78 30) (62 78) (69 69) (12 89) (68 73) (5 90) (48 44) (79 20) (23 2) (60 3) (19 54) (81 96) (22 32) (89 81) (92 61)
double 70 (2.44 7.79) (8.22 5.1) (1.06 8.79) (4.3 0.92) (8.29 2.34) (9.55 3.02) (5.7 3.08) (2.42 2.54) (7.29 0.58) (5.64 3.97) (6.76 7.87) (5.8 8.32) (0.69 2.54) (9.97 1.58) (7.69 1.16) (3.47 0.07) (2.51 0.73) (1.34 9.55) (1.85 0.73) (7.46 6.59) (7.93 5.51) (3.84 0.82) (5.91 4.65) (7.25 2.84) (5.97 8.66) (0.86 3.08) (3.89 9.87) (0.16 7.45) (6.88 8.4) (6.46 5.96) (2.57 6.02) (5.5 6.16) (2.9 3.27) (6.69 5.72) (2.77 0.97) (2.8 9.49) (0.95 0.91) (7.39 8.15) (2.08 5.07) (2.14 9.31) (9.54 3.36) (2.69 5.37) (6.07 2.42) (8.39 9.65) (8.63 1.59) (9.34 1.26) (0.19 5.6) (7.68 5.33) (3.16 7.41) (7.64 7.56) (5.42 1.38) (3.84 7.22) (8.24 9.71) (9.73 2.52) (1.36 7.28) (0.72 9.94) (0.81 7.36) (8.76 1.26) (5.71 9.34) (4.18 6.41) (4.68 0.65) (0.18 2.12) (5.78 6.15) (4.38 8.89) (1.22 5.13) (7.84 2.46) (0.09 7.42) (8.5 9.38) (9.23 9.03) (6.02 7.23)
bool 71 (0 0) (1 1) (0 0) (1 1) (1 1) (1 1) (0 0) (0 0) (0 1) (0 0) (1 0) (1 1) (1 1) (0 0) (0 0) (0 0) (1 1) (0 1) (0 0) (1 1) (1 1) (1 1) (1 0) (1 1) (0 0) (1 0) (1 1) (1 1) (1 1) (1 0) (0 0) (1 0) (1 1) (1 1) (1 1) (0 0) (0 1) (0 0) (0 0) (1 0) (1 1) (1 1) (1 1) (0 1) (0 1) (0 1) (1 0) (0 0) (1 1) (0 0) (1 1) (1 1) (1 0) (0 0) (0 0) (1 1) (0 1) (1 0) (1 0) (1 1) (0 0) (0 0) (1 0) (1 0) (1 1) (0 1) (0 0) (0 1) (0 0) (1 0) (0 0)
double 72 (2.35 8.99) (3.03 1.8) (8.32 0.39) (4.13 3.74) (2.34 1.44) (9.96 3.14) (4.53 2.12) (0.14 7.58) (4.12 1.26) (5.23 3.26) (3.91 4.05) (3.49 3.77) (2.41 5.55) (8.77 2.18) (9.7 0.58) (0.29 0.37) (0.33 1.7) (4.45 8.59) (9.11 2.61) (9.46 8.17) (1.5 8.9) (6.6 8.39) (9.65 5.03) (8.03 0.72) (0.9 0.11) (1.68 1.52) (8.45 6.34) (4.76 9.02) (2.66 1.66) (1.82 4.11) (4.21 9.24) (8.19 5.81) (5.6 6.78) (9.14 2.75) (6.29 2.25) (9.44 7.57) (3.76 5.09) (7.54 5.64) (8.64 7.14) (9.18 2.78) (2.74 7.24) (1.9 4.22) (7.85 1.53) (5.25 8.19) (8.16 2.68) (1.17 3.6) (9.39 8.58) (3.95 9.11) (3.74 5.6) (1.67 2.38) (0.55 6.72) (2.42 0.97) (8.51 5.44) (6.18 3.53) (4.12 1.23) (3.1 0.45) (1.49 0.96) (0.98 3.32) (3.02 3.44) (0.15 7.12) (3.32 4.05) (0.21 2.71) (4.95 9.13) (4.81 3.04) (7.36 5.57) (5.99 6.16) (0.17 7.86) (8.56 3.93) (4.57 9.47) (3.67 8.8) (3.61 5.51) (0.75 7.81)
double 72 (5.53 0.87) (2.82 9.17) (0.89 4.23) (8.79 4.77) (4.66 4.03) (9.23 5.53) (0.87 4.61) (4.41 8.09) (5.31 6.44) (9.33 7.72) (8.18 3.7) (0.69 5.14) (4.12 6.9) (9.99 6.78) (6.15 7.9) (9.98 1.94) (6.69 1.1) (6.25 2.5) (2.93 7.08) (6.64 1.47) (7.25 0.04) (3.68 5.49) (4.3 8.67) (4.83 0.9) (6.78 3.92) (0.97 1.58) (8.81 4.24) (0.82 2.86) (9.23 3.48) (2.76 9.67) (6.77 9.34) (3.37 2.01) (6.88 9.77) (8.67 4.94) (8.33 8.82) (1.79 8.03) (4.14 4.3) (8.19 0.91) (5.98 8.14) (4.46 8.22) (2.57 5.98) (6.07 5.76) (2.73 3.87) (9.18 2.9) (7.64 4.96) (0.5 4.69) (3.12 6.05) (5.94 0.13) (4.27 4.58) (2.74 4.37) (2.28 0.38) (1.86 4.22) (9.36 3.83) (2.74 5.49) (6.82 7.86) (6.66 9.39) (8.01 6.23) (9.33 4.3) (0.51 5.41) (7.29 7.07) (8.28 3.53) (6.72 1.66) (7.02 0.7) (9.95 4.65) (9.59 1.87) (1.31 6.55) (8.81 6.32) (2.05 6.27) (3.8 8) (0.01 3.97) (1.56 5.14) (4.49 8.12)
bool 73 (0 1) (1 0) (0 0) (1 0) (0 1) (1 0) (0 0) (1 1) (0 0) (1 0) (1 0) (0 0) (0 0) (0 1) (0 1) (1 1) (1 0) (1 1) (1 1) (1 0) (1 0) (0 1) (1 0) (0 0) (0 1) (0 1) (1 1) (1 0) (0 0) (1 0) (1 0) (1 1) (1 0) (0 0) (0 1) (0 1) (0 0) (1 0) (0 1) (1 0) (0 0) (1 1) (1 1) (1 1) (0 1) (1 1) (1 1) (0 0) (0 1) (1 1) (0 1) (1 0) (1 0) (1 1) (1 1) (0 0) (0 0) (1 1) (0 1) (0 0) (1 0) (1 1) (1 0) (1 1) (1 0) (0 0) (0 1) (0 1) (1 0) (1 1) (0 1) (0 0) (0 1)
int 74 (48 95) (49 42) (80 27) (99 60) (46 73) (50 89) (53 80) (84 4) (94 30) (97 58) (49 32) (82 12) (13 31) (44 54) (2 36) (48 98) (7 1) (35 40) (20 71) (21 75) (85 66) (97 34) (25 51) (86 39) (20 22) (31 70) (5 80) (59 48) (80 54) (74 4) (86 21) (1 40) (93 99) (99 5) (6 28) (35 74) (63 40) (28 66) (67 44) (29 77) (72 92) (52 84) (59 7) (84 93) (41 46) (55 41) (53 50) (88 78) (18 43) (5 35) (88 23) (49 16) (63 21) (81 87) (45 99) (24 76) (8 97) (69 79) (64 16) (33 44) (17 87) (36 94) (5 1) (50 75) (81 26) (19 5) (92 74) (48 63) (67 88) (83 22) (39 65) (77 1) (33 3) (23 23)
bool 76 (0 0) (0 0) (0 0) (0 0) (1 0) (1 0) (1 1) (0 0) (0 1) (0 0) (1 0) (1 0) (1 1) (1 0) (1 1) (1 0) (0 0) (1 0) (1 1) (1 0) (0 0) (0 1) (0 0) (1 1) (0 0) (1 1) (1 1) (1 0) (0 0) (1 0) (0 1) (1 1) (1 1) (1 0) (1 1) (1 0) (0 0) (0 1) (0 1) (1 0) (1 0) (1 0) (0 1) (1 0) (0 1) (1 1) (1 1) (0 0) (0 1) (1 1) (0 0) (1 1) (0 0) (1 1) (0 1) (0 0) (0 0) (0 1) (1 0) (0 0) (1 0) (0 1) (1 0) (1 1) (0 1) (1 0) (0 0) (0 0) (0 0) (1 0) (0 0) (1 0) (1 0) (1 1) (0 1) (1 0)
int 76 (63 47) (47 75) (84 73) (6 24) (12 46) (77 50) (69 19) (6 66) (96 63) (75 50) (93 73) (62 28) (23 47) (3 75) (34 8) (51 9) (95 98) (34 43) (97 21) (69 94) (42 78) (1 63) (97 10) (13 74) (89 44) (92 92) (28 52) (66 88) (39 33) (26 49) (73 9) (41 42) (10 1) (97 91) (62 73) (55 12) (34 38) (64 5) (68 48) (63 98) (61 48) (12 60) (66 18) (2 43) (69 52) (55 84) (66 29) (6 46) (18 10) (18 90) (42 18) (80 3) (76 58) (19 80) (51 73) (68 68) (89 88) (65 16) (62 82) (68 21) (95 25) (17 1) (35 92) (86 55) (17 71) (7 59) (71 40) (37 23) (96 34) (25 81) (12 26) (84 90) (83 44) (18 2) (82 9) (27 32)
int 76 (20 93) (23 70) (23 13) (52 67) (9 8) (78 33) (8 37) (95 15) (35 65) (6 48) (62 4) (77 69) (60 96) (65 85) (41 1) (86 44) (25 14) (89 40) (88 58) (6 88) (94 92) (69 43) (96 94) (86 2) (56 40) (86 62) (34 20) (24 36) (63 61) (77 35) (11 24) (5 84) (61 23) (44 71) (80 88) (99 25) (66 42) (1 64) (29 77) (9 10) (45 14) (78 4) (36 27) (53 15) (91 58) (70 73) (99 62) (37 29) (5 24) (36 67) (38 45) (40 74) (48 91) (11 5) (80 85) (54 41) (25 34) (11 2) (7 84) (35 98) (72 80) (36 30) (10 5) (74 62) (50 46) (93 38) (23 76) (32 2) (26 31) (40 33) (35 9) (61 95) (67 73) (54 15) (3 83) (44 3)
double 77 (0.93 0.42) (4.81 1.5) (5.5 1.45) (5.41 3.47) (2.86 8.92) (9.1 1.56) (1.61 7.62) (2.41 4.59) (2.92 1.06) (5.47 3.07) (4.32 8.01) (2 2.31) (1.24 2.2) (8.55 3.55) (2.13 4.07) (2.15 2.86) (2.64 6.01) (6.86 1.58) (0.97 9.59) (0.47 9.67) (7.65 9.1) (9.56 1.79) (8.66 6.22) (1.59 6.96) (1.04 9.25) (7.75 0.34) (3.1 6.83) (4.06 5.57) (5.38 1.96) (2.74 9.14) (6.4 9.69) (7.58 6.95) (3.57 0.23) (1.37 2.04) (6.92 3.77) (2.35 3.93) (3.47 2.27) (8.42 1.62) (7.2 4.95) (6.76 2.22) (0.27 2.51) (6.72 0.4) (3.86 2.99) (9.77 8.78) (1.93 9.83) (2.23 7.69) (3.13 1.49) (2.04 3.15) (1.49 2.98) (5.39 9.48) (9.84 5.75) (4.56 2.8) (1.66 7.65) (4.13 2.78) (8.62 8.31) (1.2 0.92) (1.12 8.15) (7.88 2.59) (7.65 5.81) (8.79 9.93) (5.62 9.66) (2.23 7.55) (2.44 7.73) (2.47 7.22) (6.06 6.74) (6.66 7.91) (9.1 8.08) (5.62 1.73) (1.26 6) (5.11 0.83) (2.41 6.98) (4.42 7.28) (9.86 3.5) (2.49 1.52) (4.74 9.74) (5.89 5.33) (2.63 7.01)
bool 79 (0 1) (0 0) (1 0) (0 1) (0 1) (1 0) (0 1) (1 1) (1 1) (0 0) (1 1) (1 1) (0 0) (0 1) (0 1) (1 0) (0 0) (1 0) (0 0) (1 0) (0 0) (1 0) (0 0) (0 1) (0 0) (1 1) (0 0) (1 0) (0 1) (0 0) (0 1) (1 1) (1 1) (1 1) (0 0) (0 0) (0 1) (1 1) (0 0) (0 1) (0 1) (1 1) (1 1) (1 0) (0 1) (1 1) (0 1) (0 0) (0 1) (1 0) (1 0) (0 0) (0 0) (1 0) (1 0) (1 1) (1 1) (0 1) (0 0) (0 1) (0 0) (1 0) (1 1) (0 1) (0 1) (1 0) (1 0) (0 0) (1 0) (1 1) (0 0) (0 0) (1 1) (1 1) (0 1) (0 1) (0 1) (1 0) (1 0)
int 79 (45 95) (28 48) (95 12) (97 98) (70 32) (60 96) (18 28) (2 10) (46 81) (72 45) (32 18) (17 64) (46 24) (59 26) (61 32) (12 35) (95 91) (28 72) (60 20) (23 3) (24 38) (71 67) (67 5) (1 50) (15 50) (64 11) (59 21) (86 51) (93 59) (7 62) (65 56) (10 63) (74 30) (8 75) (36 99) (12 52) (34 26) (98 22) (43 19) (54 82) (63 76) (94 35) (45 53) (96 5) (64 35) (47 31) (19 9) (38 47) (16 43) (97 31) (37 58) (45 19) (17 81) (15 69) (42 44) (95 22) (48 69) (12 57) (43 39) (45 30) (52 97) (13 93) (10 69) (45 56) (41 41) (9 80) (35 6) (46 76) (61 6) (86 62) (79 11) (92 13) (85 82) (4 9) (49 45) (98 75) (64 97) (28 83) (14 88)
double 82 (6.13 4.38) (4.1 9.22) (8.98 7.6) (6.68 4.67) (2.83 9.45) (9.58 2.22) (8.63 5.34) (4.03 3.15) (8.05 0.65) (8.25 3.16) (8.47 8.88) (6.01 7.37) (3.61 0.25) (6.99 8.8) (8.15 8.15) (6.97 2.03) (0.05 7.04) (6.43 2.33) (1.2 7.41) (9.95 8.03) (5.42 4.49) (1.1 7.09) (9.16 7.7) (7.97 8.48) (3.43 2.85) (3.91 8.97) (4.33 2.69) (6.77 7.24) (5.29 2.47) (1.59 0.65) (5.52 4.73) (2.79 0.52) (2.46 4.27) (3.52 9.76) (2.71 1.53) (5.13 0.58) (3.9 7.56) (1.74 8.73) (0.44 0.77) (1.19 5.47) (8.5 4.51) (4.14 7.82) (5.23 4.47) (0.68 0.2) (9.7 9.9) (5.33 0.4) (3.16 2.73) (1.73 0.32) (1.33 7.66) (4.83 7.75) (4.17 3.27) (6.4 0.24) (9.85 1.65) (0.65 5.5) (1.05 5.21) (6.94 4.34) (3.33 6.24) (0.94 4.19) (6.06 9.43) (8.25 8.5) (2.88 6.43) (5.46 5.11) (0.16 5.03) (8.94 1.02) (5.79 6.36) (3.25 2.48) (9.66 0.11) (8.96 7.46) (9.46 6.75) (2.4 6.27) (0.14 6.77) (7.33 3.77) (3.35 9.43) (0.67 6.19) (2.36 0.72) (5.16 7.08) (2.95 8.14) (8.8 0.41) (8.94 9.88) (6.06 9.96) (2.96 8.57) (4.17 3.09)
char 82 (a h) (r t) (t o) (d q) (s c) (d g) (p g) (p e) (b d) (s t) (j m) (b k) (n a) (m e) (n h) (b q) (c a) (n g) (h i) (i f) (q m) (r i) (g j) (m q) (b s) (g n) (b j) (i k) (s k) (c s) (s i) (f m) (a b) (l h) (l i) (g f) (a n) (j k) (h k) (k g) (h q) (j o) (s q) (a n) (g q) (b m) (c e) (e k) (o d) (d e) (f d) (g f) (s e) (i e) (i m) (p s) (s d) (s q) (l o) (q m) (m a) (f c) (g o) (p h) (n e) (f j) (a q) (l t) (q h) (t b) (q a) (d f) (c h) (q s) (c n) (a b) (j t) (h d) (d h) (o k) (g c) (d d)
int 82 (45 45) (24 28) (11 43) (90 13) (49 57) (18 35) (35 21) (23 69) (60 73) (64 44) (37 24) (55 66) (56 62) (67 73) (8 49) (13 31) (37 64) (80 33) (54 83) (6 96) (88 32) (69 23) (36 29) (74 79) (20 10) (51 43) (71 99) (69 33) (99 2) (27 84) (28 29) (82 85) (67 93) (19 45) (88 4) (29 8) (68 52) (77 55) (60 22) (55 24) (11 75) (30 45) (23 75) (59 76) (35 76) (82 69) (2 30) (26 63) (98 42) (62 25) (95 26) (33 25) (58 46) (19 43) (20 11) (18 41) (16 41) (72 68) (18 39) (16 93) (29 90) (92 45) (44 96) (2 28) (27 87) (11 69) (98 72) (86 48) (67 32) (21 95) (84 72) (38 53) (99 31) (21 23) (18 1) (77 96) (44 44) (71 98) (30 55) (9 65) (27 53) (61 41)
int 83 (69 99) (97 49) (14 99) (24 56) (77 79) (65 30) (79 91) (82 98) (73 74) (3 46) (66 40) (55 11) (44 91) (68 55) (69 91) (45 36) (30 72) (4 49) (70 15) (40 44) (64 40) (65 77) (26 93) (76 52) (20 58) (79 32) (59 25) (30 59) (87 5) (65 24) (22 25) (55 19) (62 52) (49 22) (96 26) (57 73) (28 46) (8 6) (43 37) (14 5) (42 92) (62 36) (79 47) (36 50) (87 39) (38 69) (60 80) (6 98) (12 54) (28 86) (83 34) (89 24) (11 56) (54 66) (14 92) (22 34) (80 2) (4 20) (23 51) (31 11) (35 96) (94 94) (44 84) (95 79) (65 30) (76 29) (63 99) (79 94) (41 55) (74 1) (74 44) (18 69) (2 25) (75 6) (60 14) (87 25) (81 76) (57 33) (9 28) (91 18) (35 6) (63 92) (31 60)
bool 83 (1 1) (0 0) (1 0) (0 0) (1 1) (0 1) (1 0) (0 0) (1 0) (0 1) (1 0) (0 1) (0 0) (1 1) (1 1) (0 1) (0 0) (1 1) (0 1) (0 0) (1 0) (1 0) (0 1) (1 1) (0 1) (0 0) (0 0) (1 0) (0 0) (0 0) (1 0) (0 1) (0 1) (1 0) (0 0) (1 0) (1 1) (0 1) (1 1) (0 1) (1 0) (0 0) (0 0) (1 1) (1 1) (0 1) (0 0) (0 0) (1 1) (0 0) (1 0) (1 0) (1 0) (1 1) (1 1) (1 0) (1 0) (0 1) (0 0) (0 0) (0 1) (1 1) (1 0) (0 1) (1 0) (0 1) (0 1) (1 0) (0 1) (0 0) (1 0) (1 0) (0 0) (1 0) (1 0) (1 1) (1 1) (0 1) (0 0) (0 0) (0 0) (0 1) (1 0)
char 83 (n i) (f s) (o g) (r p) (k t) (h n) (i j) (b e) (j f) (s c) (p e) (f d) (r h) (i t) (j t) (d j) (l a) (d n) (f c) (r g) (c h) (a i) (t m) (f b) (s b) (q b) (j a) (h f) (g j) (o c) (d t) (h h) (r b) (c o) (s r) (b s) (d e) (s g) (q h) (q m) (e t) (p h) (j q) (j l) (q f) (e r) (l o) (m n) (p p) (e o) (d j) (q n) (g d) (a i) (i c) (q h) (i n) (t e) (t n) (e p) (q q) (i q) (d o) (c g) (g n) (h a) (o t) (i f) (i m) (j q) (k r) (k g) (k h) (o s) (h j) (t m) (p i) (m t) (e a) (o o) (c i) (m h) (j j)
char 84 (h q) (g b) (d p) (i g) (j p) (r o) (q j) (i b) (n t) (r s) (i a) (j l) (a p) (k f) (r i) (h e) (t k) (n o) (k j) (n a) (s d) (t h) (p a) (m l) (t m) (r m) (m o) (h m) (n m) (c b) (f m) (q c) (q k) (l r) (n r) (t b) (t p) (d j) (f p) (g r) (o k) (j k) (d p) (k i) (j n) (m l) (i n) (q q) (p j) (p n) (l k) (b d) (q g) (h f) (j b) (m t) (g r) (p g) (s f) (c r) (i c) (l l) (r p) (e k) (n h) (s i) (t f) (c l) (j p) (n k) (n s) (c c) (k n) (k r) (e r) (s m) (s d) (d o) (n n) (n e) (m s) (n s) (q b) (e s)
bool 87 (0 1) (0 1) (0 0) (0 0) (1 0) (0 1) (0 0) (0 0) (0 1) (0 1) (0 0) (1 0) (1 1) (1 1) (0 0) (0 1) (0 1) (1 0) (1 1) (1 0) (0 0) (0 0) (1 1) (1 1) (1 1) (1 1) (1 1) (1 1) (0 1) (1 1) (1 0) (0 1) (0 0) (0 0) (0 1) (0 0) (1 1) (1 0) (0 1) (0 0) (0 1) (0 1) (0 0) (1 0) (0 1) (0 0) (0 1) (0 1) (1 1) (0 1) (1 1) (0 1) (1 1) (0 1) (0 0) (1 0) (0 0) (1 1) (0 1) (0 0) (0 1) (1 1) (0 0) (1 0) (1 0) (0 0) (0 0) (0 0) (1 1) (1 0) (1 0) (0 0) (0 1) (1 0) (1 0) (1 0) (1 0) (1 1) (0 1) (1 1) (1 1) (0 0) (1 1) (0 0) (0 0) (0 1) (1 1)
bool 87 (1 1) (0 1) (0 1) (1 1) (0 0) (1 0) (0 1) (0 1) (0 0) (1 0) (1 1) (0 0) (1 1) (0 0) (0 1) (0 1) (0 0) (1 1) (0 0) (1 1) (0 1) (1 1) (1 1) (1 0) (1 1) (1 1) (0 1) (1 0) (1 0) (1 0) (0 0) (1 1) (1 0) (0 1) (0 0) (0 1) (1 0) (1 0) (1 0) (0 1) (0 1) (1 0) (1 0) (0 0) (1 1) (0 0) (1 0) (1 0) (1 1) (1 0) (0 0) (0 0) (1 1) (1 0) (0 1) (1 0) (0 0) (0 1) (0 0) (0 0) (1 1) (1 1) (1 1) (1 1) (0 0) (1 1) (1 0) (0 0) (0 0) (0 1) (1 0) (0 1) (0 1) (1 1) (0 0) (0 1) (1 0) (1 1) (1 1) (0 1) (0 1) (1 0) (0 1) (1 0) (0 0) (1 1) (1 0)
char 88 (p b) (b r) (l l) (n g) (g p) (s s) (t d) (c f) (p p) (f h) (q t) (q p) (i p) (m m) (b s) (d m) (e m) (d f) (e e) (e t) (d b) (n q) (r e) (k o) (g t) (a r) (n l) (r e) (d o) (o h) (c o) (n h) (g e) (e s) (a c) (e n) (g b) (k e) (d j) (j k) (s h) (o e) (k s) (n r) (g d) (p t) (q b) (d n) (b p) (s l) (s e) (b a) (f c) (i g) (r o) (m r) (j n) (a o) (l o) (k s) (e g) (d o) (e m) (g s) (b p) (e l) (j m) (l l) (t i) (m h) (a c) (i n) (r f) (b l) (p t) (d i) (f l) (b c) (m f) (s t) (r j) (p g) (t g) (f j) (i e) (f i) (q d) (n b)
char 89 (c b) (j l) (f g) (g r) (a i) (q t) (i c) (i s) (b j) (o g) (p d) (m n) (q d) (m k) (l k) (g i) (g m) (b o) (g q) (r m) (d p) (m j) (i l) (n r) (m k) (a p) (h q) (n g) (p g) (b c) (o s) (j t) (e d) (n d) (h p) (b n) (p i) (e f) (j o) (b t) (k d) (q t) (n n) (k j) (d l) (g l) (g p) (i a) (r r) (f t) (m i) (i n) (e f) (b s) (l j) (k r) (p t) (l i) (s t) (q c) (i m) (n s) (l n) (e l) (h h) (t h) (l f) (a p) (r s) (g s) (f q) (b d) (s t) (p k) (r n) (i i) (s g) (i a) (o l) (f e) (i c) (d o) (p d) (l t) (b d) (h c) (e s) (i t) (f b)
char 89 (m h) (l h) (j i) (b j) (a h) (e k) (m i) (g t) (s o) (g n) (l f) (l l) (j p) (s r) (b f) (j m) (o s) (b l) (j c) (f m) (d r) (h r) (j n) (c d) (a h) (o i) (e b) (l f) (a b) (f b) (k p) (n n) (d j) (k p) (q b) (g a) (i j) (g n) (q r) (q r) (j g) (j n) (h q) (r b) (d l) (r o) (p a) (h j) (i e) (a q) (o f) (q f) (f c) (t s) (o n) (b r) (n g) (n l) (c r) (r f) (s s) (p b) (r c) (p i) (g t) (f g) (c o) (r h) (o b) (j a) (n i) (q d) (n d) (l t) (k t) (h a) (b l) (e l) (f a) (k f) (q b) (e m) (q j) (d p) (g h) (e h) (m g) (t h) (g p)
char 90 (n j) (d j) (s s) (f g) (b b) (s l) (b d) (j s) (o e) (m s) (r q) (q a) (j r) (n l) (q m) (l p) (n b) (n k) (m r) (k i) (o f) (r a) (m g) (o m) (s k) (n r) (g o) (f l) (e d) (c l) (f b) (g g) (b n) (k h) (q a) (o p) (h d) (g o) (h j) (i m) (m c) (t d) (c c) (c i) (g s) (q p) (t b) (n c) (k t) (l o) (e q) (i h) (g d) (m a) (f i) (m t) (f c) (m b) (p m) (q b) (k m) (o p) (i p) (p i) (n g) (i k) (g k) (k f) (t i) (s a) (k p) (j c) (d q) (p m) (g e) (h g) (h f) (s k) (c t) (l t) (j t) (c f) (c r) (h h) (m g) (p l) (q i) (l e) (i l) (c e)
double 90 (5.05 6.72) (8.4 7.2) (5.81 2.3) (0.13 6.71) (1.67 2.3) (9.54 7.92) (6.61 1.28) (6.55 4.21) (4.25 7.12) (2.77 0.67) (3.32 0.61) (2.34 0.79) (4.47 2.51) (7.42 6.18) (9.12 5.46) (5.43 8.85) (9.98 7.55) (0.84 3.6) (3.93 7.9) (0.96 5.65) (2.13 4.47) (0.19 0.07) (1.79 2.13) (1.37 3.85) (3.4 8.29) (3.36 9.55) (0.54 2.86) (5.4 7.54) (4.27 6.08) (2.91 5.57) (0.9 3.12) (8.61 6.41) (5.67 7.58) (6.43 4.15) (6.53 4.16) (1.55 0.48) (6.79 8.33) (0.73 4.75) (6.49 3.07) (5.34 9.78) (1.1 3.09) (9.06 3.81) (8.2 5.83) (3.24 5.05) (9.04 6.37) (9.14 9.48) (1.5 4.81) (2.83 3.57) (3.95 6.26) (8.77 5.72) (5.22 6.3) (3.24 0.71) (1.54 6.09) (7.16 8.47) (8.19 4.38) (6.85 5.75) (4.9 7.66) (3.85 1.72) (7.6 4.91) (3.44 4.29) (6.82 9.6) (8.46 4.55) (9.61 6.67) (1.12 0.62) (8.21 7.08) (2.98 7.33) (4.78 6.74) (2.03 7.24) (5.46 2.05) (0.65 0.91) (8.3 0.23) (2.96 2.55) (9.72 7.06) (2.87 9.58) (9.79 3.01) (9.64 1.81) (3.13 7.4) (9.35 9.49) (9.44 7.79) (4.47 7.66) (8.31 3.71) (0.29 3.97) (3.5 0.88) (0.24 8.36) (1.95 3.88) (0.83 5.05) (9.68 8) (3.51 5.06) (0.76 1.1) (4.31 0.28)
char 91 (s a) (k n) (o j) (k a) (b c) (c h) (p s) (e o) (s j) (n q) (f i) (p e) (a b) (p q) (n k) (n f) (h j) (s l) (h b) (s c) (b e) (s c) (h o) (b j) (s t) (f p) (l k) (j h) (o h) (r o) (b r) (l k) (f o) (l h) (e i) (s t) (d o) (j q) (i d) (g c) (a q) (h t) (l m) (d i) (l k) (t g) (m f) (r t) (e r) (r o) (q d) (b c) (n d) (t r) (i m) (m i) (r g) (c n) (c p) (n b) (i g) (o d) (p g) (c l) (o j) (q r) (h k) (h j) (p k) (l s) (s b) (r d) (n r) (a h) (o p) (n e) (j f) (h f) (f a) (q l) (t g) (e q) (m e) (o b) (g r) (j o) (p l) (r l) (t c) (d k) (h h)
double 91 (2.48 0.69) (1.15 8.36) (5.28 4.67) (6.19 8.24) (6.05 3.99) (0.46 3.72) (9.81 0.47) (6.76 8.39) (8.67 0.26) (8.4 7.32) (7.59 9.36) (5.8 3.2) (8.74 9.72) (1.16 4.17) (6.44 6.92) (4.73 6.85) (7.32 7.83) (2.13 6.38) (5.92 1.36) (3.8 2.09) (1.23 2.06) (9.76 0.57) (4.59 0.51) (4.61 1.19) (8.17 1.54) (1.96 6.58) (3.89 9.71) (8.19 7.92) (0.09 9.7) (2.88 9.58) (8.35 5.34) (4.49 0.93) (0.29 2.09) (4.9 5.96) (0.61 8.05) (4.28 9.09) (4.81 6.35) (8.78 1.04) (7.52 2.95) (1.26 0.63) (1.34 3.43) (7.54 6.78) (4.34 1.62) (8.71 1.9) (5.55 2.58) (9.04 3.09) (8.92 0.91) (0.23 9.21) (7.97 1.95) (5 9.39) (5.81 5.04) (8.27 4.52) (7.12 0.4) (4.37 8.78) (6.56 1.12) (9.57 3.52) (7.21 1.59) (3.29 7.46) (1.2 1.25) (7.09 2.91) (4.43 7.21) (3.1 4.97) (9.97 9.08) (7.07 4.15) (6.12 9.88) (4.05 3.74) (4.03 8.89) (4.48 8.27) (5.29 8.22) (7.19 0.54) (0.73 9.65) (8.75 0.57) (1.59 0.05) (2.99 9.89) (1.61 5.45) (9.95 4.68) (1.36 6.21) (4.25 7.75) (2.91 0.78) (8.14 5.59) (7.23 5.65) (7.14 2.87) (4.09 4.12) (2.25 1.8) (3.97 0.41) (2.84 0.09) (5.48 3.48) (1.59 3.7) (2.66 7.81) (2.63 8.67) (9.54 2.5)
char 91 (f l) (e r) (k o) (n d) (j l) (l d) (t a) (i l) (f m) (l l) (e m) (h o) (f g) (c q) (p m) (e c) (p h) (a p) (o s) (m e) (m s) (m h) (t k) (j r) (h t) (t d) (a p) (n j) (f d) (m e) (s f) (m l) (f j) (e h) (p j) (h r) (d s) (q b) (l c) (j q) (j a) (e l) (f l) (m r) (j h) (j c) (g m) (i g) (i h) (s h) (p r) (i a) (d l) (j r) (f m) (h l) (p r) (c s) (f b) (p g) (m o) (t n) (e a) (e i) (e o) (f t) (f b) (b o) (f i) (s g) (l i) (f q) (g d) (o r) (m n) (b b) (d s) (n t) (l b) (f a) (c p) (r d) (b r) (b i) (m k) (c e) (m p) (o d) (s c) (d o) (d q)
bool 99 (1 0) (0 0) (1 1) (1 1) (1 1) (1 1) (1 1) (0 0) (1 1) (0 0) (1 1) (1 1) (0 1) (1 0) (0 0) (1 1) (0 1) (1 1) (0 1) (1 0) (1 1) (1 1) (1 1) (0 1) (0 1) (0 0) (0 0) (1 0) (1 1) (1 1) (1 0) (1 1) (0 0) (1 1) (1 0) (0 1) (1 0) (1 0) (1 1) (0 1) (0 1) (0 1) (1 1) (0 1) (1 1) (1 0) (1 0) (1 1) (0 0) (0 0) (1 0) (1 1) (1 0) (1 1) (0 0) (1 1) (0 0) (1 1) (0 1) (1 0) (0 1) (0 0) (0 1) (1 0) (1 1) (0 1) (1 0) (0 1) (0 0) (0 1) (1 1) (0 1) (0 0) (0 0) (0 0) (0 1) (0 0) (0 1) (1 1) (0 0) (0 1) (0 0) (1 0) (1 1) (0 1) (1 1) (0 1) (0 0) (1 0) (0 1) (1 1) (1 1) (1 0) (0 1) (0 0) (0 1) (0 1) (1 1) (1 0)
int 101 (68 92) (75 39) (46 78) (83 5) (24 70) (50 81) (48 46) (24 4) (97 60) (2 45) (57 34) (34 8) (32 28) (84 59) (10 72) (62 2) (88 89) (14 52) (14 21) (98 7) (46 38) (94 34) (58 9) (93 65) (53 16) (6 39) (30 88) (37 78) (31 12) (74 51) (42 50) (67 89) (9 75) (27 81) (8 57) (60 45) (9 23) (78 23) (28 49) (2 44) (47 44) (90 89) (46 66) (39 12) (95 37) (38 14) (68 43) (93 93) (7 26) (13 79) (32 77) (29 42) (3 97) (70 67) (42 43) (66 87) (7 36) (9 43) (3 75) (69 66) (79 62) (27 61) (86 54) (97 7) (46 25) (87 10) (66 23) (82 69) (15 59) (95 88) (91 66) (23 58) (35 58) (23 37) (40 62) (30 46) (35 67) (7 86) (40 72) (86 7) (99 63) (21 69) (64 3) (17 99) (30 15) (51 82) (16 97) (90 16) (71 16) (12 48) (91 36) (72 97) (21 97) (19 97) (6 73) (82 89) (25 24) (65 26) (52 29) (45 50) (76 30)
double 102 (5.15 7.58) (5.04 4.41) (2.79 1.1) (8.18 1.61) (9.49 8.22) (1.73 5.92) (6.28 2.37) (1.35 0.41) (9.79 7.78) (9.88 4.69) (1.59 7.85) (9.15 4.48) (6.73 1.5) (2.88 1.36) (2.18 0.47) (7.62 8.6) (3.72 5.51) (5.34 7.62) (8.9 8.22) (9.29 8.48) (5.98 3.41) (0.71 0.05) (0.76 8.45) (1.85 0.16) (6.91 5.73) (2.18 4.31) (8.59 4.66) (5.54 9.31) (6.18 2.07) (0.97 3.77) (0.67 0.86) (7.1 6.12) (8.54 8.98) (9.73 2.23) (7.33 2.74) (2.43 4.75) (0.44 4.1) (6.58 6.74) (3.59 5.25) (1.68 8.36) (7.6 9.3) (0.27 4.03) (3.28 2.01) (2.38 5.03) (5.76 5.89) (1.18 8.33) (4.93 1.01) (4.39 6.75) (2.16 6.87) (1 0.65) (0.48 3.78) (7.81 8.29) (0.54 0.51) (6.4 5.53) (8.79 6.99) (8.57 7.54) (3.97 7.35) (9.13 1.02) (2.98 2.51) (1.06 3.37) (9.51 4.23) (2.31 1.68) (6.75 7.46) (6.07 9.59) (1.91 1.94) (8.03 6.52) (8.8 1.46) (3.78 3.79) (3.93 6.74) (6.23 5.87) (9.58 2.46) (7 6.06) (3.78 2.71) (4.53 6.9) (2.89 2.07) (2.41 7.61) (8.35 9.5) (6.56 9.1) (3.93 4.41) (1.01 9.29) (8.76 5.84) (7.11 7.87) (7.52 4.36) (8.32 5.06) (0.14 8.41) (5.57 1.73) (4.31 1.26) (4.37 1.09) (2.44 8.86) (6.34 4.23) (6.7 0.09) (3.91 1.23) (6.74 7.73) (9.29 6.89) (1.59 9.16) (7.61 0.7) (2.65 1.57) (8.05 9.36) (5.62 9.71) (1.99 7.74) (5.13 5.73) (2.4 5.9)
int 107 (40 19) (40 97) (88 80) (50 77) (43 54) (36 90) (54 91) (71 17) (38 96) (20 33) (76 30) (12 83) (34 38) (89 87) (41 78) (49 76) (84 34) (80 17) (64 36) (68 29) (26 90) (82 94) (49 88) (9 17) (35 30) (92 58) (58 77) (84 81) (9 57) (44 24) (33 95) (86 44) (43 39) (99 25) (36 91) (26 64) (12 93) (71 12) (29 81) (14 79) (11 72) (57 33) (30 43) (81 67) (6 87) (54 19) (40 74) (65 69) (89 71) (3 60) (56 40) (44 98) (27 69) (95 82) (36 27) (69 74) (53 66) (70 67) (45 34) (66 25) (28 97) (55 9) (95 10) (94 98) (75 78) (86 85) (61 47) (43 26) (5 67) (65 61) (65 64) (75 25) (81 99) (62 53) (50 75) (48 73) (76 35) (51 49) (51 83) (77 46) (70 25) (47 23) (77 76) (56 82) (25 73) (1 76) (21 90) (34 62) (56 45) (79 21) (30 99) (72 5) (41 17) (83 42) (7 98) (33 92) (37 42) (89 67) (8 60) (32 59) (54 88) (38 37) (27 16) (62 3) (20 27) (63 42) (94 63)
int 108 (14 11) (12 92) (75 94) (60 87) (64 45) (56 35) (37 91) (38 65) (92 80) (58 17) (56 82) (25 36) (75 38) (35 35) (61 46) (87 43) (8 46) (64 31) (4 22) (37 78) (9 28) (9 39) (52 43) (98 82) (85 42) (77 11) (37 64) (60 74) (57 63) (42 57) (52 25) (77 77) (5 60) (20 61) (88 20) (74 70) (81 80) (7 33) (36 63) (44 82) (48 64) (86 49) (48 22) (74 3) (20 81) (68 32) (49 98) (93 79) (39 70) (6 28) (3 81) (19 26) (2 4) (29 4) (66 17) (41 41) (63 15) (6 44) (90 85) (15 97) (17 6) (98 13) (10 61) (60 76) (80 77) (95 70) (35 76) (89 92) (4 71) (92 53) (32 71) (78 52) (3 80) (27 42) (25 17) (37 91) (12 33) (29 34) (85 19) (65 12) (87 13) (93 7) (92 98) (65 33) (92 2) (26 68) (51 78) (69 79) (99 11) (19 50) (78 24) (25 85) (98 77) (49 21) (86 91) (65 87) (79 34) (23 35) (36 94) (3 20) (92 14) (93 9) (82 44) (56 64) (32 59) (53 25) (27 56) (30 7)
double 108 (8.71 8.18) (4.58 2.5) (0.63 7.44) (9.79 7.23) (8.6 8.33) (4.8 8.9) (2.17 1.69) (3.72 2.7) (6.33 1.68) (5.54 3.97) (3.09 5.21) (4 7.11) (3.91 3.69) (9.51 4.37) (5.32 2.49) (9.19 1.1) (3.94 5.88) (0.91 3.94) (6.87 4.74) (0.74 7.92) (0.64 0.06) (3.73 0.7) (2.97 0.13) (5.69 3.7) (7.73 1.63) (1.29 2.33) (5.44 1.08) (4.62 2.84) (0.93 6.75) (4.72 5.08) (0.04 5.45) (8.83 3.12) (3.97 8.5) (0.3 5.62) (1.73 1.64) (0.88 8.7) (5.25 1.23) (7.53 6.97) (3.67 8.15) (6.03 5.99) (0.24 8.04) (3.09 6.18) (6.18 3.26) (4.14 2.39) (9.05 2.29) (7.34 7.1) (4.23 3.19) (7.49 1.86) (7.75 0.08) (8.03 6.74) (4.79 4.02) (0.02 2.59) (7.6 6.55) (3.01 5.3) (8.25 9.89) (1.59 6.58) (3.43 2.06) (8.29 3.75) (6.84 8.24) (5.43 1.28) (7.83 8.85) (8.6 7.53) (9.21 0.43) (2.31 0.76) (1.63 9.4) (8.68 8.58) (6.26 4.75) (3.58 1.61) (5.75 5.31) (1.67 5.17) (1.66 6.79) (9.7 4.44) (3.4 2.46) (5.76 4.17) (3.2 4.25) (2.56 2.79) (0.43 3.31) (5.28 6.76) (0.14 9.66) (0.9 9.36) (6 2.02) (7.64 9.91) (3.69 2.52) (3.11 5.43) (5.88 7.35) (3.94 2.88) (4.23 6.26) (8.63 7.86) (4.62 8.95) (6.33 5.82) (4.39 0.17) (7.24 4.79) (8.83 6.43) (6.68 9.06) (6.36 8.24) (7.2 2.09) (4.29 1.52) (2.22 7.88) (4.97 9.79) (9.37 3) (0.67 7.94) (1.47 0.16) (3.15 4.47) (7.89 4.88) (8.28 2.25) (1.95 0.22) (5.07 1.47) (6.52 4.62)
bool 109 (1 1) (0 1) (0 0) (0 1) (1 1) (0 0) (0 1) (0 0) (1 0) (0 0) (0 1) (0 1) (1 1) (1 0) (1 1) (0 0) (0 1) (1 0) (1 1) (0 1) (0 1) (0 0) (0 1) (1 1) (1 0) (1 1) (0 0) (1 0) (0 0) (1 1) (0 0) (1 0) (0 1) (1 1) (0 0) (1 1) (1 1) (1 0) (1 1) (1 0) (0 1) (0 1) (1 0) (1 0) (1 1) (0 1) (1 0) (1 1) (1 1) (1 1) (0 0) (0 0) (0 0) (1 1) (1 1) (1 0) (1 1) (1 1) (0 0) (0 1) (1 1) (1 1) (0 1) (0 0) (0 1) (0 0) (1 0) (1 1) (0 1) (1 0) (1 0) (0 0) (0 1) (1 1) (0 1) (1 0) (1 1) (1 0) (0 0) (0 1) (1 0) (1 1) (1 1) (0 0) (1 0) (1 0) (1 1) (0 0) (1 0) (0 0) (1 1) (1 0) (1 1) (1 0) (1 1) (0 0) (0 0) (1 1) (1 0) (0 0) (1 0) (0 1) (1 0) (0 1) (1 0) (1 0) (1 0) (0 0) (0 0)
