20 7 13 6 4 2 7 9 10
20 8 3 7 4 14 1 6 9 5
44 8 8 15 2 1 7 11 16 14
18 8 15 16 8 3 12 7 2 14
38 8 4 6 16 2 8 5 7 11
81 9 16 5 8 2 17 3 9 10 11
53 9 16 5 6 3 11 4 17 9 8
43 10 11 19 6 20 16 8 4 18 7 15
35 10 18 2 19 6 13 1 12 3 5 4
65 11 14 4 16 9 20 19 22 10 7 21 5
67 11 1 15 10 21 13 14 6 9 8 5 22
60 12 22 1 13 2 6 12 23 3 19 15 4 9
115 13 21 2 8 12 15 7 3 24 10 9 14 20 11
53 13 15 21 16 7 5 9 11 18 12 1 19 25 6
60 14 20 9 3 26 7 10 22 14 21 6 13 15 16 2
59 15 2 24 4 21 14 3 17 13 7 5 30 23 15 6 18
71 15 1 13 26 27 15 10 4 8 28 2 30 17 12 29 18
122 16 15 20 18 32 10 2 6 23 5 24 13 12 29 28 1 3
110 16 7 19 26 1 8 31 22 17 11 32 9 29 28 24 30 21
94 19 28 17 4 14 37 30 19 18 36 20 12 38 13 31 11 22 24 34 3
118 20 6 4 24 17 35 15 23 19 30 3 27 33 25 2 26 21 29 16 20 11
153 20 21 17 37 14 16 25 18 24 34 22 19 3 15 2 32 38 20 7 36 30
104 22 36 28 8 23 1 11 41 31 16 17 10 37 2 12 35 6 21 14 18 29 4 26
136 22 23 25 43 41 6 34 8 24 36 20 16 2 12 3 5 29 31 14 11 7 10 28
105 23 40 39 42 12 13 15 38 14 33 26 7 34 11 19 10 31 24 1 6 5 43 25 23
105 23 10 19 15 34 33 25 40 38 30 9 16 1 36 11 39 18 8 45 28 4 7 35 17
162 23 38 44 32 22 14 19 2 24 40 46 13 27 25 20 28 15 11 6 26 21 43 4 29
117 25 2 43 20 38 22 50 34 48 3 15 14 5 23 11 32 13 24 7 4 40 45 12 36 19 21
72 26 47 19 49 14 24 35 23 5 20 37 38 39 27 41 15 42 26 17 31 30 29 28 45 43 3 52
53 26 30 19 5 9 52 32 2 8 31 43 40 37 21 47 44 42 29 48 6 45 13 7 27 10 38 23
113 28 21 8 4 43 34 22 9 49 29 11 28 39 25 53 18 13 14 48 54 38 41 47 50 55 23 6 44 40
285 31 29 22 59 39 21 7 24 19 27 17 37 35 33 36 4 32 54 9 46 41 48 28 60 51 55 26 6 3 25 5 44
77 31 38 27 26 22 58 13 55 20 39 50 32 14 59 16 31 56 7 36 8 9 15 44 45 25 62 43 47 12 52 51 46
167 31 11 24 34 55 33 14 7 32 56 31 37 36 28 50 53 29 4 49 58 42 46 44 9 10 39 57 51 61 15 40 60
121 32 12 10 40 16 55 36 47 45 32 52 17 35 29 13 58 9 24 20 39 15 11 62 44 37 2 18 61 6 41 14 48 23
171 32 31 16 14 29 36 38 27 57 32 1 17 13 25 64 47 28 44 10 8 18 35 3 12 60 50 61 53 58 22 48 39 23
177 34 10 31 43 9 28 19 59 33 63 54 50 27 45 25 18 44 4 6 11 58 68 22 39 16 52 7 56 35 21 20 49 48 34 37
235 36 23 68 36 62 21 32 4 29 5 35 15 18 33 65 27 60 10 44 26 16 1 54 24 72 42 38 63 11 57 43 41 14 2 47 17 45
94 37 10 18 64 9 30 45 31 63 68 16 59 1 29 47 36 24 12 17 73 20 58 74 43 60 52 34 69 66 8 26 38 53 33 2 28 50 61
298 38 20 13 64 9 14 50 55 41 4 43 60 71 51 39 28 42 48 38 62 31 68 18 26 6 30 53 29 15 12 3 69 33 54 36 73 52 61 22
453 40 44 25 33 18 71 66 5 42 47 39 40 48 46 15 63 49 17 35 41 77 75 60 31 45 2 52 58 28 55 1 27 36 72 54 16 69 30 38 61 59
337 43 17 52 57 21 8 45 60 25 9 71 75 15 47 66 76 80 3 73 59 78 14 70 11 22 41 38 5 29 49 74 48 82 6 64 68 72 50 84 7 33 36 55 19
335 46 20 2 79 90 80 27 39 89 62 36 83 82 37 26 84 67 10 57 1 50 34 12 11 61 41 75 77 81 45 92 18 55 33 85 54 42 17 6 48 78 69 15 68 43 59 32
417 46 89 74 5 47 16 73 9 87 66 77 34 12 86 17 91 56 6 65 90 26 60 39 4 51 61 78 25 18 44 41 79 2 32 50 45 52 92 31 20 68 54 23 70 62 59 55
541 47 7 90 68 71 12 38 81 9 66 52 13 62 60 50 31 46 8 75 78 74 44 35 58 72 33 83 2 19 65 51 73 42 34 57 27 25 92 30 15 54 23 17 94 56 89 11 47
160 47 28 34 59 56 43 15 41 8 69 68 58 33 40 21 71 29 54 24 23 55 72 25 52 65 47 42 78 2 82 10 87 73 13 48 51 67 79 75 46 90 92 80 5 89 94 63 11
272 48 75 71 42 4 33 61 56 26 77 53 90 43 35 44 80 28 30 50 91 12 55 87 74 17 66 7 27 29 72 54 60 41 2 45 24 88 36 21 18 68 63 62 93 19 65 79 40 6
496 49 30 42 6 63 46 58 48 68 67 26 95 35 54 75 7 12 73 4 94 98 1 3 55 37 86 76 49 44 62 23 2 77 79 38 50 83 14 84 21 36 5 96 56 93 31 34 51 72 28
103 50 60 95 87 63 11 10 30 37 59 58 5 31 79 40 39 23 43 99 54 26 48 6 83 96 77 94 29 72 46 32 78 36 71 47 76 51 56 24 13 25 52 45 28 82 41 44 80 35 100 19
111 50 30 82 31 76 79 38 97 52 8 18 11 61 47 20 5 33 51 50 95 58 39 63 94 24 80 10 21 19 3 45 12 4 55 17 37 2 35 15 16 32 90 23 14 81 60 40 9 93 85 77
114 50 2 11 55 70 65 64 85 3 57 1 33 74 17 10 83 79 59 44 29 96 28 100 35 75 89 95 63 22 9 97 84 91 69 49 14 19 66 36 47 54 73 27 23 30 7 98 31 94 86 58
231 51 72 88 6 2 8 32 75 101 89 69 55 42 97 30 64 58 71 66 28 20 7 82 87 74 17 47 93 29 15 31 53 56 86 102 45 99 92 36 24 51 22 67 25 18 65 40 100 50 13 44 68
432 52 77 80 94 101 64 65 68 88 51 4 3 104 82 5 22 63 21 27 29 44 40 71 46 1 78 52 79 61 55 34 30 66 48 56 13 73 6 49 8 50 81 45 98 18 28 69 90 36 20 57 89 91
216 53 55 77 21 10 62 27 91 44 89 74 26 57 31 65 12 92 104 84 6 81 25 53 46 87 2 79 28 75 34 99 105 59 47 69 9 82 8 86 52 11 103 49 58 100 30 80 106 54 68 71 13 39 66
292 54 23 80 44 74 37 11 99 102 27 79 83 55 106 78 48 42 58 2 50 54 4 17 16 19 46 49 40 63 103 52 65 68 10 24 61 36 13 87 30 6 67 96 89 105 22 26 28 38 25 29 56 1 97 75
316 55 41 70 15 61 72 44 56 3 16 38 108 109 90 21 45 105 11 85 53 32 35 71 75 89 84 48 73 39 78 101 94 64 42 80 47 1 17 10 12 46 81 102 66 2 92 54 59 83 93 67 69 9 95 29 77
290 56 58 56 4 8 48 17 99 20 54 61 11 60 15 22 27 104 32 33 30 77 71 107 82 96 36 3 110 6 43 26 28 40 68 39 16 90 98 62 85 38 76 46 31 86 93 72 7 100 67 73 97 64 66 42 74 91
184 56 27 52 106 41 17 89 101 69 76 8 94 95 54 35 44 73 77 86 21 34 16 68 23 58 24 87 5 66 93 50 104 102 33 67 42 26 65 20 78 80 49 99 81 9 18 79 103 100 70 1 90 110 39 98 2 112
257 56 48 105 72 25 9 93 19 14 41 31 13 55 24 60 56 12 76 46 89 64 73 26 10 51 84 29 81 59 77 11 103 62 108 83 50 2 33 16 18 53 40 3 4 101 87 21 96 100 102 75 80 68 111 38 22 107
302 59 5 37 35 4 49 29 72 33 94 6 114 77 30 83 55 25 17 89 86 52 104 9 43 115 26 84 81 110 73 42 12 67 105 54 95 116 108 71 93 2 32 102 90 39 7 36 27 1 92 91 53 82 70 51 21 10 15 88 19
547 59 18 102 113 49 29 99 22 21 79 4 97 96 65 57 36 83 50 1 13 35 81 58 28 78 7 76 90 98 64 51 85 69 26 27 84 92 110 109 10 25 118 53 75 74 68 44 43 9 71 91 94 66 19 34 105 32 82 40 24
355 59 96 62 101 116 110 115 111 34 102 10 106 27 6 84 51 100 30 66 28 52 113 86 76 56 107 74 105 22 29 11 33 54 71 49 108 37 16 91 3 59 41 83 103 98 25 88 35 21 94 64 24 118 26 87 2 89 15 7 60
463 60 41 30 107 22 74 4 21 96 28 35 106 31 1 113 23 114 11 14 60 24 110 108 18 73 79 45 80 109 47 48 19 61 87 90 111 103 8 55 70 82 57 3 117 116 53 67 32 58 91 34 88 64 33 9 10 89 77 62 25 94
623 62 91 106 55 85 61 16 10 34 31 42 123 9 96 36 27 45 23 37 13 117 118 72 65 109 39 40 75 57 98 44 77 70 88 81 60 79 46 22 29 4 105 71 54 32 90 102 51 80 52 108 113 68 26 97 84 83 93 78 114 30 62 95
232 63 119 45 1 9 111 50 95 74 91 56 103 67 36 19 73 55 82 47 72 42 75 90 104 115 71 85 87 112 108 2 28 27 53 92 4 41 39 17 123 79 16 101 23 69 54 121 58 63 22 96 43 34 60 83 98 120 5 32 7 116 29 18 114
210 64 115 48 53 30 78 77 76 63 7 58 99 119 17 90 105 44 88 108 98 66 41 13 43 38 60 61 19 69 24 73 86 101 122 3 20 47 29 113 46 49 110 34 22 116 81 72 59 75 36 70 31 15 106 104 32 21 128 56 92 95 118 68 52 65
247 65 20 74 130 26 60 64 56 48 51 87 1 65 95 63 18 88 92 28 76 50 85 40 2 3 113 12 25 61 114 43 117 110 81 33 54 46 31 119 80 84 27 24 71 47 36 82 4 112 69 42 10 104 125 9 77 70 94 62 123 52 122 83 67 16 102
416 69 51 134 7 75 16 123 59 83 41 38 91 85 100 45 39 1 46 12 105 106 66 4 103 30 63 121 77 116 138 101 15 126 64 108 110 107 26 13 10 2 21 32 70 122 24 79 52 86 60 34 73 99 117 49 29 69 47 125 20 111 57 94 61 128 65 68 109 14 19
245 72 89 52 136 79 99 15 111 5 130 11 82 42 116 84 144 62 40 107 102 21 106 74 100 14 13 12 1 27 135 88 129 67 124 26 24 131 114 53 75 58 4 101 85 96 25 139 108 69 105 113 137 23 55 98 68 47 18 94 22 93 20 73 104 71 117 86 97 16 110 60 41 8
662 72 97 121 99 137 17 5 63 66 67 25 115 140 52 132 49 57 51 98 138 43 2 113 83 76 26 18 112 31 64 59 126 72 105 101 116 134 133 111 80 11 127 13 85 87 109 33 32 108 139 89 9 21 54 14 50 135 3 69 53 122 10 88 95 124 55 19 44 110 68 90 94 96
302 75 78 93 53 27 146 67 131 40 145 50 126 125 81 41 96 8 52 119 135 49 22 121 4 43 62 113 15 11 106 128 144 74 105 133 30 75 122 101 54 89 82 108 17 111 110 51 116 87 32 48 72 47 99 141 56 34 42 98 59 14 90 84 23 57 79 143 7 114 2 44 137 24 21 36 85
544 75 39 41 107 76 3 109 92 140 14 129 96 91 28 36 133 25 6 16 63 108 147 97 137 99 48 1 52 34 57 2 4 65 106 131 31 10 33 58 26 149 127 46 80 116 73 53 61 20 138 90 23 136 40 12 59 121 144 146 15 115 19 68 105 50 83 126 122 49 103 21 71 47 8 119 54
336 76 34 66 19 26 77 5 62 47 147 28 140 3 44 76 89 68 45 150 83 29 9 52 130 18 32 50 61 121 114 85 113 93 71 100 142 149 86 126 139 123 104 67 63 119 36 117 65 39 27 2 88 115 40 90 124 97 109 35 69 84 1 43 144 146 129 127 94 108 12 70 82 8 11 41 7 58
281 77 48 88 55 77 6 153 30 119 51 56 105 23 123 106 5 47 147 81 82 49 102 99 40 66 44 64 24 111 139 118 57 8 25 14 96 149 95 54 68 71 52 120 150 87 100 84 97 143 138 122 15 21 151 43 65 27 148 107 59 73 89 39 63 131 86 128 76 29 4 93 112 1 46 11 45 61 12
363 77 150 49 130 141 149 85 139 122 148 52 134 18 108 152 98 36 29 9 97 58 40 91 107 154 59 5 96 64 19 22 23 27 7 100 1 33 45 84 41 38 114 16 30 26 137 11 6 76 61 111 145 3 128 62 136 66 60 21 56 72 57 88 77 125 4 50 144 124 105 43 110 78 101 13 73 142 93
178 77 50 72 25 2 122 70 121 123 111 99 63 92 1 4 107 85 95 5 138 154 21 14 86 39 126 89 130 150 55 53 19 80 119 41 113 10 110 100 40 104 106 32 59 13 93 118 91 48 37 141 47 127 144 74 137 68 36 45 151 143 131 3 81 7 46 90 34 115 114 64 26 97 108 15 124 52 94
312 79 94 122 150 104 44 27 107 51 60 89 92 156 82 13 146 23 15 95 47 19 147 103 157 68 35 76 4 38 12 78 11 58 29 21 135 115 85 37 61 129 80 132 90 124 137 97 136 118 6 34 91 1 108 121 142 109 111 148 87 72 133 36 30 152 88 69 143 83 66 102 96 43 53 144 128 32 70 105 75
687 80 80 130 152 105 3 153 33 42 76 2 1 79 142 13 157 63 49 126 143 27 53 70 88 118 96 72 102 6 108 87 103 148 66 24 89 41 101 21 23 123 62 134 39 133 45 32 28 85 159 119 140 22 4 17 36 61 104 25 124 117 58 94 16 136 54 9 30 149 154 114 131 147 14 122 47 68 46 55 35 51
498 80 110 123 31 71 50 128 53 126 140 76 142 156 82 117 159 98 44 68 22 55 18 157 116 144 94 101 127 149 139 37 129 91 52 64 17 153 103 158 35 45 8 33 4 119 19 30 84 1 115 26 85 6 136 25 93 72 122 133 3 111 43 143 23 120 105 86 90 104 74 131 27 77 150 125 152 29 112 14 78 107
591 80 152 103 37 150 8 123 96 26 1 116 80 122 74 138 53 75 51 34 55 102 73 137 36 78 85 68 30 67 47 139 58 60 128 42 49 155 15 107 129 48 130 132 151 91 32 127 104 97 124 41 57 158 4 81 44 135 71 86 12 100 33 22 84 146 17 110 70 40 18 89 159 126 56 134 21 13 114 113 94 108
377 82 67 35 92 111 44 151 13 130 106 147 120 134 101 138 54 14 158 104 32 99 37 26 43 142 122 80 81 65 40 7 98 95 6 140 12 100 93 8 49 53 4 55 83 28 127 131 87 75 152 145 116 1 85 118 10 110 88 69 38 78 63 42 22 19 25 41 123 23 159 113 70 108 17 50 71 153 72 30 51 136 34 59
494 85 6 96 134 126 85 1 159 107 4 152 137 139 150 11 118 144 71 43 158 146 24 104 88 147 89 17 136 149 119 13 91 60 163 127 108 19 57 90 66 15 83 39 168 58 20 35 132 106 74 37 76 113 160 53 14 5 47 79 98 61 145 117 170 42 95 135 69 64 40 93 12 72 123 80 82 115 9 25 99 23 54 124 109 131 105
665 86 147 28 79 45 49 125 21 25 88 109 152 134 158 165 63 6 50 139 74 23 136 67 104 111 14 83 133 145 122 162 151 64 98 126 84 115 153 135 77 141 44 41 154 42 29 131 113 39 31 32 40 71 43 108 65 94 46 69 37 124 11 100 26 156 155 140 48 17 82 38 78 95 160 128 164 149 76 9 118 2 168 150 27 53 57 112
548 86 74 129 101 139 113 146 76 12 81 62 38 83 94 32 8 15 56 92 33 128 2 9 161 60 73 140 171 121 28 124 75 164 160 55 120 84 23 82 40 50 116 130 7 77 25 69 45 122 86 145 85 41 27 144 156 68 132 35 169 70 72 165 58 114 117 123 99 34 151 149 51 131 147 67 172 47 98 135 22 150 105 6 136 110 14 37
224 90 162 67 37 167 114 103 146 29 118 156 72 168 83 6 52 38 174 109 30 47 2 123 81 166 92 63 21 99 155 169 110 111 57 170 108 133 82 159 150 87 120 32 61 119 160 140 96 24 5 173 90 36 112 152 157 23 89 4 64 62 143 28 148 172 128 65 126 75 80 85 15 11 136 48 115 86 22 54 138 145 40 51 73 178 132 14 10 18 105 135
822 90 58 49 159 26 33 116 81 146 51 68 45 10 119 21 34 114 104 141 156 16 61 149 24 83 90 117 136 131 36 56 105 12 127 157 175 151 86 180 107 64 94 148 124 17 103 142 167 134 140 66 98 138 143 53 145 112 6 170 25 113 101 60 70 76 118 125 7 147 154 126 102 115 95 71 89 163 97 73 162 152 40 84 155 173 48 67 85 75 15 91
661 90 101 107 19 15 75 57 9 111 96 122 165 26 158 95 119 11 151 40 58 132 120 112 49 67 48 42 106 108 149 78 150 83 12 161 70 85 180 28 16 157 174 123 81 64 148 32 133 89 114 117 162 169 77 45 44 173 159 68 73 127 171 143 31 22 2 176 25 72 156 121 53 69 38 8 65 154 93 98 52 125 59 13 50 47 5 170 113 146 60 4
567 92 58 1 117 78 94 108 174 31 109 20 160 110 168 99 170 178 151 42 43 132 72 75 65 98 23 152 21 140 175 159 129 76 169 125 27 96 133 14 7 183 166 90 101 126 150 177 12 5 156 172 10 123 163 104 51 67 167 39 63 135 24 79 45 122 57 111 127 62 182 116 73 19 53 115 119 82 15 37 153 162 44 36 68 121 102 180 29 4 60 77 161 25
516 93 184 152 119 179 91 76 123 61 150 162 148 108 105 153 79 183 171 147 87 51 166 50 128 134 143 5 70 93 45 97 12 85 62 154 95 41 49 177 23 55 126 99 149 26 146 180 110 16 111 24 98 113 114 139 21 29 178 71 145 172 141 38 74 142 30 64 73 4 72 14 13 101 1 125 86 80 151 7 118 37 39 31 115 155 2 35 176 170 163 65 158 144 175
761 93 182 40 100 94 181 46 168 57 186 130 134 36 83 21 170 98 158 146 118 56 131 18 106 128 16 84 161 61 72 9 75 14 133 92 141 144 167 31 80 156 49 112 17 124 172 41 135 66 87 23 76 44 175 132 52 149 177 67 51 54 12 5 85 138 180 20 107 11 108 171 2 123 47 34 13 82 160 137 111 143 62 24 29 91 117 8 10 27 104 15 126 185 122
780 94 96 68 32 65 126 80 35 107 164 162 18 158 24 56 85 156 20 152 170 188 3 144 92 88 81 160 181 120 119 71 8 78 98 130 6 87 150 83 154 141 102 151 115 15 22 110 146 94 147 40 29 124 84 66 49 161 118 76 26 111 129 1 186 43 55 19 165 166 167 58 123 21 86 61 38 127 30 97 101 16 62 104 182 59 41 172 175 91 46 51 169 117 31 79
388 95 97 126 139 174 82 84 70 11 77 101 89 3 85 127 170 103 142 76 63 32 21 128 30 147 20 12 110 130 4 144 122 125 40 51 59 33 43 48 163 186 35 113 184 24 160 90 136 34 88 112 1 27 9 62 145 140 165 26 102 83 149 86 94 13 54 92 108 169 75 67 45 7 15 183 166 60 162 129 25 46 156 57 114 10 190 135 111 167 107 66 161 31 173 178 8
340 97 166 21 99 80 91 20 163 81 48 138 74 134 8 105 175 85 162 114 173 29 60 70 111 108 82 135 190 23 113 69 152 121 151 140 155 124 58 43 112 154 57 115 136 159 63 174 122 16 15 107 36 176 120 191 83 6 39 92 59 76 126 45 89 184 100 165 14 137 37 98 75 44 157 71 4 26 90 19 40 142 158 72 106 169 34 139 68 61 51 193 183 144 65 179 149 13 103
168 98 108 83 179 41 10 44 23 130 95 178 137 107 191 182 20 184 43 39 115 121 172 67 163 65 143 7 88 24 76 66 135 132 72 93 16 180 37 2 106 40 190 34 25 98 124 166 86 80 73 148 177 99 13 141 170 145 129 169 94 149 28 21 105 181 164 116 151 104 161 160 4 27 112 126 120 18 186 155 32 158 45 15 118 114 123 147 29 12 3 146 187 196 159 61 173 36 113 38
557 98 162 36 160 165 114 85 170 171 34 108 110 166 2 81 161 149 164 39 133 95 126 156 33 120 57 13 83 116 15 143 29 20 88 86 159 71 157 119 151 14 9 3 137 125 19 132 7 69 60 91 49 112 79 167 82 146 123 28 148 134 193 75 72 124 109 154 66 158 196 24 94 135 152 76 17 47 177 65 101 178 35 180 185 128 144 168 147 105 172 115 103 181 6 189 99 42 190 32
697 100 63 144 93 31 171 157 48 168 192 121 6 110 146 197 140 65 196 13 72 44 176 88 2 130 27 91 120 70 71 166 187 200 34 142 153 87 28 163 103 77 129 145 177 5 100 178 69 181 24 21 78 23 18 141 19 194 104 57 20 42 106 111 29 172 61 148 85 109 119 136 45 165 179 56 114 49 162 82 127 41 14 84 95 113 170 159 175 98 86 174 180 139 52 161 116 12 50 16 156 186
427 100 109 190 83 50 36 69 127 149 41 72 119 118 42 18 198 161 120 107 117 194 136 197 103 166 47 23 150 45 188 163 138 174 98 114 6 142 63 28 46 126 22 153 100 192 54 62 178 133 19 91 86 189 124 193 29 170 13 140 139 158 130 113 129 56 40 164 15 30 195 106 65 32 93 85 66 134 4 55 171 115 183 135 123 97 108 9 52 37 73 38 81 51 102 182 64 165 104 151 184 146
504 103 38 111 43 189 77 100 73 120 198 59 65 84 91 108 31 178 190 41 195 74 48 183 87 143 206 154 24 70 57 12 16 28 177 115 23 142 193 118 72 181 104 5 7 13 20 94 22 35 196 192 61 90 109 197 76 30 167 185 162 54 52 168 191 199 95 69 205 151 179 137 165 157 21 83 67 134 130 26 124 139 146 129 133 56 145 2 6 149 8 171 117 32 101 175 51 166 25 202 53 14 96 144 29
690 104 74 173 167 21 147 80 199 29 203 169 57 42 107 201 142 52 30 61 104 19 188 136 79 137 190 119 6 40 109 90 77 105 123 122 98 15 168 56 58 41 124 50 25 139 88 208 178 5 187 64 38 162 14 154 143 145 72 193 112 49 128 67 181 1 92 4 130 185 8 106 36 39 85 59 179 132 33 94 149 156 155 177 117 184 27 198 114 150 171 65 32 158 161 55 62 45 87 186 134 174 166 152 70 37
293 104 44 114 68 188 56 140 186 179 191 207 117 126 145 129 62 156 196 134 81 180 64 79 13 36 66 118 51 190 208 14 95 59 43 111 201 194 106 160 192 29 4 9 202 1 3 21 23 91 26 185 116 98 164 34 52 16 136 166 39 27 119 138 165 175 83 110 11 101 161 154 99 189 74 19 35 61 108 72 92 86 22 33 105 80 131 50 198 173 102 6 109 170 144 171 90 157 70 12 155 148 15 75 120 8
