char 71 55 l u v w b x j l c x o l p z w n l f b v d b o n g k w x h o h s l p m c g i i b d o a d y k j c t u q q t w w
bool 15 32 0 1 1 1 1 0 0 1 0 1 0 1 1 0 0 1 0 0 1 0 0 1 0 1 1 0 0 0 0 1 1 1
bool 25 28 1 0 0 0 1 1 0 1 0 1 1 0 0 0 0 0 1 1 0 0 0 0 0 1 0 1 1 1
double 49 76 0.8 5.8 2.9 8.8 3.3 1.5 5.9 9.4 4.1 0.9 6.7 2.1 3.6 0.4 3.4 6.1 2.8 8.4 4.9 0.4 4.7 6.6 2.4 1.2 4.1 4.4 9.7 5.5 0.4 8.1 1.1 9.9 1.0 2.5 3.9 1.8 9.0 8.9 5.9 4.7 9.2 5.0 3.4 9.3 6.9 0.2 3.9 4.8 6.2 7.8 0.1 4.6 6.1 8.6 3.4 2.7 7.4 0.6 6.6 2.0 5.9 9.0 5.9 6.1 0.6 0.9 3.0 0.5 9.8 8.9 2.9 0.3 4.4 6.6 6.3 4.5
char 28 74 x g n i r s k p z m h f d f i u k o l g e z b e h a z r x n b v h x h c b o n m c b h f w h u c x f k g y l n j k h o j b z g q s k p r o n u n s e
char 35 84 s s i t f d v t r v p v j x l e c h s d c w d a o b j a c n z a g z k i n i p n o c o y x g b n t c l j d c l j b a b s g s i s c p w g r r u d f j t k j k l s z w s g
char 14 1 d
bool 23 9 1 1 0 0 0 1 0 1 0
double 34 59 1.2 1.5 2.1 3.9 8.2 3.6 7.1 8.9 7.3 0.5 7.7 3.0 9.7 6.0 1.2 7.8 5.8 8.5 0.2 5.9 4.0 0.1 8.6 0.9 8.6 4.7 0.0 8.3 9.9 1.5 9.7 2.4 4.0 5.6 4.9 2.7 0.6 7.1 0.5 8.3 5.1 2.8 8.3 7.9 4.3 3.1 7.9 8.9 4.1 2.7 3.1 8.2 9.7 6.9 2.7 5.8 6.8 1.3 5.1
char 39 98 e f v o e x d z d t b c i l p p p l d n k q d e i a v z m t k b n p r f o k t w z d r m k j x q l x a v r h v w v l p e w r l s l c t b s h w p f s e r z u h c s s d b s b f e u b w f u c l b o b
bool 94 3 1 0 0
int 59 33 14 9 56 54 30 85 29 41 42 70 4 89 4 50 80 47 35 91 66 27 52 47 23 20 1 13 59 26 9 96 81 39 79
bool 13 71 0 1 0 1 1 1 0 1 0 1 0 1 0 1 1 0 1 0 0 1 0 0 1 1 0 1 1 0 0 0 1 1 1 0 0 0 0 0 1 0 0 0 0 0 0 0 1 0 0 0 1 1 1 1 1 1 1 0 1 1 1 0 0 0 1 0 1 1 1 1 0
int 92 66 77 25 13 37 70 97 59 48 75 36 18 12 59 98 6 95 92 16 80 72 61 76 10 89 85 23 63 17 56 4 11 0 41 24 40 83 35 48 50 57 99 59 24 86 61 29 43 64 7 70 90 83 16 3 55 37 37 25 61 14 49 11 67 76 68 35
double 51 12 6.5 5.5 5.7 7.9 7.3 0.4 0.7 6.6 7.3 9.2 4.1 3.2
double 50 94 2.5 5.8 0.2 5.8 3.5 8.6 0.0 1.5 3.9 6.0 6.3 6.8 0.8 9.8 4.7 4.2 4.2 8.9 0.2 6.4 9.0 3.5 0.7 4.4 2.5 0.3 4.2 5.1 8.0 1.8 8.5 1.1 0.6 0.8 8.7 8.1 7.8 2.0 0.3 2.7 4.3 1.7 2.4 7.2 4.9 1.7 0.6 8.5 4.6 2.7 3.1 6.2 8.0 6.4 5.4 7.8 3.7 7.7 8.4 6.4 5.3 1.2 2.1 3.8 9.8 4.4 9.0 3.4 2.2 4.6 1.3 2.2 2.0 5.3 0.4 2.4 7.2 8.5 4.9 0.6 0.4 4.7 6.9 7.6 3.5 5.2 8.0 7.2 0.5 1.1 5.7 2.5 6.0 6.3
int 3 79 7 34 38 3 81 94 48 94 24 71 43 44 52 74 6 59 15 72 29 3 94 24 37 54 55 19 10 3 75 31 95 7 77 29 57 77 94 26 23 67 70 32 29 41 11 76 96 98 52 75 84 47 49 57 15 94 98 1 77 23 25 2 80 7 92 38 87 86 97 69 74 41 60 68 7 0 26 11 27
int 19 88 98 14 60 90 68 2 89 36 57 36 47 64 51 71 80 59 4 97 35 86 80 36 2 56 53 41 75 90 27 15 6 33 85 95 58 10 28 62 26 8 3 70 89 87 90 8 85 32 22 81 76 41 25 67 37 50 79 19 22 60 21 61 1 53 61 56 88 37 29 42 24 35 26 70 70 14 24 60 9 26 97 80 74 86 23 31 33 12
char 5 2 t q
int 3 90 97 48 54 99 3 15 93 55 97 56 94 78 90 48 24 20 12 83 45 69 58 83 14 8 98 3 72 51 35 43 87 34 56 39 34 41 93 57 83 70 15 75 36 24 47 49 47 32 97 95 42 98 79 2 78 72 91 60 13 65 32 73 13 81 10 74 79 78 35 13 40 78 22 83 78 44 38 13 26 48 38 63 76 63 3 4 37 6 57 50
bool 75 7 0 1 0 0 0 1 1
bool 46 35 1 0 0 1 0 1 0 0 0 0 1 0 1 0 1 0 1 1 1 1 1 1 1 0 1 0 1 0 1 0 1 1 0 1 1
int 70 86 47 27 3 57 57 94 78 82 29 92 32 46 68 21 61 41 41 45 20 28 59 19 19 69 96 77 30 9 46 55 95 23 72 64 16 95 99 79 97 25 33 18 28 83 46 43 18 20 53 56 64 11 25 56 9 19 93 34 94 4 9 98 67 46 38 46 8 80 11 35 64 12 49 16 33 93 8 93 24 49 47 24 66 96 74 24
int 10 41 81 68 58 40 4 53 11 18 97 36 71 89 16 88 72 98 52 72 41 23 67 89 80 57 64 48 1 81 47 80 89 50 60 54 98 42 44 82 73 5 61
double 19 43 0.9 4.3 7.2 5.2 1.5 7.3 8.2 2.4 8.8 1.6 7.5 2.6 2.4 1.8 5.7 3.1 0.2 0.0 0.7 9.7 3.5 8.3 9.0 9.8 6.7 5.6 8.5 2.5 9.6 9.0 8.3 3.4 3.4 2.7 6.0 8.8 6.8 1.3 2.9 4.4 0.9 1.4 8.0
double 43 75 5.0 7.0 4.1 2.0 3.1 9.4 6.9 8.2 4.8 7.8 4.8 3.3 1.0 4.8 2.4 7.5 8.8 7.2 1.8 3.3 0.9 0.0 1.8 6.0 3.0 8.6 0.2 7.8 6.7 1.8 2.9 3.5 7.7 6.8 2.5 4.0 3.9 6.3 9.4 2.1 5.3 4.3 7.7 5.0 3.6 1.3 7.8 3.2 3.1 3.6 1.3 6.1 3.7 6.9 5.9 1.0 0.4 5.8 2.7 7.5 2.5 9.6 7.4 4.4 3.7 8.4 8.1 7.4 1.6 1.1 9.2 0.7 3.2 2.8 4.4
bool 47 29 1 1 1 0 0 0 1 1 1 1 1 1 0 1 0 1 1 0 1 0 0 1 1 1 1 1 0 1 1
bool 57 18 0 0 1 1 1 0 1 1 0 1 1 1 1 0 1 0 1 1
double 22 25 1.3 4.0 5.0 0.2 1.6 0.3 2.2 9.3 0.2 9.8 6.7 5.2 3.9 8.5 8.0 0.2 6.8 6.5 9.4 7.2 0.0 9.3 3.4 5.5 0.2
char 92 96 c d t h e z u o r t j t x g b z h n m x y l r t e p g r e d p t a p i j u j i a f t f f m l u e z x d j m n c d z v x k h p o g j t d g f h n r o l j m p q e u p d v w x q m v k e a u o o r k
double 97 14 7.3 0.1 7.7 4.5 9.2 9.5 7.4 4.6 5.9 0.8 5.5 0.6 5.2 3.6
bool 9 35 0 0 0 0 0 1 0 0 1 1 0 1 1 1 1 0 0 1 0 0 0 0 0 0 0 0 0 0 0 1 0 1 0 0 0
double 81 44 5.1 3.5 8.8 2.6 8.1 0.3 4.2 6.0 3.3 5.6 2.5 8.0 1.0 9.7 2.5 2.9 6.3 8.3 4.4 5.9 4.6 1.4 7.9 5.4 2.1 0.8 8.1 6.4 3.7 4.2 9.6 8.8 2.4 4.3 8.7 4.0 2.0 7.6 2.6 9.6 1.6 0.9 7.2 4.3
char 59 28 c x e k p g v u x n n c l k c x x c d j c d y g i j d b
int 29 52 55 0 60 73 15 55 55 71 28 35 71 84 95 26 41 22 63 93 65 4 53 38 27 73 46 59 16 93 16 97 63 83 99 28 33 0 37 5 86 31 55 8 9 17 2 88 86 15 47 83 2 34
char 27 24 q j l q l h l z s v a u d q v n x m t n z k r d
bool 88 64 0 1 1 1 1 1 1 1 0 0 0 1 1 1 0 1 1 0 0 0 0 0 0 1 1 0 1 0 1 1 0 0 0 1 1 0 0 0 0 1 1 1 1 0 0 1 1 0 1 0 0 0 1 0 1 1 1 0 1 1 0 0 0 1
double 51 80 9.5 6.9 5.6 4.6 5.4 9.0 9.2 0.6 2.3 6.6 0.8 1.9 5.9 1.9 4.1 8.6 4.4 5.2 2.3 0.2 2.3 2.2 1.0 7.0 2.5 9.7 9.1 1.0 3.8 7.5 6.5 2.6 9.3 6.4 0.5 2.0 9.0 2.3 5.5 0.2 6.4 7.6 5.4 8.6 5.5 5.8 6.0 4.8 6.9 3.9 6.9 6.1 3.8 8.9 9.6 6.9 4.6 9.1 0.7 8.0 0.2 7.7 5.5 3.7 6.3 2.8 6.4 0.3 5.8 3.4 3.8 5.9 2.7 0.4 7.2 2.1 5.7 8.0 8.3 6.2
bool 11 60 0 0 1 1 1 0 0 1 0 1 0 1 1 0 0 1 0 0 0 1 1 1 0 1 0 0 1 1 0 1 1 0 0 0 0 1 1 0 1 1 1 0 1 1 0 0 0 1 0 1 1 1 0 0 1 0 1 1 0 0
int 58 89 88 94 70 92 46 42 46 80 64 93 43 13 44 24 48 3 18 24 95 38 99 57 41 57 94 47 80 59 79 65 66 97 69 99 22 52 69 3 80 26 39 34 9 3 79 24 16 42 84 41 77 3 31 61 86 7 80 63 69 10 60 57 2 88 19 79 69 88 60 53 53 57 9 85 94 29 5 94 41 83 63 61 83 31 93 74 99 25 52
bool 50 23 0 1 1 0 0 0 1 0 0 1 0 1 1 0 1 0 0 1 0 1 0 1 1
char 39 95 l b u m g r b c q u n r t c m r i r c v a j f e c d w x b u g g i j t t f a r c m t v e k p q f f j j b s s t y a g g d e k f o j p d p y r z m m n c a w r i g y a d e o x i h u t h y q x g
double 4 21 7.7 7.3 5.8 2.3 9.4 7.4 2.3 6.2 3.0 1.9 9.5 5.7 9.0 6.0 1.7 5.2 8.2 2.1 1.6 0.6 0.7
char 65 45 c a t p g a t e h z e m w k n e r o y c o y n p l n s e q k u q l m k u n k r k e b h c c
char 66 43 i d b l q f c n n x h b l c s p a e a y u k j f w h z w r b k e b b n c u c g b o g a
bool 94 7 0 0 1 1 1 0 0
char 41 91 e m h i h f y n p z g j h w s x q j e b n z y z x b y s t x x k h r j z a j u z w j i s f s e c p j i d k z l w y q n l l f n r r g x b a o c l k m n n h c v m m w f c g j g l u e n
double 70 15 1.2 4.3 9.1 3.1 7.8 2.9 3.7 5.4 9.5 6.1 7.1 6.1 0.8 3.2 2.1
double 45 98 8.0 5.5 4.0 7.2 2.9 8.9 5.7 7.5 8.0 6.9 7.9 5.9 3.3 5.2 6.0 1.7 0.2 5.5 5.1 8.8 9.5 2.3 9.3 6.4 7.3 0.8 7.3 1.1 6.4 3.1 0.7 0.1 5.3 9.0 8.9 7.4 6.5 7.6 1.7 6.5 4.4 1.7 4.5 5.5 6.4 4.3 7.3 0.6 7.8 3.4 5.7 1.6 9.7 1.3 3.9 0.7 4.0 6.5 7.3 9.3 0.6 3.7 5.4 3.9 8.4 4.7 2.5 5.0 8.7 4.2 7.0 4.6 8.3 0.1 6.2 8.7 5.1 2.6 0.9 8.0 6.6 9.5 5.0 5.0 0.1 2.9 5.3 8.5 9.7 0.1 0.3 3.6 8.0 4.0 5.9 5.5 3.5 2.5
int 72 24 84 79 73 16 3 91 18 31 83 88 50 17 50 26 63 60 88 21 58 9 18 31 2 88
int 6 84 62 77 66 48 3 90 9 33 32 62 69 45 84 81 56 62 58 88 4 5 98 13 82 23 95 25 27 12 31 59 98 1 72 65 49 58 91 39 76 75 2 62 32 54 66 83 22 26 7 89 37 70 96 8 70 62 53 35 46 65 86 43 59 2 29 24 23 12 44 29 36 36 13 71 68 70 81 7 31 34 74 21 43 53
bool 13 94 0 0 1 0 1 0 1 0 1 1 1 1 0 1 1 1 1 1 0 0 0 0 1 1 0 1 0 0 0 0 1 1 1 0 0 0 0 0 1 1 0 1 1 0 0 1 1 0 1 0 0 1 1 1 0 1 1 0 1 1 1 0 0 0 0 1 1 0 1 0 1 0 1 1 1 0 0 0 0 1 0 1 1 0 1 0 1 0 1 0 0 0 1 1
char 71 87 l e m e g k o n w o y e f l l s s p r z o a a p u k t a p l i s r p t k n l x p g g g y a m c f d i f p i u a y y m p w s q s z w e q n e e b o d n w n f i g b f e z s i y w
char 40 10 a g q a r n k w i i
char 36 58 i v y w n g i u g z f t l p q e n j t w n x j t i k m j b y f r u u g l n y p l o h x h r p d j v j b v z l s a j t
bool 12 4 1 1 0 0
char 50 2 w t
double 32 58 1.1 8.7 4.3 0.9 7.0 2.6 3.1 2.3 3.6 8.7 8.7 9.1 3.8 6.6 7.6 6.4 8.6 6.7 2.5 7.5 5.4 4.7 1.5 0.4 6.3 2.9 2.5 1.9 7.3 2.6 7.2 0.3 6.1 6.2 1.0 2.1 6.3 1.6 8.4 7.9 9.8 7.6 5.6 8.7 3.6 2.7 5.0 9.3 1.4 1.1 5.7 5.1 7.8 1.1 4.4 7.2 3.1 2.4
char 95 21 f y t n r t d e z r n m h o y g p c k a o
int 21 97 67 76 74 5 97 32 20 35 78 81 58 26 67 51 32 11 98 40 62 95 55 59 64 7 24 42 62 46 69 3 93 98 90 39 95 40 63 72 95 72 48 93 89 21 41 12 90 25 69 35 31 60 89 78 82 93 16 43 54 1 0 43 20 6 11 92 38 34 59 56 66 18 91 61 14 33 31 57 52 46 42 33 96 49 42 76 25 95 71 61 71 44 15 64 82 57 2
double 87 48 1.2 6.7 7.0 0.7 8.8 8.8 6.8 3.8 0.4 7.8 1.6 1.5 8.7 2.7 7.2 2.1 5.3 7.6 6.3 9.0 1.4 8.2 7.2 5.5 5.2 1.4 5.9 9.1 8.3 9.3 9.1 8.6 3.3 1.5 1.6 4.5 5.0 6.1 4.5 0.4 9.8 7.2 4.1 7.8 4.4 6.9 1.8 3.4
double 86 87 6.4 5.8 8.9 0.9 7.5 8.0 9.1 2.3 2.0 1.4 6.8 3.8 3.2 5.5 8.5 7.1 9.8 1.0 4.4 7.4 7.9 1.5 1.1 8.4 5.8 0.8 8.9 7.8 2.1 4.4 5.0 5.5 9.6 9.8 7.7 1.1 7.0 8.9 3.5 3.6 3.8 0.6 1.9 8.1 7.6 5.9 6.6 5.8 3.6 7.9 3.5 5.9 1.3 3.8 0.5 4.4 8.6 5.5 9.1 1.7 4.5 3.1 8.1 2.9 1.7 3.9 3.0 9.7 5.4 4.1 7.7 3.4 3.8 9.8 5.1 0.6 7.4 5.2 2.9 3.1 4.1 9.4 1.8 5.6 8.4 1.2 0.0
int 16 25 68 8 92 37 50 19 34 24 61 43 34 38 72 44 49 80 30 60 58 24 13 45 70 7 80
char 30 67 q d j a u y d v h y w p n i r l q m v h t l a l a d l y r n w m u d e a a i s f f w b s h i y u i i o g i t b a z a y d p n a t y r r
char 32 63 o d i u t l v k z c e g x c u a j b u c v u k q o a a f v m u w k c p r p z s t m t y n i r t h w h z j w w c v m d l a s m h
bool 88 65 0 0 0 1 0 0 0 1 1 0 0 1 0 1 1 0 0 1 1 0 1 0 1 0 0 1 0 0 1 0 1 1 0 1 1 1 0 1 0 0 1 1 1 1 1 1 1 0 1 1 1 1 0 1 0 0 0 0 0 0 1 1 1 1 1
int 54 36 10 10 31 8 88 18 63 26 11 81 5 7 63 7 20 25 69 45 63 76 73 22 78 48 15 55 20 80 22 3 78 38 81 83 51 55
char 71 9 k q e o z t p m g
char 72 81 w j q n x a u t l f s g y h g o z v n z y b d m f c r f a m s t n d b f k c a m r u c v b p t c u d n x t p v p i l j p m e o k j w j t c g p o u b n m u j h u u
double 71 96 5.9 1.8 8.6 8.3 2.3 3.2 0.7 0.2 9.6 1.5 0.9 4.6 9.7 7.3 9.1 3.7 7.7 0.4 8.2 8.3 4.2 8.3 2.4 9.5 2.2 6.7 1.4 1.0 2.8 6.1 4.2 7.7 1.7 7.4 0.8 4.5 2.3 7.7 1.3 1.8 1.3 0.9 6.8 7.7 7.7 8.2 3.3 9.9 4.7 1.7 2.7 9.6 3.8 4.3 1.1 3.2 9.6 2.9 0.9 8.8 8.5 3.8 1.3 6.5 5.6 6.5 8.6 2.6 1.3 5.0 5.7 5.5 6.2 4.6 9.0 8.4 5.7 9.3 6.7 6.6 1.8 0.0 3.7 9.6 2.5 5.9 9.4 3.8 0.6 2.0 3.1 8.6 5.9 6.5 0.7 3.5
bool 66 2 1 1
int 90 55 17 70 6 41 43 9 23 26 72 37 99 49 84 74 80 44 51 65 38 58 33 29 66 74 69 9 18 1 75 37 18 69 47 39 49 87 48 13 39 31 80 20 93 14 40 87 21 37 48 11 80 88 53 53 57
double 85 49 2.8 9.7 9.8 0.4 7.8 7.2 6.4 6.1 9.1 0.1 4.3 7.4 5.0 7.8 0.7 2.8 4.9 4.5 2.1 8.4 7.7 4.6 7.8 8.8 4.1 1.6 2.7 0.0 9.2 5.3 5.5 5.5 8.9 1.1 6.7 7.3 7.3 3.3 7.9 9.1 3.9 3.3 4.6 9.7 7.4 0.3 2.4 7.6 4.9
bool 58 36 0 1 1 1 0 0 0 1 1 0 0 1 0 1 0 1 1 1 1 1 0 1 1 0 1 0 0 1 0 1 0 0 0 1 0 0
int 68 52 74 15 16 66 55 55 58 93 62 66 9 92 71 98 38 52 88 83 24 59 59 77 90 80 3 41 73 57 61 5 2 49 70 22 72 13 53 10 98 17 90 37 8 79 24 79 94 23 71 87 92 85
int 17 98 89 54 70 27 72 81 53 56 41 83 71 58 48 64 36 83 21 40 72 32 62 50 49 51 25 49 83 35 71 80 36 78 53 9 88 94 23 93 35 77 22 48 0 83 78 50 50 76 88 49 9 62 99 53 64 79 57 60 68 79 21 84 35 41 72 73 94 68 9 55 72 84 36 63 52 8 61 9 48 66 33 59 39 81 0 20 76 95 38 6 33 15 24 56 78 16 69 30
bool 51 95 0 0 0 1 0 0 1 1 0 0 1 1 0 1 0 1 0 0 0 1 1 0 0 0 1 1 1 1 0 0 1 1 0 0 1 0 0 1 0 1 1 1 1 0 0 0 0 1 0 0 1 1 1 1 0 1 1 1 0 1 1 0 1 1 0 0 1 1 1 1 1 1 0 1 0 0 0 0 1 0 1 1 1 1 1 0 0 0 0 1 0 0 0 1 1
int 40 28 6 51 4 45 65 41 19 95 83 28 11 11 46 5 12 44 76 44 2 40 94 75 43 12 29 77 23 12
char 33 79 n u s l o t x f z q g i c y d t b n u w f k a b n f x p r r w y e d f s y p f z s g x z m u g n u z a j k y o x s d d d d u s t s b y k n e b f n g j w s y d
bool 16 19 0 0 1 0 0 0 0 1 1 0 1 0 1 1 1 0 0 0 0
bool 37 38 0 1 1 0 1 0 0 1 1 0 0 1 0 0 0 1 1 1 1 0 0 0 1 1 1 0 0 0 1 1 1 0 0 1 1 1 0 1
bool 38 47 1 1 0 0 0 0 1 0 1 0 1 1 0 1 0 0 1 0 0 1 1 0 0 1 1 1 0 1 1 1 0 1 1 0 1 0 0 0 0 0 0 0 0 1 0 0 1
bool 43 97 0 0 1 1 0 1 0 0 0 1 0 1 1 1 1 1 1 1 0 1 1 0 1 0 0 1 1 1 1 1 1 0 0 0 0 0 1 0 1 1 1 1 0 1 1 1 1 1 1 0 0 0 1 0 0 1 1 1 1 0 0 1 1 1 1 1 0 1 1 1 1 0 1 0 0 0 0 1 1 0 1 1 1 0 0 0 1 0 0 1 0 0 1 1 0 0 1
int 7 46 44 13 71 56 34 66 8 66 30 38 70 52 3 1 7 12 49 53 52 72 84 16 99 6 45 74 88 28 83 54 41 8 16 92 0 58 93 38 92 94 16 64 0 79 52 56
char 68 83 d e b a h m p z n w b y k e h l e k w b a y n v y c c l a v v b h x b r r u e d o d i c x x l q p e t c e b l z w n a y h m e p d b b y b g w y m l g z h t m v g p v
double 56 87 9.2 4.0 7.4 8.2 1.2 9.7 2.7 7.6 6.0 2.7 3.1 3.2 1.3 6.5 9.9 3.0 1.7 7.3 3.1 5.8 3.4 7.6 3.0 0.2 3.1 3.8 3.1 4.7 4.8 1.7 7.3 5.5 1.0 8.7 3.2 4.3 8.9 9.3 9.6 7.2 2.9 2.3 0.5 1.9 0.2 0.4 2.0 9.7 7.2 9.6 0.9 7.4 8.9 4.1 8.9 7.4 5.7 4.2 1.1 2.1 5.7 7.5 6.9 7.9 6.7 8.0 8.8 5.2 8.9 1.6 0.4 8.5 6.2 3.8 4.9 1.6 1.2 2.9 3.8 4.8 4.0 1.7 5.8 7.1 3.2 4.8 0.5
bool 8 92 0 0 1 0 0 1 1 0 1 0 1 1 1 1 1 0 0 0 1 1 0 1 0 1 1 0 0 0 1 1 1 1 0 1 0 0 0 0 1 1 1 0 0 1 0 1 1 0 1 1 0 0 0 0 1 0 1 1 0 0 0 0 1 1 0 1 0 0 1 1 1 0 1 1 0 0 0 1 0 1 0 0 0 0 0 1 1 1 1 1 0 0
bool 91 85 1 1 1 0 1 1 1 0 1 0 1 0 1 0 1 0 1 0 1 0 0 1 1 1 0 0 0 1 0 1 1 1 0 0 1 1 0 0 0 0 1 1 1 1 0 0 1 1 0 1 1 1 1 0 0 0 1 0 0 0 1 0 1 1 1 1 1 1 0 0 1 1 1 1 1 0 1 0 0 0 0 1 0 1 0
char 80 4 r m y i
int 15 26 18 82 90 70 53 47 78 60 44 41 4 60 7 30 82 8 41 10 96 24 69 93 74 93 55 87
bool 27 85 1 1 0 1 0 0 1 0 0 1 1 1 0 0 0 0 0 1 1 0 0 1 0 1 1 1 1 0 0 1 1 1 1 0 1 1 0 1 0 0 0 1 0 1 1 0 0 1 0 1 0 1 0 1 1 0 1 1 1 1 0 0 0 0 0 1 0 1 0 1 0 0 1 1 1 1 0 0 0 1 1 1 1 1 1
bool 76 66 1 0 1 0 1 0 0 0 1 0 0 1 1 0 1 0 1 0 0 0 1 1 1 0 1 1 0 0 0 1 0 0 0 1 0 0 1 0 0 0 1 0 0 1 0 0 1 1 0 0 0 1 0 1 1 0 1 0 1 0 0 0 0 0 1 1
char 32 47 q e s y u x k i a f o q x h f c k r c m d e u f o u i u v f t e h a f f h e d j h b n t r c u
double 2 85 2.1 9.7 7.1 6.7 6.5 5.8 9.1 5.0 6.8 7.4 2.2 6.6 0.7 8.0 5.3 3.6 2.0 7.4 6.9 0.4 6.4 2.4 4.2 1.1 2.4 3.4 3.3 0.2 1.4 9.0 0.8 7.4 5.4 8.8 1.2 3.0 8.8 3.8 2.5 9.3 6.0 5.6 7.0 5.3 2.5 2.8 3.1 6.3 9.0 7.4 5.0 4.0 0.7 8.2 7.4 4.7 6.2 5.3 4.5 0.8 5.3 1.2 8.2 6.4 4.3 5.8 6.2 7.8 0.5 1.8 9.8 2.2 8.3 3.4 6.0 8.8 8.3 3.8 7.3 2.2 8.5 9.6 4.4 0.1 9.5
char 4 55 t a w j s s n e k c z x c l z w u o u x h i b r w y k n y x u g e n j f p x v u r v u z t n l i u c p o b g z
char 25 80 e t f z p p r p u g n l g s k o z d v s m r r v q f j a k z g w u d x o w e u l l g t m v b m z m w n e s c j k x j w y p r v b i w l j m j n p l s p m w d x p
bool 46 70 1 1 1 1 0 1 1 0 0 0 1 1 1 1 0 1 1 0 1 0 1 1 1 0 1 0 1 0 0 0 1 0 0 1 0 0 0 0 0 1 0 1 1 1 0 1 0 1 0 1 0 1 1 1 0 0 0 1 0 0 0 1 1 0 0 1 1 1 0 0
bool 46 83 1 1 1 1 0 1 0 0 0 1 0 1 1 1 1 0 1 0 1 1 0 1 0 1 1 0 0 1 0 0 0 1 1 0 0 1 1 0 1 0 1 0 0 1 1 0 1 1 0 1 1 0 0 1 0 0 0 1 1 0 1 1 1 1 1 0 1 1 1 0 1 1 1 0 0 1 1 0 1 1 0 0 1
char 31 16 d s e k z o f c o d x m j b i a
int 24 74 9 21 90 22 37 17 98 18 47 75 34 14 36 67 57 10 78 7 38 18 44 18 92 3 75 9 89 64 32 61 56 23 14 96 75 40 2 16 20 29 47 81 82 99 11 82 78 36 83 83 78 9 42 96 9 5 42 25 36 87 18 76 65 41 35 43 47 6 35 15 29 93 46 96
