10 3 4 16 10 3 2 6 9 4 1 13
14 11 16 8 9 23 8 18 0 9 19 5 15 3 7 2
18 12 31 29 12 25 31 10 28 33 21 21 21 8 32 32 33 12 24 26
22 8 3 11 42 8 38 23 32 5 9 21 27 20 4 28 41 23 26 24 29 13 25 8
22 12 17 37 11 12 8 1 20 19 1 8 10 24 6 3 16 36 11 18 38 27 20 38
30 7 15 31 32 28 58 50 27 57 49 6 50 31 52 23 52 1 51 10 21 33 48 30 20 39 54 52 54 10 12 59
38 23 50 45 14 10 41 27 3 15 63 15 25 46 10 31 18 20 75 75 38 37 50 68 68 27 69 71 32 34 46 30 75 42 58 54 46 9 50 44
42 4 36 24 57 37 31 6 50 9 24 42 8 51 37 42 0 26 78 29 81 24 12 29 74 19 36 41 63 61 60 6 79 76 0 33 60 54 78 23 57 28 60 63
46 42 50 46 7 48 81 32 5 72 23 59 14 36 82 30 26 90 9 68 43 72 56 30 5 28 85 0 73 81 64 80 60 1 17 89 86 51 7 22 41 91 71 71 66 73 12 8
62 16 31 72 83 61 104 45 75 5 114 67 37 86 54 100 13 43 34 62 52 8 114 87 29 40 9 92 80 65 14 46 17 8 22 83 102 59 56 32 120 46 106 26 60 79 7 76 96 103 92 46 92 116 1 40 97 81 78 13 94 86 102 1
62 28 59 75 34 80 86 122 47 12 58 21 17 19 6 94 38 66 32 18 8 109 82 5 98 33 24 50 123 4 77 96 41 34 122 5 1 88 120 99 112 65 115 48 75 76 51 85 78 53 49 73 72 29 110 48 28 121 107 24 57 25 17 82
62 4 65 25 100 104 102 48 23 114 3 33 119 47 81 70 0 51 34 40 88 51 108 43 3 3 17 60 109 77 97 103 46 1 44 70 7 66 88 55 92 59 57 44 52 108 4 91 71 49 75 97 76 42 76 50 79 21 101 33 62 4 1 71
66 11 65 5 51 94 60 88 123 42 122 18 15 87 45 81 17 28 34 78 54 13 31 37 20 61 43 45 90 4 72 107 129 53 83 111 92 24 40 30 130 90 95 92 41 124 10 85 67 7 112 82 108 118 48 70 13 56 84 15 7 27 37 30 11 103 61 66
74 67 81 131 51 145 72 36 141 19 93 129 78 90 133 50 65 41 93 34 100 19 129 4 73 62 142 71 62 17 60 115 35 46 50 78 124 103 131 138 84 79 129 67 140 125 125 44 48 119 39 88 139 88 75 20 94 81 78 13 115 72 119 9 86 95 71 88 56 145 145 16 16 136 116 141
78 46 66 40 126 71 95 82 127 20 33 98 106 49 15 86 60 79 73 116 46 24 104 43 139 100 42 145 132 66 154 74 52 126 42 100 3 116 109 67 22 47 0 64 60 148 143 44 36 79 7 14 145 118 42 81 44 121 4 109 113 123 116 65 116 99 140 50 2 54 121 56 116 62 45 43 65 60 68 74
78 66 112 108 36 66 101 145 38 15 63 145 132 136 134 100 12 16 60 32 128 142 69 4 120 108 73 3 128 29 21 32 38 98 128 128 45 6 20 82 75 117 154 2 16 85 152 60 0 115 140 105 139 136 77 132 114 89 142 136 101 136 34 139 9 128 61 141 119 141 69 70 75 155 65 83 114 40 36 115
78 66 18 147 144 67 99 121 91 101 45 142 140 84 138 22 31 125 16 135 10 92 71 67 81 155 65 87 86 13 41 118 79 150 1 129 131 73 122 71 62 88 125 150 27 124 72 54 8 89 49 102 137 61 79 80 60 141 83 115 133 138 1 64 128 134 27 17 115 106 143 99 39 98 124 94 31 125 33 22
82 29 118 155 145 49 44 156 150 15 84 60 109 61 152 77 7 79 128 50 111 109 163 130 89 34 121 9 17 97 36 139 29 100 104 112 10 26 109 85 140 4 26 13 139 89 7 48 57 43 60 154 29 128 40 147 129 8 122 91 106 100 149 65 4 93 58 73 105 141 81 76 49 45 75 115 81 157 132 126 69 27 122 23
82 33 122 43 34 92 163 145 42 93 158 159 115 61 159 70 153 22 150 129 157 125 43 134 137 60 94 156 101 13 76 62 126 10 143 80 94 22 25 80 138 23 88 156 133 129 137 30 129 9 70 34 16 53 7 147 57 119 91 134 77 122 120 14 24 120 39 157 84 106 73 1 145 162 27 158 53 34 8 107 137 51 23 114
86 15 83 6 100 48 97 90 111 67 134 168 0 111 152 135 162 66 26 32 35 42 89 129 89 164 3 2 165 122 148 103 68 11 148 147 122 78 154 86 95 57 51 59 48 27 163 36 79 19 128 138 71 104 32 75 74 59 112 151 100 11 166 140 131 144 144 16 104 110 19 59 25 21 4 149 170 153 11 7 125 93 12 46 22 148 77 3
86 59 50 84 99 8 85 22 122 60 48 34 100 1 117 161 128 88 38 13 56 118 117 16 151 44 142 170 57 102 59 60 49 100 73 113 17 39 50 133 118 68 121 154 0 117 142 68 66 138 135 90 47 72 106 90 17 124 60 170 51 100 6 93 84 158 149 90 153 60 98 81 153 109 61 120 137 151 78 33 42 8 76 131 11 1 99 102
86 42 23 60 155 86 17 152 95 171 165 95 153 96 4 85 95 123 63 112 142 7 140 94 165 138 1 19 16 10 163 122 152 144 136 114 77 88 30 72 41 35 121 159 122 102 3 163 47 134 3 43 3 11 84 100 157 162 138 5 100 158 81 110 53 3 51 65 3 105 16 32 57 115 6 22 102 153 10 30 34 170 89 14 85 151 141 149
90 58 166 92 62 150 98 143 37 0 84 0 100 118 36 97 133 128 176 32 57 110 171 83 32 179 108 107 103 38 31 17 40 51 76 22 3 71 54 18 69 132 83 111 35 160 117 4 142 7 16 70 139 94 17 142 166 155 140 170 139 8 124 72 121 174 81 155 156 117 75 55 86 85 140 142 116 106 75 4 135 39 135 97 37 89 50 81 110 142 47 143
94 82 169 47 99 133 73 106 78 90 101 130 144 116 49 112 146 30 136 114 1 28 85 130 178 116 39 179 64 42 129 58 120 149 42 67 160 162 21 181 50 132 57 116 180 41 68 35 27 115 45 75 44 83 100 129 5 20 7 0 75 109 27 135 39 128 108 1 31 130 91 53 39 62 16 165 53 61 17 74 101 105 128 59 186 35 82 75 169 36 156 148 102 125 74 183
98 87 0 195 48 88 123 158 151 110 89 144 125 164 120 184 126 34 117 83 138 33 28 140 53 114 56 143 163 171 136 59 100 118 42 102 88 26 128 110 171 36 42 170 132 186 5 89 61 95 41 13 60 99 188 138 137 55 21 73 147 181 144 185 10 108 47 22 19 170 6 125 136 189 15 41 67 82 110 187 72 28 139 59 183 68 40 37 165 175 66 60 183 119 68 85 20 127 65 1
102 91 23 65 76 203 189 52 195 139 28 179 88 135 157 33 125 70 56 98 16 3 151 17 100 183 110 127 43 95 167 194 26 189 89 130 56 123 68 108 88 86 15 141 160 62 178 68 99 142 16 80 198 11 161 9 30 125 26 72 77 22 187 72 108 142 1 158 110 162 187 158 50 49 126 102 193 181 146 72 115 23 133 103 11 89 19 22 196 131 87 160 42 65 91 174 123 117 120 164 42 88 109 42
102 1 13 123 134 133 201 78 163 93 62 129 169 162 158 154 43 72 182 65 45 140 21 0 134 192 146 121 139 141 11 173 202 169 149 25 86 12 183 56 156 188 34 34 131 180 26 149 38 160 133 54 145 46 19 181 170 201 176 79 77 110 131 154 184 113 174 117 200 82 53 136 60 187 126 21 21 151 47 33 180 174 28 179 18 59 38 52 156 72 95 98 10 126 65 188 127 168 29 67 102 164 120 44
106 59 103 37 9 202 18 109 142 177 125 91 189 40 163 125 71 87 32 59 137 39 127 51 43 202 171 32 167 40 44 7 18 65 15 129 34 115 35 137 28 205 164 76 69 0 133 33 202 210 62 183 30 173 21 33 194 108 209 76 12 47 17 35 69 117 127 109 64 206 112 174 27 88 72 199 117 171 149 32 4 145 191 162 162 19 169 147 75 117 46 174 200 123 194 33 16 195 114 98 207 154 72 51 130 67 18 154
118 16 133 158 29 105 221 15 191 73 108 152 34 26 34 127 164 207 129 215 105 127 13 109 170 191 56 5 34 97 212 179 69 3 16 73 170 23 210 146 74 95 7 178 185 95 98 211 191 166 128 160 74 92 202 92 102 35 67 119 78 61 162 99 11 74 52 106 125 67 173 194 154 193 224 61 85 138 130 7 154 156 12 198 68 79 108 93 211 59 99 46 87 225 21 2 78 60 28 118 166 142 47 224 104 81 130 213 133 13 172 222 22 136 82 118 131 148 81 35
118 109 206 138 79 153 217 109 150 38 133 126 147 37 165 197 37 121 29 129 2 79 200 224 171 130 71 162 26 144 181 85 121 109 207 165 193 59 15 98 216 27 208 111 7 29 5 49 4 66 196 40 32 227 180 146 87 171 62 92 221 191 32 141 122 163 29 184 39 130 206 167 58 110 90 61 22 223 141 122 83 208 7 109 234 173 85 83 9 73 193 4 66 70 6 118 135 6 216 159 87 15 223 74 157 97 163 222 30 14 49 112 50 224 225 66 221 47 216 210
122 74 120 63 51 104 51 112 2 56 109 91 114 179 19 148 12 73 12 154 113 64 43 32 159 29 126 164 94 230 165 16 45 239 151 79 145 243 62 145 209 161 64 32 49 41 109 154 243 80 168 154 70 190 17 124 67 95 166 142 226 189 30 110 98 1 7 109 118 103 63 155 197 154 65 47 234 98 183 14 75 1 74 180 166 198 66 11 112 92 212 30 10 237 162 29 136 75 112 5 140 142 16 196 201 122 197 155 151 92 9 33 78 222 80 92 41 23 122 28 42 118 148 182
126 53 246 145 205 15 236 147 92 231 167 244 230 126 61 95 33 153 107 245 133 38 149 178 155 115 138 246 15 125 36 217 135 37 221 77 202 236 3 182 134 112 85 162 21 82 148 87 39 226 55 3 83 27 104 211 219 240 199 165 54 0 203 98 197 93 242 101 68 105 78 134 23 118 197 77 37 77 31 183 141 132 95 0 63 220 157 36 80 58 21 232 197 212 63 35 132 94 104 180 106 51 44 215 204 9 163 204 190 217 114 80 103 163 56 85 233 185 237 200 140 116 233 178 85 50 116 218
134 18 205 252 229 139 183 3 137 48 161 67 71 119 140 143 237 10 43 143 16 36 245 248 65 111 82 139 237 13 90 241 27 62 249 214 246 189 145 54 252 260 160 92 206 200 41 162 199 93 215 9 120 145 187 243 51 203 248 19 104 26 52 228 149 199 251 87 177 168 238 226 219 207 7 266 145 175 158 116 82 241 54 116 87 69 106 241 38 267 267 128 244 198 159 199 137 249 45 43 162 44 188 249 91 177 134 220 216 184 145 120 226 188 90 123 54 206 25 28 159 33 95 95 217 107 137 122 29 221 136 155 258 196 239 105
142 38 112 248 267 212 133 50 145 25 208 260 198 88 39 84 142 19 208 174 204 152 270 11 261 75 13 143 130 191 198 165 215 22 151 193 135 264 137 160 115 238 212 276 184 177 150 245 161 266 171 119 120 34 73 238 2 96 187 185 280 216 264 0 71 13 148 243 170 83 147 127 250 191 7 268 78 116 122 205 142 204 268 41 223 203 52 224 161 29 230 251 272 217 114 207 131 248 200 236 142 59 96 213 270 12 158 211 74 22 109 11 233 124 201 272 115 152 150 68 249 120 183 206 113 157 181 82 7 179 152 131 265 186 203 256 242 229 14 22 257 58 270 139
146 20 179 289 206 174 201 265 286 117 276 24 93 250 223 249 9 76 0 170 132 245 240 73 285 184 165 266 271 273 68 16 221 93 284 252 155 257 178 265 176 151 96 33 248 63 62 36 271 79 177 213 12 170 114 41 135 14 219 183 196 105 184 133 284 53 216 25 200 10 255 177 244 107 198 86 2 135 156 98 158 180 195 106 266 132 58 48 284 37 257 291 13 215 283 108 67 42 166 17 262 86 16 144 262 211 135 114 232 4 66 120 218 104 254 265 235 40 48 8 163 162 138 189 118 145 179 85 35 141 216 233 157 106 211 112 126 23 83 191 170 45 203 116 140 218 18 78
150 107 108 116 244 299 46 244 187 263 283 0 165 12 33 176 228 91 164 96 280 159 150 139 133 230 276 159 254 250 75 293 90 86 154 102 80 143 184 209 124 27 279 132 121 282 281 277 218 178 127 183 286 35 176 113 205 121 262 74 106 267 202 259 260 141 233 247 262 66 269 252 118 23 262 147 34 10 213 121 100 294 6 164 201 42 55 159 285 173 71 108 67 43 205 212 287 287 97 211 231 192 295 49 3 222 70 8 268 238 141 146 105 211 142 232 138 41 224 190 108 87 292 287 69 145 241 142 69 3 55 145 265 29 214 207 82 270 189 258 54 233 201 145 52 193 211 13 230 148 62 64
154 84 108 229 62 41 53 96 227 306 29 40 216 41 301 106 299 43 176 250 281 150 121 101 161 172 242 12 171 38 120 225 43 36 125 57 118 145 146 218 195 256 54 297 165 202 141 233 232 209 177 120 161 78 15 123 10 37 215 45 281 67 172 67 202 304 205 249 233 33 36 29 57 214 212 279 33 123 289 142 9 18 236 111 210 20 218 7 169 106 219 9 206 80 123 12 17 165 23 188 211 193 115 121 110 97 97 268 106 299 281 193 284 35 179 87 304 146 72 27 168 206 34 80 159 221 212 250 12 276 202 243 67 195 132 147 254 59 163 44 68 93 224 262 133 271 62 245 38 261 155 246 134 34 182 126
166 77 184 214 194 83 160 137 64 153 103 63 113 253 315 188 274 294 62 155 181 248 328 300 128 262 115 55 240 269 61 226 231 250 301 256 330 125 204 29 60 86 144 130 87 0 165 231 299 42 157 273 137 22 198 50 276 66 112 77 318 190 237 58 56 40 86 95 288 7 303 158 24 6 165 236 29 86 247 213 67 214 16 284 24 116 105 73 94 21 179 179 303 281 19 22 273 258 33 281 171 45 87 298 128 225 313 133 155 226 54 43 115 160 54 317 139 30 239 63 244 120 177 247 78 4 267 288 163 142 321 75 108 72 315 199 174 189 7 102 142 123 217 234 171 266 203 99 45 307 65 324 250 27 189 6 136 226 240 70 194 18 200 273 22 127 188 220
174 78 122 288 236 50 3 44 82 293 285 26 2 133 216 311 257 335 128 251 347 237 277 173 19 126 39 52 101 59 8 314 124 89 122 8 208 8 1 206 252 270 311 10 39 32 135 271 194 178 87 192 126 191 187 125 56 89 318 342 115 64 231 117 82 7 24 243 278 267 76 277 218 10 313 93 54 43 37 255 221 39 143 58 264 22 28 341 217 273 33 284 320 47 252 78 5 136 41 302 133 73 163 174 299 193 127 83 51 88 336 302 12 332 170 234 215 257 74 287 249 163 322 167 312 17 13 254 82 262 66 150 293 18 29 95 81 280 284 308 109 22 64 104 183 112 297 221 274 318 148 62 322 244 315 12 189 310 327 172 334 269 129 271 155 13 270 175 149 79 288 241 176 136 158 56
174 21 150 23 208 26 101 290 16 209 331 222 234 37 325 337 258 316 84 195 213 87 80 211 122 59 41 216 306 24 267 59 10 346 18 10 155 62 293 298 238 287 119 143 104 222 315 153 149 119 272 105 263 154 102 269 231 345 269 254 221 143 90 146 153 33 163 23 205 171 290 226 29 305 178 50 63 237 207 55 322 32 153 119 175 288 51 217 78 44 249 99 268 214 337 141 109 230 202 302 102 106 225 6 132 218 36 301 117 57 0 21 67 192 78 202 130 132 89 265 148 50 33 118 10 113 53 310 123 220 25 202 86 54 249 164 65 133 163 211 316 291 71 279 74 205 145 234 72 88 341 318 109 184 111 107 122 332 146 26 227 289 11 89 248 322 62 317 36 323 133 234 264 188 82 324
178 74 60 336 207 333 18 15 315 221 353 172 271 0 343 112 162 218 290 264 264 195 37 161 106 21 130 245 76 161 194 107 68 298 309 319 69 93 336 42 312 197 106 183 125 193 227 82 348 7 19 105 149 175 11 273 223 355 309 317 72 295 75 245 131 294 325 76 347 307 243 74 187 187 97 124 261 170 135 35 299 37 13 301 152 149 312 131 332 106 235 129 41 100 155 63 133 51 306 191 249 48 126 64 254 286 108 126 80 87 191 252 153 106 81 236 140 189 317 144 69 211 114 109 25 136 83 103 354 97 249 184 155 88 171 223 120 183 59 138 316 165 343 80 43 104 106 326 290 154 9 314 99 253 239 88 90 153 135 10 71 31 83 31 152 27 13 141 98 269 77 134 234 45 246 270 129 22 353 60
182 68 238 260 40 340 257 152 324 305 91 119 289 356 212 166 0 269 317 82 103 261 295 306 191 349 72 190 162 244 92 343 35 142 29 10 318 35 128 313 184 200 172 278 259 21 27 307 299 102 154 298 97 114 172 315 358 265 112 175 125 82 152 312 13 342 349 17 305 335 103 202 316 5 150 273 301 186 299 9 38 16 254 60 192 309 37 145 54 147 45 259 226 2 312 306 123 47 250 220 304 56 255 125 36 340 360 354 76 77 81 359 51 322 92 116 317 234 319 146 340 3 292 246 97 293 265 303 251 165 283 38 213 98 76 92 65 338 217 333 181 64 282 152 224 149 239 54 255 241 42 69 208 351 161 200 295 209 318 42 9 177 100 177 134 9 27 347 297 11 243 238 273 342 45 302 147 108 211 101 106 207 277 314
182 123 137 296 332 118 244 111 349 17 124 346 289 244 144 351 123 281 11 69 41 126 20 101 350 90 251 214 239 60 32 134 184 287 236 314 250 246 273 271 193 95 61 59 82 183 164 296 43 316 72 53 299 248 123 223 321 174 296 265 100 321 277 45 35 238 222 224 233 121 259 360 38 300 313 198 240 30 355 180 284 315 141 67 328 177 180 168 317 229 304 192 82 82 11 154 286 346 282 106 5 114 86 181 6 134 194 146 62 307 344 278 138 210 46 160 62 51 263 243 243 335 46 70 145 35 305 7 163 102 176 297 22 348 121 213 323 314 332 86 90 350 142 2 194 25 240 30 266 267 19 342 286 214 117 241 339 261 344 121 347 330 162 1 274 102 38 80 126 20 226 86 171 345 338 343 360 77 143 335 59 253 225 197
182 177 143 285 308 95 134 45 28 139 279 279 294 245 107 118 181 127 172 346 275 233 299 333 112 245 231 329 103 17 363 49 286 357 52 69 300 28 19 31 11 89 49 67 287 174 212 339 45 46 319 191 40 254 253 183 217 242 206 215 266 143 12 129 74 195 276 234 44 263 202 317 79 107 86 54 10 214 194 190 236 334 67 76 247 40 256 133 292 238 215 274 146 346 348 208 49 77 336 13 225 68 313 107 361 205 293 258 194 109 325 236 249 58 146 40 103 94 357 16 266 51 333 259 362 161 116 44 11 28 20 41 278 247 7 322 329 129 158 126 299 116 146 6 3 5 44 234 125 300 137 281 285 0 51 94 338 305 72 42 93 283 282 239 176 149 97 121 285 330 260 144 57 197 260 334 59 281 304 116 268 353 49 281
190 31 246 339 166 239 204 44 0 37 367 250 129 150 317 89 293 333 124 267 331 291 120 119 75 22 322 298 220 96 118 101 53 62 339 1 68 159 222 161 273 182 239 209 63 62 221 247 37 97 341 49 46 96 26 166 165 190 342 254 139 200 205 289 338 356 273 80 68 159 235 2 175 377 275 317 96 248 169 361 229 270 14 344 365 326 299 303 277 26 63 208 149 293 261 236 108 233 55 162 86 138 285 5 188 191 195 88 144 154 143 346 364 130 119 44 291 24 226 306 160 111 14 21 296 124 65 158 26 101 246 345 222 200 293 195 338 43 40 143 192 265 15 119 1 151 329 239 226 327 172 67 221 3 329 209 249 289 248 35 363 141 270 363 204 329 85 347 210 308 360 88 77 52 142 39 254 189 186 276 44 173 195 250 93 113 265 103 314 196 366 18
202 192 80 174 6 254 71 27 166 39 3 264 15 116 94 292 31 58 353 225 98 339 149 287 208 76 147 42 277 196 359 261 78 41 130 220 136 396 388 376 91 200 224 108 19 196 91 328 401 403 329 331 93 76 356 185 57 310 330 319 158 51 238 123 319 156 194 1 311 306 131 39 71 27 139 259 237 85 243 239 12 8 260 322 0 74 42 202 280 231 398 253 175 151 226 44 200 174 20 354 4 73 342 390 287 393 207 311 125 206 166 42 241 240 314 101 371 111 123 8 35 154 370 62 153 15 131 390 379 88 13 34 123 158 26 228 137 69 222 250 29 132 282 166 175 188 178 154 214 372 170 308 220 272 34 389 336 186 76 77 259 97 333 384 22 222 371 267 263 155 150 222 274 161 57 122 167 393 233 249 78 360 383 325 308 31 381 215 56 360 64 344 308 126 120 294 59 368 164 212 378 119 304 184
202 96 373 170 24 218 8 344 187 27 174 62 93 366 287 301 389 294 187 397 143 403 251 373 216 60 360 84 331 76 30 147 244 336 0 349 201 125 288 65 206 295 218 349 69 31 226 13 139 281 211 16 10 313 221 22 403 209 363 21 370 242 60 124 400 346 148 221 107 271 354 108 56 91 207 335 390 71 63 21 388 256 222 178 37 81 343 295 81 257 232 130 227 183 62 66 203 286 385 313 61 15 234 103 175 66 51 298 244 11 302 163 354 46 38 198 57 70 123 208 252 294 239 320 370 314 354 362 286 334 333 137 232 6 340 386 39 97 318 133 214 373 151 395 275 65 26 327 215 205 168 194 180 50 178 12 234 343 326 309 381 126 313 132 159 237 13 331 110 325 243 81 165 266 3 239 213 284 397 215 179 2 189 151 62 245 163 310 240 215 127 319 35 127 171 374 292 288 391 374 318 131 188 398
206 110 215 64 141 154 116 321 239 345 300 252 51 211 230 270 289 390 284 156 103 102 389 20 382 359 161 1 103 250 335 311 217 346 218 246 337 389 30 384 111 112 235 169 387 224 334 77 57 32 34 341 150 261 138 31 358 74 227 313 147 103 389 129 38 272 108 275 191 213 26 233 264 115 132 44 379 113 95 146 50 359 148 159 228 117 1 301 400 385 287 312 326 140 291 208 375 28 60 302 385 141 259 27 302 201 237 326 285 35 183 291 9 341 390 364 337 198 290 287 214 295 87 327 180 132 85 32 143 329 371 393 21 380 308 304 20 14 49 187 365 82 271 309 410 263 397 232 337 384 74 383 45 246 281 324 267 104 199 11 259 7 157 384 82 49 166 101 166 357 296 86 57 327 316 235 124 322 75 28 199 19 97 124 297 187 307 213 207 396 46 83 19 76 194 258 381 71 232 21 150 91 386 149 405 144 210 266
210 77 296 388 95 338 250 155 302 154 96 14 186 132 128 98 371 182 295 364 154 244 267 286 234 352 414 241 323 285 386 41 387 141 169 99 219 160 114 53 135 72 338 123 301 156 259 51 180 273 96 299 97 299 326 357 260 223 365 290 287 410 349 354 304 144 147 271 401 174 344 308 389 118 276 162 97 366 253 355 34 18 403 227 229 89 201 59 115 216 350 415 302 174 170 271 170 375 74 304 365 250 57 3 9 409 352 216 413 228 230 383 342 189 289 139 99 257 285 120 50 245 38 339 269 265 212 232 111 409 274 338 236 15 106 94 131 379 417 23 52 303 384 55 357 84 60 269 275 176 110 21 238 404 410 1 144 256 212 362 290 408 382 327 418 226 136 184 127 198 328 291 90 81 68 201 26 150 324 162 325 305 9 155 282 339 97 184 296 14 189 169 346 335 15 374 299 383 216 247 51 194 398 167 190 16 81 171 133 84 215 266
210 188 82 69 338 61 76 355 115 351 368 243 19 309 164 37 213 244 30 107 360 292 410 179 391 341 151 55 230 222 129 142 277 134 338 1 245 217 293 276 250 266 18 213 111 388 310 366 411 261 28 57 413 300 268 14 194 158 315 392 16 25 255 64 232 107 321 272 280 361 60 185 136 341 162 187 176 278 37 271 42 331 265 134 150 150 25 63 328 198 338 365 138 10 23 156 300 351 154 111 127 333 298 121 183 311 339 134 344 378 343 122 150 228 216 214 299 169 187 277 226 130 51 38 80 290 392 210 7 344 79 324 195 21 103 315 32 95 404 5 190 360 47 243 264 320 165 247 204 379 413 8 209 70 414 399 347 78 222 310 77 204 407 73 308 271 291 332 195 217 27 271 364 384 186 22 64 244 49 390 155 11 302 53 85 191 336 201 181 214 325 94 378 38 5 86 210 85 67 156 209 200 220 147 270 182 2 153 122 306 325 129
222 218 235 4 357 333 298 76 97 28 103 427 73 60 78 286 49 234 406 174 241 18 443 426 422 203 418 323 138 10 240 371 137 93 114 116 333 200 79 179 9 387 98 404 204 348 135 59 315 329 327 38 420 104 76 199 207 374 312 65 128 373 201 0 334 174 185 135 238 419 422 433 119 95 50 197 240 271 322 80 93 363 95 59 297 399 373 443 105 137 232 155 149 202 366 346 385 145 184 71 141 109 360 160 100 230 24 112 315 284 195 105 193 39 162 143 72 316 129 431 109 422 221 354 417 31 94 250 90 296 336 91 154 89 420 267 421 21 183 89 123 140 4 190 93 197 420 427 101 335 78 397 423 95 285 440 5 287 399 195 243 288 124 1 78 416 22 286 140 232 85 434 153 192 37 216 411 9 429 53 232 378 69 289 105 143 263 1 25 422 78 383 379 307 436 436 320 286 165 397 300 331 26 72 22 27 43 282 12 285 259 391 302 214 338 19 431 394 334 5 273 43 342 170
222 186 158 28 323 326 322 315 270 38 176 123 349 361 115 329 433 411 388 212 402 80 226 135 211 245 350 320 194 273 184 395 275 227 59 127 329 388 8 409 217 193 76 227 20 68 260 273 173 126 61 14 248 0 188 144 123 40 407 294 91 229 95 29 2 23 394 344 220 57 270 238 117 388 325 373 128 319 252 53 269 32 407 114 210 244 37 358 433 237 170 396 272 202 37 99 161 157 170 375 278 291 58 107 301 26 7 294 421 38 316 147 245 112 41 171 439 63 442 176 278 44 141 406 420 117 437 218 242 259 131 4 333 360 128 121 85 396 46 248 85 373 405 210 308 2 307 334 422 206 361 85 243 375 316 372 64 92 379 39 118 433 410 118 287 386 217 273 370 271 22 426 98 55 158 262 65 410 206 104 180 246 388 313 39 126 156 26 414 413 306 435 325 302 400 233 280 129 385 223 246 18 365 166 34 171 228 90 171 132 66 50 69 157 110 395 74 239 289 343 132 341 356 257
230 218 230 126 291 301 231 112 322 160 404 131 37 106 142 43 425 336 247 99 260 269 342 113 374 331 107 290 457 254 292 451 364 458 155 211 260 246 98 120 34 320 299 279 259 428 141 226 124 445 69 311 318 230 21 20 402 446 421 418 369 194 445 201 429 207 184 146 356 339 361 13 20 74 220 184 123 7 85 277 280 269 72 381 245 79 249 253 201 11 374 0 131 129 419 83 143 338 141 96 358 395 402 31 168 44 287 32 263 175 133 20 230 111 457 91 169 40 146 240 196 200 58 212 261 24 107 343 393 18 377 377 346 323 9 337 2 290 235 78 254 348 98 174 245 107 410 438 287 179 84 438 226 163 136 61 261 453 272 72 375 417 438 387 10 42 140 51 453 239 376 302 53 83 249 275 42 56 296 19 144 1 85 352 99 5 301 105 444 184 394 323 451 352 432 366 412 257 446 182 257 418 271 396 172 219 216 397 122 379 372 294 39 185 207 5 162 138 52 71 198 232 359 233 46 243 342 456 313 423 156 86
242 128 288 196 147 31 72 96 295 407 269 197 130 424 369 241 135 235 346 225 417 474 253 169 153 352 332 79 392 300 260 27 241 360 482 30 437 197 22 50 321 371 284 8 327 178 293 83 108 286 236 7 92 49 430 153 234 65 80 126 407 392 151 17 107 155 458 463 206 367 78 249 163 162 377 268 411 469 444 12 67 110 433 406 90 291 103 247 62 244 450 220 99 140 375 58 468 433 34 175 297 67 482 131 213 17 94 341 186 309 42 94 251 235 433 64 274 176 107 199 254 284 309 398 263 54 24 376 468 382 408 457 30 152 265 196 107 363 380 263 148 343 283 293 41 162 254 411 178 373 336 329 104 293 121 164 193 275 417 66 64 219 91 125 107 199 220 95 122 281 227 188 211 481 277 0 35 244 247 166 331 310 471 78 457 330 306 16 307 405 125 155 345 226 153 94 472 157 117 92 91 174 213 304 285 88 316 90 33 170 212 451 418 23 159 189 35 394 232 32 220 340 253 441 251 357 303 68 275 390 98 225 398 149 343 113 18 131 86 448 391 91 25 329
242 208 263 48 367 273 68 152 136 77 238 391 130 32 127 21 400 292 365 144 45 92 481 29 173 205 12 459 384 365 6 258 147 81 187 387 203 150 433 112 151 193 409 71 38 141 409 239 112 443 351 268 468 437 92 212 37 132 246 12 350 463 142 239 224 367 370 225 384 71 341 162 416 194 100 48 198 397 109 363 477 191 4 309 76 316 272 276 84 440 4 15 321 92 109 472 252 114 114 443 133 159 334 288 173 428 394 324 60 107 77 261 422 230 374 26 266 421 236 292 441 114 407 122 429 114 120 73 192 10 28 7 18 334 451 354 33 240 291 438 76 63 283 159 370 367 115 335 405 192 321 464 438 32 167 291 261 438 26 44 395 321 30 145 43 443 147 123 223 270 12 199 82 240 7 267 177 260 175 261 438 209 403 208 444 163 183 259 165 85 250 353 374 56 179 190 130 471 441 288 338 409 469 252 407 328 5 410 335 393 280 349 22 392 389 90 310 51 412 284 402 208 456 112 175 39 376 70 57 217 93 382 373 309 477 387 347 399 471 55 396 147 144 173
250 45 252 314 424 280 7 209 68 4 277 262 387 430 490 228 241 184 127 260 349 186 380 476 218 50 422 127 488 466 71 399 55 342 107 145 341 278 138 495 249 314 81 115 371 480 343 10 258 364 262 480 277 89 496 475 30 354 18 19 4 496 29 146 499 159 132 119 64 257 488 318 337 79 199 346 344 135 261 246 244 163 83 288 64 208 342 467 330 105 100 456 255 359 281 224 161 22 212 116 280 313 331 78 275 320 380 483 437 171 268 75 123 186 480 69 125 467 402 202 125 211 264 253 190 158 29 387 362 384 79 297 341 479 304 413 272 231 432 121 442 462 133 292 297 481 406 498 87 346 168 251 78 261 477 355 138 288 11 298 20 233 429 156 309 80 221 347 61 90 139 331 497 176 397 411 57 77 494 37 400 218 59 406 211 215 256 349 280 83 325 452 221 247 188 133 65 60 67 464 68 436 33 242 18 375 434 327 447 22 271 231 96 488 234 493 325 136 80 464 268 254 207 417 214 142 83 3 376 14 364 443 187 35 130 116 375 198 182 304 332 492 307 497 217 335 246 187 295 234 413 499
250 239 358 137 436 17 272 372 397 55 352 387 125 436 359 412 379 390 356 91 43 177 43 217 407 232 91 42 181 493 466 456 204 468 195 329 462 215 115 238 187 439 85 358 470 423 45 326 259 237 136 491 97 309 352 440 227 304 0 247 406 412 395 89 121 29 480 195 48 378 60 281 418 464 235 400 43 393 467 170 32 176 443 199 193 55 369 357 268 138 225 288 373 328 14 35 82 441 260 395 198 133 222 54 498 221 94 368 275 223 261 468 319 67 435 195 90 19 286 281 272 130 480 290 467 389 302 175 494 80 295 43 335 484 229 135 310 61 18 285 29 129 141 8 457 202 261 113 142 244 71 52 304 322 146 209 166 49 82 427 200 13 139 487 468 416 113 257 93 125 256 345 161 112 258 209 132 169 101 211 152 246 242 161 496 405 403 408 194 32 217 91 232 343 96 489 361 275 134 292 323 399 290 267 334 388 329 51 81 250 24 204 23 22 367 52 49 363 490 309 160 301 71 467 480 375 467 262 156 140 373 172 359 197 175 2 220 68 290 228 388 420 14 262 52 363 233 191 444 177 425 67
254 84 322 327 505 113 74 438 425 497 382 199 220 432 62 175 475 175 498 214 179 197 388 108 304 250 243 151 174 186 414 148 14 118 232 207 447 53 97 58 350 35 75 18 60 100 72 411 366 391 300 180 81 140 160 399 357 282 80 77 479 268 304 269 34 304 138 431 136 399 435 92 153 434 80 122 202 118 62 201 279 12 402 68 146 151 357 274 459 176 179 400 486 28 67 42 307 393 198 166 234 271 247 227 493 71 394 425 302 125 227 495 84 386 327 11 44 220 431 148 72 143 270 208 94 196 445 81 134 104 455 89 315 485 438 158 336 369 280 444 433 210 117 255 47 30 236 177 248 317 450 125 71 114 76 144 69 458 365 471 85 68 53 167 246 169 165 474 180 370 415 450 432 145 435 351 3 411 216 396 498 402 142 188 106 50 321 165 287 379 473 436 316 353 321 64 274 119 143 393 281 269 471 359 111 314 167 411 108 276 97 323 297 447 173 171 251 189 450 460 195 190 23 168 322 14 9 315 344 280 354 205 420 241 47 364 212 346 385 4 25 254 381 498 327 103 293 426 436 362 143 65 412 329 130 98
254 240 424 497 13 285 333 70 183 56 363 84 467 363 103 32 0 303 181 139 421 216 222 337 317 248 147 370 300 120 122 155 475 372 382 481 27 68 348 223 111 58 392 87 363 25 312 166 128 58 335 252 73 469 403 249 485 163 201 487 30 210 208 202 96 215 28 41 107 187 411 150 14 245 85 292 327 60 436 423 393 213 342 122 60 336 221 193 307 467 160 330 305 363 395 217 19 443 96 57 195 180 361 465 353 82 222 300 85 123 122 110 249 422 429 230 321 173 390 224 284 110 443 267 243 417 209 164 15 410 247 95 57 364 199 204 154 227 188 460 43 454 422 97 296 364 96 341 346 417 337 46 181 443 460 202 497 133 308 486 212 312 349 341 228 444 193 31 107 8 316 427 340 315 382 379 194 460 51 349 275 74 418 356 461 76 303 316 451 2 384 267 380 219 299 409 167 189 283 348 208 267 125 46 494 151 496 399 349 167 154 200 55 478 30 359 359 129 355 137 225 426 44 197 450 200 177 73 294 286 143 169 305 185 83 495 383 40 375 127 13 314 79 478 395 177 346 273 29 135 105 1 441 261 339 78
254 116 132 298 366 96 205 324 459 58 416 485 244 268 2 206 318 338 335 63 126 210 100 19 206 348 276 83 414 297 388 165 412 498 471 277 370 63 99 177 501 357 436 288 373 182 253 288 215 498 447 216 163 372 288 476 502 348 338 290 83 179 320 21 30 247 492 149 480 292 328 157 432 23 101 353 216 369 299 434 107 419 9 407 215 421 342 259 291 476 320 350 171 113 32 485 353 434 107 504 434 86 133 492 297 138 313 307 165 458 326 63 72 413 171 123 442 326 79 242 403 401 243 267 33 4 108 106 220 51 193 49 103 141 448 346 503 100 5 376 237 151 11 497 413 21 16 463 390 95 407 385 34 457 21 335 346 346 320 418 54 196 298 88 47 384 505 66 104 203 218 496 129 284 357 241 418 302 226 24 375 283 227 14 148 110 228 499 228 35 364 170 501 35 445 455 341 501 119 167 16 460 325 156 314 348 311 51 241 40 165 74 22 388 418 445 258 406 67 222 71 330 235 131 209 143 410 329 127 454 63 458 32 288 231 78 412 24 475 127 458 375 419 160 377 187 422 176 493 215 156 8 449 149 241 264
258 241 68 127 403 279 264 319 343 220 495 308 366 468 167 388 25 356 349 369 437 73 348 201 433 39 220 469 72 143 363 455 70 420 165 264 397 504 188 403 428 240 307 439 350 344 13 46 184 337 457 259 401 477 128 304 366 14 143 63 288 101 111 344 271 270 504 344 383 120 205 169 377 205 398 380 438 409 150 367 212 113 132 127 458 38 499 472 348 405 419 317 68 17 457 374 292 445 272 217 77 336 105 225 40 182 93 449 230 454 229 315 481 197 36 261 316 96 458 493 407 187 353 253 42 225 209 105 246 151 46 435 235 144 464 246 1 28 334 107 125 296 380 482 443 112 12 139 295 32 294 352 504 401 359 324 75 189 434 343 215 30 425 359 209 254 397 374 382 327 408 228 112 129 58 72 321 503 180 355 337 48 130 156 276 91 35 421 350 183 371 199 385 239 313 446 330 53 107 340 297 221 402 47 282 75 428 354 154 477 160 155 255 215 357 278 435 128 310 296 308 236 335 140 208 339 261 194 40 76 444 389 181 395 164 280 475 41 312 469 235 260 67 163 196 13 95 412 225 255 15 420 25 225 407 219 258 151 308 293
258 243 103 216 435 68 323 144 477 394 485 84 195 218 329 469 108 337 459 165 96 163 385 191 445 84 365 502 5 477 53 194 259 416 83 185 196 5 514 123 141 231 359 49 93 493 146 11 41 514 514 312 19 131 352 271 484 274 268 253 214 22 242 492 413 448 94 179 460 64 217 488 227 322 387 21 481 470 229 380 160 128 10 442 503 395 140 142 104 347 11 313 38 208 192 484 318 483 446 468 376 294 380 335 250 508 400 143 187 50 86 513 111 497 414 503 294 496 30 421 81 13 439 93 470 364 455 119 13 243 259 159 481 128 151 392 130 103 456 51 430 285 425 114 406 437 55 112 453 372 123 35 122 215 260 20 445 493 220 61 22 457 379 509 15 98 442 386 176 307 95 223 364 65 279 251 273 0 175 388 345 233 166 142 284 452 479 26 291 443 226 110 500 153 424 15 34 188 493 376 242 386 358 98 143 248 70 69 370 307 300 381 193 508 446 110 265 383 439 81 64 270 201 406 356 260 29 332 276 484 475 387 6 62 66 410 114 14 95 155 343 417 82 72 512 42 255 234 425 137 467 142 151 137 126 483 153 76 107 485
258 40 143 378 409 7 321 87 502 266 195 121 244 480 126 287 404 13 51 43 139 410 390 476 310 478 162 163 163 176 400 22 286 76 323 222 338 0 96 416 144 253 111 355 341 80 156 35 99 471 251 149 49 110 281 90 471 86 358 135 450 492 271 455 470 387 417 36 345 277 71 276 250 54 474 448 132 341 146 349 405 435 75 275 447 493 354 23 468 378 113 271 348 29 488 440 162 324 67 120 399 248 225 199 209 342 366 462 129 152 438 397 163 188 417 364 501 398 186 376 407 324 346 150 127 218 87 83 77 177 194 221 199 202 263 329 226 420 136 294 236 42 193 502 125 65 69 73 341 346 261 470 228 88 225 241 387 93 154 206 207 339 70 205 117 34 470 284 185 368 373 408 448 172 359 296 322 226 306 456 306 332 369 440 467 496 181 329 157 417 170 403 277 429 280 428 154 16 351 465 497 382 243 507 472 217 208 45 350 254 308 422 416 188 175 173 34 173 175 403 321 226 45 261 204 135 207 391 30 474 177 318 192 324 461 252 134 52 366 271 486 356 158 25 196 84 139 424 41 506 136 42 145 126 327 76 422 429 307 224
258 194 45 444 212 367 34 440 290 295 353 55 168 416 126 451 100 494 438 28 491 54 31 35 12 354 413 334 305 205 41 427 72 288 401 187 378 69 79 444 22 284 141 338 321 245 319 294 176 284 349 167 480 241 247 508 430 87 184 137 373 2 428 64 371 21 337 459 56 482 329 192 415 380 62 117 99 479 463 269 164 18 498 349 74 336 292 208 83 357 460 45 81 314 361 246 225 276 62 465 307 345 267 44 267 19 438 375 9 315 250 507 231 424 28 161 100 357 39 481 256 401 367 20 243 246 155 273 493 91 127 341 397 174 24 189 14 119 314 307 511 503 302 298 26 437 437 175 43 192 147 252 387 224 11 35 277 188 391 232 374 365 137 418 272 387 259 260 181 56 363 376 339 90 434 141 410 474 178 241 141 49 139 285 70 241 57 358 485 345 513 446 91 264 482 413 41 465 385 107 336 488 402 164 176 339 313 279 506 244 235 295 343 340 302 443 111 139 108 359 504 360 376 53 40 464 480 433 199 383 23 310 312 77 174 200 254 3 234 514 148 371 156 236 328 366 61 21 194 159 25 47 225 441 126 104 411 482 26 369
262 250 341 132 398 338 417 172 193 514 1 222 43 349 150 194 148 367 382 233 497 506 28 324 249 213 337 64 325 74 352 42 139 523 345 37 11 10 104 150 424 216 59 328 457 413 176 404 518 60 286 418 71 422 277 479 414 226 383 56 40 297 162 166 116 169 434 280 204 127 298 443 13 467 389 306 258 216 115 392 131 476 476 109 144 149 489 54 271 487 410 19 76 204 150 514 360 179 331 195 402 341 382 396 265 45 385 499 291 285 207 197 445 362 268 64 444 303 56 429 254 68 479 273 479 369 7 58 308 453 440 433 53 238 237 286 324 388 74 130 355 101 366 293 121 230 246 373 517 492 56 338 91 511 120 158 274 423 420 455 113 160 254 261 310 75 45 150 3 447 17 454 291 76 412 187 226 393 170 400 400 515 365 329 462 440 487 10 470 456 364 121 324 61 265 507 433 116 53 442 124 264 39 352 61 3 9 501 232 444 187 96 493 47 505 280 238 281 327 120 301 195 166 259 292 461 230 364 438 460 481 233 102 111 331 54 165 521 486 514 271 416 17 436 269 399 101 377 471 319 229 86 167 78 208 245 386 350 84 487 96 441 343 63
266 107 400 480 30 294 283 137 170 407 482 25 191 376 406 266 394 376 237 203 521 197 157 301 108 250 166 417 388 165 441 154 125 49 342 50 202 422 472 492 334 309 179 441 228 163 150 198 453 305 31 386 199 267 495 214 340 514 191 43 122 458 218 147 117 344 344 196 72 429 87 4 397 458 116 21 369 328 184 517 395 352 313 3 492 332 347 237 456 263 523 302 162 329 527 301 95 60 407 233 495 278 284 106 371 256 62 13 201 248 205 141 428 317 187 98 263 226 103 287 436 223 70 320 29 491 4 313 448 346 56 285 9 168 15 484 14 249 397 6 99 53 272 256 156 212 141 330 2 67 310 217 325 403 113 326 346 265 329 530 60 1 65 409 392 447 361 513 21 486 147 143 343 250 330 134 37 335 351 325 521 247 18 151 78 26 92 278 51 137 385 299 1 345 457 207 348 520 44 245 27 342 0 215 273 149 274 265 462 290 96 28 325 178 488 392 521 474 358 345 466 55 303 283 403 399 217 141 486 336 337 157 211 145 437 350 345 72 417 531 326 211 233 2 349 481 115 343 455 104 249 264 494 93 459 165 163 320 295 131 290 186 523 324 387 435 184 476
266 119 212 299 489 128 161 428 87 10 394 471 262 364 310 190 369 170 314 393 323 384 381 516 41 437 61 137 173 415 406 527 254 330 210 12 462 117 393 359 414 486 279 67 106 430 307 162 112 316 528 484 213 445 466 77 442 147 156 319 291 435 487 412 414 26 455 484 426 131 93 329 139 430 39 178 168 246 519 337 399 167 13 43 519 334 446 261 290 309 22 478 103 192 276 20 335 363 255 484 61 83 189 234 340 124 286 35 449 443 331 324 462 367 231 170 427 93 450 427 143 111 113 218 92 477 353 130 459 432 96 282 256 502 352 285 408 195 192 162 274 42 439 317 234 177 338 137 3 358 395 113 351 253 514 16 255 513 239 97 292 12 287 276 139 116 236 50 132 304 410 82 131 67 306 345 223 357 291 427 338 343 417 342 114 49 322 201 12 100 406 389 344 316 366 392 370 383 55 366 318 394 422 300 16 69 172 394 153 416 351 488 139 488 150 2 511 224 122 21 512 264 505 247 369 408 504 310 108 199 483 519 38 154 128 469 234 276 86 211 81 247 531 350 179 336 489 124 140 349 337 341 251 490 172 135 79 96 273 4 26 528 93 127 373 137 177 494
266 59 526 201 509 527 20 50 419 201 531 247 469 354 226 121 243 258 139 445 522 119 304 421 213 429 74 317 440 72 362 272 105 430 178 514 155 63 340 270 228 167 366 225 50 437 386 12 31 323 486 193 469 370 48 1 116 93 311 136 328 206 483 145 307 153 237 508 56 119 242 487 175 55 303 366 412 144 530 206 105 281 506 184 176 193 474 162 345 413 244 446 305 313 24 357 171 394 139 63 152 292 38 152 42 335 493 212 330 274 267 63 144 304 182 480 113 450 131 35 139 51 339 240 82 277 70 468 413 344 414 324 441 475 253 234 110 134 272 345 392 332 295 248 364 506 398 319 459 241 459 214 152 117 79 510 250 102 53 524 408 57 40 385 74 321 227 325 213 4 345 336 198 361 373 241 88 287 406 23 278 172 475 217 463 223 26 228 522 516 196 514 95 169 387 329 74 231 366 450 162 309 440 325 298 517 363 386 251 434 42 436 72 180 303 221 25 491 337 146 19 457 444 391 230 410 137 242 176 279 420 170 112 527 192 367 422 168 311 21 207 167 373 70 173 11 379 530 52 380 196 475 473 280 232 434 142 42 377 525 352 272 54 18 217 6 191 66
278 44 383 451 29 227 471 292 64 271 43 97 321 536 262 283 64 207 335 499 4 96 248 241 103 96 508 501 511 194 138 388 372 25 274 7 335 226 545 387 54 17 288 426 69 531 286 47 248 493 400 151 110 391 31 55 238 411 319 409 131 310 283 180 514 62 519 494 372 98 121 292 30 199 326 135 490 514 7 148 109 471 379 73 42 494 144 109 451 197 103 40 530 292 244 151 67 382 260 246 207 301 425 80 435 117 190 111 419 201 276 190 352 129 397 37 292 117 542 74 158 86 70 112 428 160 125 467 221 270 324 451 129 542 39 458 32 227 410 128 209 3 394 106 240 23 213 301 300 457 254 266 84 445 176 370 398 72 355 375 180 11 190 453 114 555 245 142 159 412 36 524 445 66 284 401 438 463 30 49 370 437 79 403 163 547 501 102 137 23 323 81 498 119 288 116 304 470 374 432 162 435 211 274 411 159 112 280 473 439 126 150 62 154 440 122 423 444 436 198 496 447 144 9 145 108 517 222 164 495 49 377 181 247 33 51 554 449 526 139 151 376 280 379 423 111 56 323 75 482 353 379 511 382 163 166 429 292 278 335 87 160 42 445 431 480 107 135 202 420 415 410 41 309 83 350 163 160 102 372
278 142 507 143 390 548 164 364 145 389 505 39 319 480 420 107 246 402 73 29 68 154 441 229 472 418 165 203 128 421 422 85 212 28 28 171 313 554 84 64 73 51 92 212 162 260 86 205 97 403 401 276 116 432 268 343 65 35 290 158 188 535 384 459 97 359 350 56 349 144 484 63 5 302 483 385 469 102 180 113 228 20 406 221 323 120 537 485 456 67 62 208 300 494 180 18 49 423 228 529 551 233 296 59 359 469 458 229 514 124 490 173 395 372 223 239 322 183 344 555 115 511 339 95 219 208 407 96 540 292 89 544 419 229 50 486 195 103 307 449 337 219 174 37 138 350 203 159 535 117 465 11 524 516 461 98 125 234 186 342 218 22 332 87 413 58 230 310 43 457 106 14 119 143 372 396 273 166 105 521 243 51 285 516 268 483 394 202 479 382 319 393 363 35 337 47 164 281 169 32 512 353 28 389 241 276 439 330 166 315 39 334 60 397 271 196 462 113 445 280 505 171 189 358 541 311 49 52 278 296 140 314 523 512 473 539 394 534 238 233 157 201 433 444 266 372 407 391 118 333 229 3 256 355 531 121 142 327 176 331 416 355 55 502 507 59 494 223 296 354 322 542 243 308 102 96 397 443 513 453
278 179 202 212 91 65 403 435 290 180 159 239 179 138 401 313 68 36 45 333 299 362 501 212 494 179 252 435 420 85 259 67 381 183 459 304 351 319 475 9 178 375 225 26 341 150 166 325 362 141 371 229 550 67 463 332 301 338 184 178 209 41 404 173 110 34 21 378 504 464 45 383 433 221 297 43 223 505 138 75 342 398 45 538 313 496 17 117 473 254 496 23 228 101 439 97 353 364 100 277 134 522 226 401 135 233 526 237 460 296 187 183 50 388 67 67 337 324 512 288 57 542 117 315 8 250 542 43 67 216 77 60 129 518 97 60 98 191 246 369 3 430 117 195 92 470 422 544 457 512 411 50 201 34 38 20 549 103 295 436 95 136 540 493 388 297 354 553 520 541 19 359 216 209 159 459 159 385 355 69 243 15 454 269 133 145 529 55 460 326 239 374 127 511 414 326 387 353 464 154 114 212 235 153 91 484 358 350 463 144 123 94 408 552 41 329 96 146 182 409 307 212 66 317 428 307 230 106 84 468 249 383 452 357 359 267 241 134 182 50 278 518 501 225 71 453 122 287 416 276 140 104 278 316 464 361 81 457 195 448 205 0 535 218 299 35 259 205 138 552 442 441 503 89 158 469 542 219 454 169
282 64 513 157 293 442 206 361 121 175 85 141 541 526 509 159 265 243 263 346 60 47 80 176 415 553 528 253 218 131 370 96 343 77 312 387 195 208 351 321 202 116 5 326 495 34 477 79 235 330 310 511 251 117 346 362 54 518 344 222 117 285 302 19 389 176 472 181 324 521 38 505 226 494 204 276 185 425 385 220 520 227 173 86 21 134 151 191 452 176 326 263 220 237 278 336 470 357 99 388 380 469 363 127 478 159 131 289 369 458 215 146 299 144 482 358 426 356 437 145 83 45 374 115 146 381 125 92 112 115 0 20 197 130 358 337 538 140 418 508 286 336 45 402 185 53 40 323 395 261 201 500 258 398 299 11 441 330 329 223 111 413 183 543 52 222 24 417 431 163 161 103 155 487 195 510 222 335 147 404 422 170 451 1 507 50 78 449 99 269 61 560 67 277 32 297 97 407 438 205 351 492 10 143 62 417 387 145 459 435 36 479 45 433 125 501 86 231 558 188 474 494 285 431 380 370 498 220 98 223 452 111 517 52 19 9 232 431 537 137 410 407 18 388 307 107 234 366 349 406 523 316 235 470 430 489 513 238 453 159 171 219 377 546 25 448 460 247 253 263 106 120 64 4 13 396 161 208 5 117 268 449 243 59
290 288 280 515 562 193 531 65 570 486 230 170 524 140 221 332 154 551 161 34 268 43 525 406 388 480 512 330 455 347 9 341 570 418 129 429 453 46 368 295 373 166 424 216 534 36 106 134 455 452 499 366 392 264 401 440 155 85 82 38 0 289 275 6 461 227 507 322 487 537 372 570 102 224 280 410 136 172 283 46 149 275 398 560 485 551 69 294 40 228 524 12 507 178 530 282 112 504 71 93 48 402 570 201 34 196 88 23 468 67 347 467 37 11 350 334 417 185 313 552 84 468 495 302 394 430 158 332 169 476 100 353 45 176 187 293 565 379 284 514 394 182 44 388 19 115 467 216 71 428 559 24 386 158 575 401 401 549 404 71 217 147 330 48 397 91 182 100 469 260 498 355 281 99 174 451 286 471 21 20 444 323 38 444 41 112 58 408 429 401 569 390 303 350 231 377 210 155 372 192 223 347 62 193 102 497 12 72 526 83 505 324 414 140 287 14 79 96 94 569 433 92 331 406 61 397 420 91 571 150 533 358 363 348 205 22 90 37 287 452 480 16 307 370 377 290 6 289 416 99 176 375 160 209 75 343 226 408 253 198 372 518 266 478 74 21 424 16 172 218 497 66 316 492 89 42 380 142 130 331 444 101 271 292 216 83 321 579 50 405 334 10
290 67 545 106 470 400 542 471 273 370 447 568 11 209 268 403 230 17 432 311 457 434 524 343 296 69 176 20 166 555 108 286 253 523 229 386 406 235 46 278 255 2 191 557 129 579 206 444 329 487 473 47 412 229 165 108 41 34 163 87 376 391 255 569 30 102 140 412 241 109 183 40 321 354 434 75 36 187 129 4 146 311 531 47 268 128 176 343 493 237 264 436 200 166 271 560 474 242 59 391 361 364 113 485 388 365 300 366 240 240 29 244 347 458 96 575 373 267 276 92 428 446 477 308 71 429 539 489 165 215 462 69 384 131 302 342 566 426 238 500 575 300 23 168 261 296 320 194 74 239 60 0 511 545 202 452 562 399 159 543 373 436 197 244 539 360 297 316 267 138 15 364 360 303 282 418 305 39 495 489 330 170 164 104 338 16 571 377 213 432 513 319 19 471 456 22 168 12 157 236 466 366 69 401 404 380 192 250 203 59 7 394 13 101 576 262 528 1 2 324 490 98 46 260 497 206 68 507 153 362 509 562 569 574 575 227 492 514 274 481 31 231 338 128 298 1 261 448 222 324 497 368 370 292 165 7 148 378 324 50 423 127 92 9 576 493 387 64 361 33 44 86 261 84 245 138 415 577 450 387 385 112 547 228 320 147 569 448 500 503 135 255
290 182 369 53 277 482 434 1 409 378 417 422 40 291 234 24 262 504 262 79 70 328 30 549 552 191 403 510 326 2 107 394 250 432 215 391 16 66 11 256 447 34 164 395 233 271 67 137 447 567 41 359 571 108 363 400 572 132 89 179 520 354 245 378 369 396 251 38 329 431 22 121 412 356 291 53 351 280 222 442 34 480 439 339 423 411 59 131 481 134 369 163 131 552 433 567 451 463 60 232 237 324 405 61 337 317 418 138 394 279 512 142 221 564 343 419 149 573 245 29 435 203 177 511 312 91 426 184 18 109 283 460 312 551 554 406 359 548 421 491 56 158 60 268 522 144 413 257 245 128 176 33 101 159 63 46 281 90 167 86 440 303 448 216 72 477 41 275 455 236 231 258 28 168 504 133 339 78 75 479 118 503 40 99 88 317 190 547 483 551 21 438 78 241 258 22 46 282 23 429 386 535 563 555 279 492 412 412 40 146 75 579 482 16 527 558 130 193 226 411 516 170 98 145 342 142 535 137 302 177 563 301 328 223 561 519 180 203 349 426 384 82 150 149 560 227 280 512 311 41 140 264 347 70 444 513 123 353 539 236 493 475 0 309 352 205 429 337 122 458 480 170 406 278 335 53 379 512 99 148 167 91 415 70 79 67 136 317 75 185 220 153
302 142 127 205 396 405 483 223 357 503 81 494 215 108 297 422 88 4 593 234 509 603 232 378 544 232 159 42 257 183 197 265 61 492 511 26 348 405 247 156 158 601 263 54 362 597 517 568 175 54 249 261 325 33 349 505 418 307 133 504 269 529 508 343 19 535 187 325 69 489 65 73 592 350 546 17 512 183 276 424 137 301 388 375 74 217 525 0 60 243 235 379 374 7 225 216 290 425 240 55 303 356 92 429 225 559 591 582 542 53 390 38 330 370 247 511 582 530 124 439 516 15 196 237 64 445 540 538 586 461 325 439 535 88 131 411 157 22 129 509 238 469 583 189 213 18 347 310 220 62 220 415 369 248 137 147 313 334 573 140 70 18 582 387 126 252 380 203 317 191 129 540 551 487 32 155 589 557 34 349 247 162 409 59 378 207 141 416 82 80 310 166 503 200 427 153 528 547 267 184 412 47 177 37 81 75 412 423 193 147 144 575 18 452 276 229 232 51 189 193 45 9 16 276 405 182 73 502 89 133 302 351 418 218 506 123 144 203 103 428 290 301 118 28 250 131 227 334 419 183 325 466 167 515 106 18 476 0 561 468 539 463 402 97 415 18 17 157 541 513 105 552 415 568 391 247 173 507 447 246 165 88 345 168 276 552 376 511 403 190 167 128 224 211 49 59 599 61 550 473 480 531 273 171
306 8 546 378 202 289 374 274 555 293 251 518 407 217 229 234 406 217 381 163 264 496 388 171 9 590 88 346 117 23 369 460 302 473 60 551 589 551 546 571 441 257 203 364 310 242 293 379 374 84 346 230 401 29 360 453 571 524 306 234 286 580 360 58 161 541 396 426 42 154 543 610 144 427 432 359 232 567 188 45 40 249 343 414 175 583 332 171 236 54 19 424 487 20 109 444 333 76 403 156 310 201 161 527 561 57 318 147 358 448 200 541 212 127 143 206 50 105 343 279 360 189 303 585 348 308 80 386 68 447 180 34 448 180 0 504 515 411 58 150 302 610 265 208 265 580 19 59 412 555 430 409 401 531 144 449 204 9 159 146 514 114 455 345 243 387 315 549 276 297 312 93 416 340 341 486 240 479 525 245 343 478 346 220 51 313 74 328 39 294 574 278 374 566 373 194 489 479 574 442 196 53 439 424 594 280 321 165 596 395 35 14 372 230 177 265 13 438 300 319 217 300 179 480 124 322 483 290 72 610 57 0 2 290 3 58 377 289 280 278 587 344 184 477 124 243 604 32 547 410 302 15 459 328 310 13 422 438 238 205 551 233 3 372 201 238 92 286 330 424 314 166 54 163 157 598 477 270 577 233 585 353 33 479 483 514 604 442 116 370 508 21 365 388 122 228 18 240 577 126 42 242 77 460 345 513 109 306
306 206 447 548 560 328 172 184 525 148 115 302 550 148 244 159 124 177 544 557 351 89 353 248 136 422 441 286 13 377 575 162 130 575 496 325 120 550 430 534 366 412 359 610 400 330 80 380 540 310 530 502 14 224 275 432 254 134 472 596 115 136 310 448 460 339 567 466 418 433 53 113 386 501 337 107 151 223 362 65 238 345 200 455 91 133 404 558 526 161 556 500 358 80 189 517 179 116 361 521 501 270 409 267 260 58 341 525 90 317 230 415 45 440 556 333 441 600 245 238 331 24 2 304 549 456 234 67 79 297 324 311 269 86 56 327 242 356 478 272 506 477 315 162 16 312 482 170 12 515 74 72 551 486 552 370 482 215 134 7 440 118 522 428 374 233 68 306 435 510 469 27 334 189 535 496 198 443 311 427 235 224 319 135 470 291 5 536 89 405 429 577 219 84 190 355 84 250 554 197 69 2 387 250 464 180 112 549 496 265 8 90 181 294 184 488 47 317 254 259 411 394 415 329 147 425 226 185 40 216 547 435 460 316 531 255 233 331 94 548 277 376 406 474 610 265 247 376 594 194 166 495 368 272 546 43 27 353 139 233 208 144 487 293 307 35 354 476 571 482 418 217 487 77 378 202 101 561 592 381 190 68 445 143 490 175 401 459 511 318 365 230 479 4 610 1 303 86 505 366 258 120 255 275 454 467 125 345
322 248 287 165 621 194 63 93 399 286 486 414 182 620 593 528 639 555 15 281 253 169 509 151 242 226 289 556 449 288 422 126 292 164 116 594 399 607 486 526 18 461 122 319 36 429 249 462 597 512 543 457 44 599 420 101 562 128 542 57 571 374 399 300 293 260 160 274 619 180 151 492 596 574 150 424 140 216 278 391 484 399 535 344 66 10 357 484 324 513 430 557 488 569 9 386 359 218 216 465 417 43 133 187 548 278 100 448 205 590 388 429 112 212 551 40 535 229 610 189 158 469 159 135 386 567 451 143 448 499 364 246 529 79 271 120 133 519 1 449 73 406 406 77 189 633 35 138 143 331 398 508 560 3 492 85 287 88 28 543 424 161 608 461 635 326 96 219 601 412 562 114 342 613 286 25 326 601 544 366 26 65 41 200 180 316 604 58 58 404 203 502 214 205 111 143 85 558 439 492 140 452 608 376 448 450 627 636 207 213 410 385 417 123 623 176 49 83 12 569 540 9 444 177 615 557 61 320 415 455 60 418 263 360 493 75 429 471 94 17 380 67 238 638 296 145 503 264 499 441 62 127 570 340 335 250 117 153 599 104 356 131 623 119 119 66 368 580 72 567 627 58 501 593 84 351 124 629 399 233 331 451 148 138 577 204 453 194 49 396 85 494 160 182 528 380 147 560 22 71 55 163 585 91 534 353 613 479 81 538 552 376 267 410 16 401 569 349 570 8 83 623 347 339
322 105 46 626 444 418 277 386 121 50 552 77 418 387 303 471 66 423 301 566 431 623 449 387 3 411 506 55 499 220 12 271 620 609 440 290 602 640 524 272 626 612 261 484 487 269 555 120 260 131 128 265 104 75 74 161 43 487 396 499 603 438 406 239 396 224 594 522 488 361 558 297 639 356 236 187 178 101 528 306 90 137 482 535 113 334 167 477 199 630 343 333 379 97 237 322 590 291 639 36 590 626 624 166 501 352 233 425 441 489 27 500 595 123 154 413 618 487 125 622 294 519 474 364 456 512 634 340 486 521 112 370 581 185 624 212 33 283 389 51 485 346 263 196 229 618 370 514 441 317 489 145 572 532 445 507 294 345 507 279 388 199 451 637 372 413 217 409 89 398 180 66 448 509 14 287 577 359 91 200 34 39 486 375 360 278 177 642 350 234 630 407 164 373 343 153 256 171 261 618 638 290 206 50 233 25 554 210 110 97 63 314 58 506 208 495 241 447 250 202 346 454 414 363 87 346 197 344 182 172 585 594 216 299 225 94 604 453 6 429 244 19 178 175 370 6 121 598 310 494 379 161 93 181 269 64 414 44 214 418 544 206 362 547 471 387 128 302 596 161 321 171 4 363 585 78 595 51 423 163 419 458 592 261 256 52 421 406 109 121 199 247 239 532 502 621 338 619 41 285 177 51 214 114 426 578 589 399 549 413 150 146 576 598 611 109 68 542 440 192 44 566 387 593
334 168 135 68 530 449 595 364 578 218 422 362 575 35 111 346 104 21 572 24 522 296 439 276 253 91 279 120 175 504 58 174 76 29 487 187 498 38 324 634 80 94 122 642 579 418 275 441 586 202 316 409 375 50 616 516 568 575 88 525 542 211 419 299 602 132 4 484 565 494 147 286 184 123 477 326 352 458 341 509 292 635 281 291 487 546 328 192 23 449 319 83 173 337 85 200 92 286 37 640 83 150 636 215 141 374 28 62 319 337 241 144 609 445 565 417 82 3 449 135 362 355 597 160 415 408 283 372 151 276 476 257 89 82 518 337 498 315 194 108 644 499 274 209 665 313 541 74 513 161 559 302 440 396 448 194 20 547 176 11 65 613 422 100 268 67 409 567 661 108 382 445 633 632 130 222 121 127 222 184 435 148 191 68 106 632 316 450 5 9 15 222 642 27 409 278 393 372 326 92 198 95 188 262 410 247 328 297 578 171 624 235 15 118 227 135 90 435 371 454 656 278 373 149 63 372 377 571 45 206 366 577 519 314 573 153 205 666 584 357 425 640 327 477 40 74 440 369 196 158 21 85 115 653 336 660 140 67 267 331 582 573 641 418 431 505 286 301 646 316 93 641 461 306 534 392 271 245 576 359 420 500 560 636 616 633 303 369 285 606 619 42 191 521 198 578 27 328 222 549 59 232 66 145 577 109 13 315 636 187 351 56 599 427 224 577 206 343 97 633 142 46 193 84 224 326 100 266 554 542 343 254 540 30 24 226
338 30 404 45 23 667 58 49 245 523 259 477 330 440 566 294 636 48 626 82 668 15 151 180 629 365 469 8 135 271 671 290 45 595 435 15 122 660 228 15 439 270 351 258 569 281 137 59 37 655 180 369 285 609 506 374 130 584 597 589 262 50 60 644 43 440 241 272 215 460 663 561 518 4 512 243 270 454 622 542 254 376 633 140 604 157 210 102 331 517 368 346 670 523 286 371 618 43 343 213 157 534 105 104 672 234 427 571 503 245 87 622 418 503 7 326 23 158 37 55 177 555 7 453 252 103 227 564 84 546 336 15 623 157 369 467 558 528 656 340 119 584 347 458 497 75 472 124 419 354 356 90 238 126 127 519 396 450 300 664 262 634 293 470 209 385 567 324 567 277 444 197 597 104 326 186 413 81 169 250 459 28 356 587 240 283 556 132 482 451 442 263 343 256 618 653 178 597 195 670 200 605 668 96 330 66 122 637 133 257 619 237 654 44 490 506 329 199 469 160 163 258 271 110 602 217 268 651 163 420 512 27 261 652 318 92 476 459 625 153 675 232 532 189 481 457 140 561 240 629 443 607 83 413 438 142 596 585 206 517 647 37 279 556 236 495 537 139 653 222 610 127 482 643 321 659 151 159 630 23 635 438 397 445 653 495 606 280 79 537 528 500 431 396 556 300 169 131 169 413 383 621 160 545 187 258 475 129 55 50 254 318 120 566 145 557 191 415 353 619 386 283 593 333 259 163 454 224 116 675 588 645 323 343 408 409 348 601 487 430
346 289 625 616 676 386 252 576 499 333 264 648 592 615 23 388 546 314 482 515 360 81 343 229 270 421 78 647 673 662 330 343 451 14 566 566 599 86 523 69 373 76 383 154 623 591 484 490 548 571 230 485 581 371 514 176 306 328 615 183 54 310 229 567 154 672 675 475 528 421 53 235 530 243 328 567 187 130 586 455 86 236 646 205 216 607 85 627 49 609 562 366 608 630 188 405 486 670 424 580 119 634 90 315 247 74 648 447 265 129 121 203 255 646 331 203 253 368 9 478 161 11 266 465 2 481 59 603 543 660 595 281 655 685 468 7 437 473 412 496 450 41 223 148 549 106 686 246 628 570 472 310 456 516 79 252 4 645 505 434 541 345 569 175 456 312 435 115 407 389 479 366 400 108 116 430 416 271 16 256 665 366 332 658 305 190 487 206 336 286 197 9 349 629 492 506 230 563 205 373 145 506 464 682 182 33 316 470 441 683 29 514 403 356 23 337 593 93 501 567 363 558 182 35 632 74 215 485 245 675 424 531 281 385 542 139 96 222 404 293 53 247 298 450 536 171 575 585 88 434 43 618 257 541 481 169 119 508 568 201 301 108 81 485 28 625 158 73 353 609 535 272 195 3 674 93 281 206 264 8 160 148 142 188 223 532 362 260 65 449 83 379 565 382 363 625 148 52 30 652 54 24 437 423 417 673 513 7 112 32 606 597 72 35 75 682 192 30 440 313 190 455 264 169 317 500 659 522 302 361 383 267 261 402 385 129 257 219 329 236 245 574 539 0 188 160 206 368
350 122 137 411 31 538 129 96 199 573 554 170 670 226 541 431 200 597 562 692 220 123 473 588 13 621 483 198 618 325 465 500 168 121 67 608 604 668 250 110 641 508 467 191 640 616 633 123 354 215 594 642 697 4 125 340 608 610 557 481 260 127 448 487 379 286 557 616 527 262 316 100 55 337 474 83 171 502 335 85 157 35 133 125 498 542 560 560 373 85 624 243 279 150 590 424 697 549 169 391 672 533 361 184 140 134 159 88 682 279 95 693 250 556 547 494 91 326 128 553 668 615 100 482 519 446 465 176 416 288 357 371 354 480 476 140 613 190 164 462 313 406 673 198 677 542 361 656 468 199 572 342 186 13 114 340 496 82 404 81 567 630 264 687 359 374 337 386 159 310 92 92 125 528 397 229 248 246 29 643 386 481 189 237 505 129 684 90 132 247 30 637 50 598 9 685 183 216 257 675 683 621 104 527 381 473 5 691 286 515 586 123 373 69 185 690 657 21 686 343 615 92 496 549 398 217 516 146 396 67 139 600 107 457 48 428 616 117 250 99 145 509 65 220 303 193 200 234 439 322 348 232 536 375 621 563 487 300 172 585 270 171 486 273 689 583 566 583 349 275 501 695 326 571 151 64 451 59 167 198 663 325 635 560 643 642 641 398 540 225 97 566 585 16 678 665 241 427 221 218 652 548 604 56 139 525 476 195 286 535 500 540 397 655 420 573 668 632 329 126 685 51 418 551 174 319 565 231 264 19 307 110 619 461 162 109 51 31 557 690 150 654 568 620 363 17 12 33 569 252 671 155
350 23 375 402 332 201 147 539 660 273 659 411 347 235 468 501 78 211 375 526 104 665 157 394 409 318 454 119 50 626 539 157 558 33 633 642 346 279 554 272 187 50 60 605 54 550 198 407 614 343 451 350 518 434 635 65 212 381 157 418 475 89 669 165 686 65 10 250 149 695 313 332 599 394 672 604 492 348 164 571 292 698 421 28 470 94 451 691 305 271 514 593 235 140 579 50 540 549 313 418 573 504 10 8 589 350 180 490 626 352 563 658 551 225 21 457 563 663 282 128 100 546 427 593 676 575 336 30 265 694 632 564 587 448 290 18 305 92 653 436 424 452 261 141 526 301 123 609 445 478 345 313 576 268 31 299 306 492 439 207 142 73 470 358 344 217 448 541 488 471 350 265 168 153 558 252 107 408 76 528 687 232 373 381 684 366 207 598 591 496 202 328 57 655 240 133 231 11 388 470 333 256 475 60 175 295 595 627 366 108 111 647 358 115 589 491 572 342 589 538 105 384 628 7 333 455 0 698 593 426 592 241 120 452 67 153 247 277 531 280 200 142 657 130 323 120 448 301 60 233 221 148 56 127 257 390 165 385 680 692 675 585 441 571 436 407 493 418 149 312 94 163 327 197 319 579 680 219 618 406 400 86 37 369 133 202 657 622 548 217 603 317 436 609 376 334 631 573 193 170 228 698 665 144 342 459 394 527 454 499 188 441 571 109 406 621 667 383 431 95 47 657 443 604 329 468 656 592 682 478 189 630 608 454 516 587 65 396 490 589 424 480 548 303 583 409 233 109 68 20 532 698
350 17 647 632 296 683 280 9 510 314 562 596 220 574 473 250 439 666 508 346 158 51 210 491 45 684 390 99 288 368 597 351 216 628 204 128 618 288 545 503 434 32 532 20 114 327 60 87 521 174 112 55 684 594 571 112 318 145 488 211 451 378 15 284 50 610 243 69 214 439 72 453 488 218 525 123 281 100 632 115 267 493 257 675 594 501 530 170 230 409 686 523 346 664 120 632 143 46 148 136 645 541 313 453 236 264 558 529 115 287 165 504 574 610 18 372 594 80 399 634 657 576 571 595 149 241 426 633 556 433 667 41 144 593 86 506 627 177 459 584 359 154 328 460 555 90 397 164 105 85 624 618 503 107 153 676 247 75 262 295 220 653 15 545 426 393 360 450 75 682 225 677 148 126 649 506 212 537 153 394 219 485 70 693 447 694 11 53 338 448 100 642 293 535 2 353 595 391 272 148 128 483 404 77 401 343 125 180 524 476 488 385 29 399 441 52 165 217 68 369 53 76 28 698 238 548 73 697 672 510 648 535 522 512 421 362 25 638 247 130 327 639 206 617 217 340 456 122 212 54 99 679 54 370 171 526 264 394 15 89 89 407 31 391 246 526 78 141 305 293 362 216 556 163 221 77 362 686 585 343 79 566 439 366 334 675 319 198 688 280 469 635 501 362 499 128 153 219 594 505 689 60 109 257 568 588 96 503 592 434 135 107 56 359 390 154 509 197 230 176 90 242 441 675 96 699 120 51 441 636 24 397 683 122 361 430 85 338 558 518 282 551 615 639 489 374 234 557 598 323 231 548
354 290 9 369 543 35 17 185 338 658 696 670 334 19 410 527 152 596 481 164 534 130 567 614 469 326 478 247 212 443 515 108 640 218 699 169 425 497 451 167 211 402 39 628 567 183 250 527 616 319 283 74 32 112 68 321 219 161 234 113 618 655 620 255 407 187 692 680 279 206 544 10 76 273 394 463 411 161 268 126 101 284 142 506 206 582 447 627 455 166 30 141 700 667 417 129 427 200 550 462 273 699 552 156 320 240 557 62 594 606 425 571 526 366 364 394 313 540 192 638 408 522 567 705 441 683 432 168 615 135 157 103 30 354 421 415 415 290 364 64 633 37 666 675 462 36 98 171 372 414 245 404 161 113 25 239 554 289 70 628 605 563 140 198 248 275 169 660 241 579 690 30 355 516 88 36 181 253 666 279 358 626 65 351 507 54 514 528 257 55 525 69 160 210 80 531 479 299 90 48 431 569 518 119 7 414 583 521 105 425 471 244 550 86 239 665 385 281 174 612 429 498 555 683 50 95 94 417 557 466 18 130 451 109 374 619 280 630 240 706 50 204 446 522 196 299 59 377 666 458 571 239 241 155 565 615 303 525 50 420 143 682 67 86 280 115 204 502 546 2 493 589 588 171 251 198 434 201 299 683 230 603 185 587 245 234 454 134 456 29 85 58 374 53 338 671 358 185 476 130 27 45 114 443 180 407 225 651 236 459 59 619 502 378 692 170 605 312 360 58 354 280 488 35 109 669 415 53 109 115 474 616 219 229 358 527 654 174 612 240 272 269 35 67 390 419 9 201 288 540 240 56 396 323 693 11
354 247 269 497 97 136 459 184 9 638 607 521 474 82 481 140 678 594 347 306 127 448 126 278 698 122 702 86 473 514 88 23 415 422 449 514 32 661 40 274 97 644 87 676 447 86 423 318 678 3 574 212 669 261 548 337 202 211 134 468 144 395 415 551 314 420 147 224 285 644 623 217 379 637 323 657 341 530 34 133 384 245 68 612 524 239 293 482 427 125 654 18 95 510 604 183 445 630 24 422 1 422 542 344 646 255 600 195 215 83 587 664 64 37 137 587 307 417 224 24 239 282 325 184 175 307 311 609 413 592 612 108 299 21 367 498 358 265 588 51 431 293 197 509 144 482 646 123 583 198 405 342 611 533 194 60 542 513 468 315 600 454 366 581 547 326 352 499 93 243 626 209 156 422 432 98 86 645 316 240 578 680 216 685 696 460 133 16 696 516 382 310 521 252 662 626 179 301 204 379 469 224 258 80 136 273 213 521 473 50 265 530 327 668 203 144 398 594 130 60 262 153 628 16 131 205 415 234 47 126 688 513 83 430 546 553 375 565 541 603 648 175 413 130 388 285 149 347 640 692 527 13 615 398 643 424 644 338 414 63 439 224 366 661 484 430 553 634 310 582 325 366 209 664 431 66 150 171 603 538 629 95 195 289 664 197 169 229 357 71 300 385 456 284 400 260 48 615 316 345 333 33 667 613 681 74 123 324 454 454 552 444 305 191 437 579 336 56 318 510 276 0 413 160 507 22 688 57 515 451 364 361 5 485 285 278 393 376 558 503 30 167 576 99 258 66 167 509 574 37 284 360 294 356 410 19
362 259 373 325 713 357 480 256 418 603 482 562 159 231 609 281 579 714 703 355 159 11 303 528 399 468 532 196 108 293 184 109 435 684 85 273 472 540 584 458 630 653 156 453 148 139 530 694 35 312 688 504 500 537 123 47 585 592 642 396 29 463 103 332 193 279 421 308 463 694 182 406 535 543 473 188 341 161 302 345 705 373 150 217 156 721 48 536 85 679 652 698 405 433 221 205 604 173 177 240 347 644 580 641 492 290 660 27 83 276 351 631 471 495 119 292 229 214 525 467 197 671 651 639 608 221 278 601 78 313 106 410 311 590 35 693 354 677 26 414 644 157 162 629 449 515 89 182 41 59 499 670 94 347 215 635 496 641 600 359 372 124 428 383 144 351 196 629 269 626 686 362 521 418 229 309 601 463 118 30 309 516 705 382 22 464 596 394 165 439 659 469 147 586 521 31 234 129 513 347 135 460 131 600 439 104 321 264 662 156 400 494 515 599 43 30 294 69 141 150 546 688 176 374 102 40 201 99 299 78 565 541 642 18 655 698 449 386 710 220 480 9 718 441 595 590 66 153 527 440 76 497 246 301 519 194 202 522 524 530 657 287 642 709 319 449 84 23 309 722 293 438 138 627 366 294 402 493 86 492 545 694 196 427 268 434 508 359 228 371 149 387 516 516 250 632 218 257 118 187 618 531 412 249 386 388 355 615 105 617 233 589 51 229 134 693 267 279 685 201 64 714 664 263 110 469 400 15 448 249 340 461 410 400 421 570 590 414 588 145 285 198 633 388 51 147 596 478 371 375 630 203 714 121 519 312 26 668 720 387 107 91 689 19
362 257 174 555 656 223 700 699 142 155 256 74 496 621 423 285 303 184 330 261 79 488 389 320 706 212 479 227 545 40 317 46 66 552 642 612 496 695 142 137 343 718 87 59 701 103 516 197 178 446 699 603 634 80 140 590 129 706 496 93 552 126 307 158 285 166 331 139 683 375 670 292 151 204 431 349 72 84 194 386 547 375 206 183 106 186 593 42 716 604 188 499 56 457 284 662 390 667 257 570 669 543 163 530 547 647 435 37 211 106 25 665 517 303 638 9 491 16 603 575 65 212 586 67 211 561 238 72 537 110 50 508 427 555 286 55 115 330 723 61 435 636 670 339 357 373 603 260 119 265 377 199 32 697 100 237 399 77 692 668 438 179 250 421 358 454 459 296 594 61 422 414 570 158 503 357 134 662 586 662 404 408 454 620 170 409 369 5 118 689 124 281 344 256 604 583 175 467 106 219 574 34 633 256 339 166 628 209 248 255 337 116 53 592 653 260 514 464 54 513 330 100 64 587 526 448 262 491 273 422 54 257 506 611 233 293 358 342 688 634 503 690 487 516 161 599 706 236 157 638 322 149 674 539 699 415 286 548 586 380 140 497 78 646 702 381 26 29 141 686 218 428 208 483 398 386 57 594 101 285 651 134 99 361 370 599 428 232 213 180 7 431 311 522 449 2 43 108 523 500 486 161 564 594 563 406 524 133 477 300 422 327 421 426 573 81 272 310 551 23 87 366 538 190 527 598 120 313 672 191 513 219 723 340 187 256 722 143 367 458 411 321 393 41 84 172 595 453 580 388 261 247 673 488 0 125 467 489 102 406 95 422 305 704
366 176 720 47 200 594 469 611 68 562 547 68 623 624 166 424 600 51 454 465 59 105 104 637 300 445 295 712 118 355 259 459 597 535 205 723 172 674 237 297 70 2 662 442 723 242 497 164 631 724 702 591 68 370 640 414 481 4 717 356 380 143 702 557 214 166 363 401 244 607 365 269 459 3 670 25 33 567 622 727 399 567 488 399 198 13 6 286 135 92 102 23 190 253 303 686 360 125 125 49 48 332 78 246 516 337 263 87 156 528 20 58 646 304 296 510 79 553 716 388 71 557 489 35 201 120 522 462 445 491 533 242 280 420 170 522 577 613 513 241 21 400 178 451 702 147 114 405 550 660 678 71 271 304 556 109 506 517 53 701 113 177 380 642 19 669 21 499 725 293 385 464 660 376 517 199 612 482 576 199 731 265 442 472 615 719 68 336 259 64 41 107 693 588 492 659 30 357 441 429 456 219 320 691 311 352 688 386 428 428 395 433 585 316 158 161 422 350 667 630 175 661 317 226 603 172 6 554 679 26 679 242 376 560 576 134 447 106 559 22 537 352 661 379 699 151 276 610 465 25 447 447 174 644 410 299 129 417 366 422 269 728 369 676 374 12 634 340 730 222 8 144 432 334 629 432 693 678 272 78 478 672 351 154 255 199 151 428 49 152 478 110 408 165 390 328 396 58 299 676 107 180 225 526 205 330 253 375 606 332 492 194 301 568 438 503 417 351 494 211 317 376 152 361 184 109 249 209 120 585 453 22 512 156 621 354 170 93 262 702 516 380 553 537 531 128 187 243 501 457 440 142 168 669 311 433 195 103 526 545 581 349 461 96 149 66 304 359
366 200 447 95 488 549 58 409 574 146 531 370 501 214 495 275 336 297 577 269 273 401 382 243 112 264 512 28 139 196 508 713 519 210 327 29 36 191 112 352 385 332 376 115 126 216 631 565 128 290 254 450 295 34 134 148 78 553 729 121 582 466 182 211 315 591 576 552 113 241 687 340 22 600 228 483 255 226 275 152 292 200 72 395 219 141 125 606 291 3 377 399 334 63 207 565 155 517 579 519 576 306 285 494 350 34 304 202 307 539 74 604 350 223 560 643 509 680 215 262 284 214 236 191 225 423 539 468 277 387 480 593 528 11 200 493 301 523 534 214 448 624 259 598 558 22 368 265 439 475 184 56 454 453 128 478 356 258 516 563 53 479 608 136 432 11 479 279 604 259 47 437 401 566 686 490 421 151 335 266 642 365 672 311 494 86 319 461 682 259 151 504 322 652 322 301 39 365 51 414 32 247 50 78 157 534 275 521 666 32 386 97 585 367 168 708 272 16 710 288 256 668 64 382 184 39 409 603 261 554 93 507 211 655 679 506 665 278 291 410 90 67 317 470 79 659 657 58 257 241 29 175 600 510 199 591 416 686 317 110 714 90 303 227 236 468 42 612 253 275 694 349 554 238 697 615 622 62 107 443 597 205 193 679 374 360 3 572 702 517 88 337 36 602 479 278 448 220 699 550 633 72 291 448 272 311 364 719 687 672 605 137 196 386 249 458 97 430 680 295 518 402 64 57 385 20 703 701 301 224 648 455 637 688 295 553 68 605 497 275 680 251 166 282 519 570 204 241 365 33 41 493 444 118 644 63 226 108 359 82 172 386 470 15 165 514 550 639
370 135 358 455 402 666 683 70 324 498 41 358 536 249 399 586 505 555 360 585 270 392 543 673 12 683 260 111 57 566 452 612 261 103 199 692 452 68 710 369 515 159 169 23 29 550 469 221 1 249 278 462 715 142 313 735 474 9 229 469 217 647 210 299 367 435 453 206 170 80 299 21 151 237 358 431 681 669 666 716 314 88 204 598 688 380 6 405 348 244 542 302 47 588 472 575 701 680 386 613 47 260 48 95 378 67 734 66 218 214 733 477 601 183 452 450 347 437 722 207 118 453 549 232 64 404 540 310 168 654 588 330 181 277 686 415 80 295 276 358 735 581 644 221 449 244 215 349 8 343 221 730 137 258 199 244 374 480 611 707 636 201 148 252 331 609 47 667 712 279 456 639 670 412 521 595 255 147 24 480 324 225 178 719 126 460 643 606 22 355 539 368 371 411 388 312 324 245 607 344 735 191 350 649 308 45 474 245 17 569 512 599 553 588 121 79 633 72 246 384 636 493 278 665 403 180 361 174 151 303 115 728 246 390 314 568 52 279 595 30 472 24 355 143 652 418 95 345 533 341 714 426 623 386 2 567 126 412 621 143 689 116 678 70 138 41 362 18 92 719 737 143 364 140 231 301 415 185 485 177 459 344 520 380 128 435 59 113 516 205 314 385 699 44 725 736 207 388 34 8 187 467 494 562 254 98 699 138 107 479 597 374 689 171 30 74 388 344 523 399 65 113 437 169 518 467 8 370 649 504 291 345 643 50 407 84 88 494 561 487 310 295 223 594 665 184 110 488 344 36 418 373 682 193 308 654 299 438 39 255 594 68 325 302 425 644 187 519 210 144 710 187
374 258 167 703 164 729 185 552 579 178 557 418 702 373 470 54 459 485 562 148 474 184 586 126 689 641 105 408 718 205 665 327 159 93 510 468 701 404 314 718 144 673 354 619 688 377 663 110 49 313 89 466 491 410 352 679 326 290 431 333 247 317 265 304 527 526 436 393 536 566 409 457 82 321 364 444 233 37 432 357 465 322 436 233 103 329 709 646 83 21 93 606 594 380 246 221 532 655 205 201 107 157 674 328 741 146 212 91 268 559 131 461 322 181 740 563 338 302 321 529 194 643 154 493 701 294 95 198 102 613 641 745 333 596 291 717 97 398 509 146 382 23 708 285 240 441 558 214 605 357 622 44 365 342 160 353 145 492 207 108 700 126 458 103 564 167 321 471 429 19 514 292 464 2 449 345 666 223 531 554 240 84 529 254 701 217 247 454 8 483 492 78 595 323 361 365 571 721 498 371 593 558 659 309 368 670 417 590 323 476 498 115 220 188 712 9 395 178 280 738 24 539 172 713 330 435 175 325 88 350 740 682 100 581 454 480 112 591 397 671 12 22 216 325 470 150 497 363 289 337 216 239 99 668 599 676 667 124 692 64 746 568 693 93 562 606 306 242 401 352 32 591 303 282 187 571 199 574 323 427 566 172 195 122 250 64 137 559 184 690 412 241 671 55 552 224 648 423 70 553 140 402 536 584 434 627 248 403 457 401 287 567 491 173 624 689 317 327 297 483 494 693 526 722 313 245 389 327 267 196 401 582 644 67 168 335 688 474 295 418 437 728 555 570 49 588 4 682 529 597 313 555 699 47 91 633 175 327 254 515 338 423 451 714 285 360 341 57 446 422 16 274 135 54 603 311
374 346 423 71 222 374 438 62 432 466 146 282 364 318 640 81 484 550 322 626 389 15 37 30 245 27 574 225 642 12 510 660 697 39 101 149 557 238 362 22 179 420 592 472 719 173 737 61 594 44 454 706 94 127 60 155 416 47 147 289 327 722 389 718 550 448 349 403 632 77 430 34 554 351 259 328 267 234 80 571 221 497 576 354 99 432 709 735 41 109 45 509 21 414 428 237 190 692 322 444 477 470 171 243 316 580 252 281 27 238 500 306 446 159 632 349 197 275 690 439 683 1 165 529 208 598 0 357 334 403 23 319 412 363 8 187 692 147 467 564 418 351 419 390 559 278 135 369 263 682 189 125 746 696 32 532 646 198 473 441 503 290 733 19 235 87 534 178 496 204 43 171 641 113 11 388 505 27 507 515 76 598 152 252 450 431 357 522 93 127 530 539 521 409 453 369 742 629 598 606 436 158 287 582 172 210 305 146 73 679 664 202 690 96 143 205 551 442 712 46 138 89 262 730 381 243 198 666 692 468 355 663 687 377 60 720 592 345 701 273 135 240 382 263 34 640 408 305 188 10 470 448 705 630 253 272 422 733 125 544 387 384 374 350 105 175 2 428 170 443 319 245 97 114 660 432 528 246 156 26 445 166 700 31 293 680 502 169 705 549 339 741 246 610 29 35 546 428 126 637 142 190 534 263 71 658 292 527 673 351 286 342 48 83 733 560 253 264 668 135 702 276 586 627 516 83 236 321 260 621 131 14 16 321 147 73 261 274 399 93 575 233 226 466 4 352 20 725 321 653 513 129 363 488 629 358 424 127 589 574 260 626 43 236 233 108 140 576 390 583 7 353 122 325 531 401
378 236 306 424 144 715 499 733 158 202 646 333 649 609 742 553 29 431 563 478 382 276 241 236 658 316 750 563 214 5 630 259 636 622 166 112 690 643 193 200 109 317 626 689 403 233 725 356 161 295 655 450 249 279 237 599 542 521 4 89 542 671 591 711 57 105 310 74 529 571 24 740 356 92 562 665 468 585 336 44 320 545 715 516 496 650 645 682 657 593 382 41 183 113 17 287 549 346 642 363 57 607 372 21 213 547 205 584 642 717 117 47 722 157 245 563 550 408 107 551 629 527 617 708 130 282 201 484 14 269 594 237 402 310 489 124 361 352 27 94 53 503 226 148 568 312 722 493 530 81 338 96 15 537 97 505 711 11 401 125 729 222 160 273 438 332 304 471 347 658 654 669 301 12 122 382 78 122 412 198 580 426 75 111 437 732 495 656 308 491 353 568 62 201 338 144 636 129 284 678 699 469 525 120 709 492 205 75 567 542 223 733 658 699 85 249 410 239 92 308 602 711 94 599 428 262 559 163 604 326 21 578 253 226 565 427 398 54 485 46 448 28 603 253 389 29 200 746 411 115 550 12 537 514 325 432 85 190 722 215 275 618 363 588 282 50 568 371 342 8 242 187 150 702 260 37 149 79 456 512 543 167 56 396 413 645 639 482 701 137 449 635 191 498 399 457 531 263 137 678 256 516 599 575 639 705 345 453 416 618 115 442 454 549 53 209 581 208 62 78 530 331 98 344 491 369 259 152 342 656 297 716 141 118 86 526 105 34 182 228 558 322 183 703 130 202 554 696 51 623 246 232 19 735 221 563 419 326 281 431 656 444 755 564 247 642 443 503 382 227 89 651 303 241 697 365 146 227 604 596
382 333 479 621 94 42 324 291 309 272 589 199 654 44 746 411 202 105 90 155 741 216 682 166 751 605 386 2 306 404 384 180 8 697 506 58 647 86 428 611 234 171 187 295 262 377 590 301 14 638 546 565 195 127 316 677 571 280 450 49 38 570 312 255 727 704 549 303 176 734 763 366 471 430 351 707 329 756 382 244 265 622 658 220 170 221 496 642 260 235 469 213 418 292 110 704 8 672 371 211 446 636 582 325 513 93 616 270 401 441 337 627 584 742 472 365 27 126 440 49 299 358 59 702 459 61 173 577 443 112 588 392 80 664 526 14 337 328 632 721 413 154 669 499 377 694 118 186 229 372 713 576 306 659 29 591 510 757 190 632 221 219 48 725 551 270 557 193 73 617 218 588 127 231 506 152 622 514 122 120 567 322 535 336 21 497 244 641 206 54 2 672 533 336 27 263 315 495 643 225 619 13 705 291 186 89 571 531 238 722 687 214 335 634 378 273 671 715 463 4 645 101 502 409 296 178 373 291 516 576 569 155 367 496 296 421 59 719 587 612 547 124 78 698 255 623 177 293 139 56 145 530 146 677 568 98 494 17 381 444 446 676 278 282 140 570 113 397 624 195 0 366 20 489 421 254 547 658 32 342 698 746 714 610 584 312 0 5 98 292 453 79 303 696 170 648 604 333 106 505 286 599 200 634 258 359 580 354 393 170 356 381 669 388 213 372 390 270 744 134 353 614 762 15 8 478 16 362 501 646 670 148 577 203 527 10 44 595 250 682 93 659 688 52 218 640 704 302 713 561 530 69 654 706 512 413 638 501 448 81 581 372 414 263 16 59 559 479 500 336 263 392 111 224 598 244 608 435 596 509 746 698 621 670
386 233 688 486 401 298 103 457 612 98 299 229 448 701 395 443 379 659 494 357 234 490 567 720 560 551 528 467 693 691 662 702 391 771 314 5 302 11 230 464 516 569 169 268 53 218 115 68 116 390 69 356 133 244 48 672 114 5 340 133 222 308 691 569 718 23 329 129 596 217 84 370 298 696 75 244 166 372 172 731 319 386 722 487 33 748 26 325 283 483 613 109 19 91 276 575 303 621 436 42 508 101 132 16 676 739 677 208 157 583 369 5 649 60 269 175 639 705 301 359 714 316 321 67 15 29 735 401 244 8 588 298 502 458 326 49 191 639 135 511 97 459 609 178 651 374 734 355 718 205 526 376 502 18 142 743 770 120 733 728 611 123 732 124 415 36 503 401 179 2 626 569 700 543 760 45 80 69 767 103 684 154 85 594 756 726 143 629 681 22 742 126 422 662 426 698 626 607 557 396 400 555 608 661 398 53 423 563 254 143 617 609 451 151 629 218 66 301 715 387 161 157 493 674 288 669 325 189 624 641 398 15 94 341 577 496 674 77 387 161 602 369 710 140 282 428 308 353 570 112 375 301 451 465 291 514 325 528 86 286 9 143 735 341 577 15 145 385 37 651 685 171 398 146 95 298 414 303 739 10 399 585 474 193 380 455 632 708 341 679 625 371 433 183 296 652 354 331 364 517 642 484 437 305 723 153 82 724 663 448 435 336 419 452 744 38 577 639 635 334 20 84 674 178 144 344 230 153 74 581 3 491 675 312 557 501 220 765 517 219 333 737 222 634 295 754 50 670 80 164 9 20 450 739 371 571 37 666 322 18 170 583 356 452 494 388 178 524 756 684 559 566 613 489 0 210 630 746 496 767 476 685 641 157 358 212 94 622
394 123 363 310 773 119 462 394 652 45 98 305 411 47 514 253 326 87 23 253 40 100 437 471 635 706 727 8 750 474 60 767 439 157 337 449 362 70 369 77 193 179 512 6 274 203 328 141 383 486 541 207 304 57 187 309 771 680 110 591 497 534 676 432 312 428 174 762 589 183 386 216 773 422 199 0 49 626 174 455 3 559 584 341 503 313 374 687 167 766 349 396 610 727 333 198 700 677 420 629 312 215 335 514 132 712 18 173 557 667 232 258 65 423 122 260 32 242 180 761 685 34 637 168 471 159 493 274 498 603 492 268 232 148 326 25 266 413 161 482 208 767 612 613 372 346 246 105 466 500 324 115 34 394 158 333 545 439 154 583 651 245 556 526 369 769 354 506 380 646 561 345 78 215 513 52 651 57 508 782 91 558 193 675 324 567 202 393 402 772 450 613 199 117 694 333 394 200 660 481 407 567 299 600 239 376 706 438 771 683 119 179 132 301 275 270 725 403 784 667 163 355 738 560 677 129 457 732 543 745 341 160 679 53 613 639 498 447 22 207 623 8 683 135 204 362 347 522 265 274 452 578 617 128 144 784 773 724 292 476 422 609 563 24 138 91 534 71 220 121 402 469 504 238 364 648 731 263 54 412 423 554 400 333 111 535 110 209 47 438 743 474 707 367 396 332 196 213 298 523 442 605 428 197 627 521 67 781 350 365 185 183 64 757 323 649 524 37 675 270 399 585 247 785 139 48 736 380 475 45 168 370 672 448 243 233 257 550 404 454 193 319 183 512 659 76 310 678 700 59 727 52 375 668 648 125 62 539 509 631 51 489 536 315 155 755 485 345 55 372 609 563 228 26 341 442 613 448 633 587 353 297 312 739 573 718 701 421 325 158 716 230 82 496 390 513
406 305 804 640 777 804 558 307 750 736 433 115 14 776 118 735 353 762 404 650 271 671 694 304 269 664 197 60 672 698 749 180 572 96 261 775 382 45 486 195 52 565 135 87 418 437 649 138 259 54 133 115 577 65 736 807 679 737 695 734 636 54 276 359 52 274 606 527 634 234 708 765 498 127 358 469 529 811 426 523 771 392 647 330 687 446 665 202 31 61 766 57 350 8 447 441 343 441 134 278 607 747 247 61 347 277 641 2 808 110 64 588 606 305 77 247 121 109 474 757 79 48 680 308 378 766 219 530 357 230 407 279 267 628 664 792 446 385 765 165 64 728 182 651 31 324 123 779 220 101 598 228 621 425 537 402 497 362 78 593 51 37 540 398 259 403 416 227 297 617 557 482 416 497 106 562 238 396 664 337 516 217 204 199 739 706 751 229 307 574 127 50 319 301 507 495 114 537 491 283 699 146 156 604 469 728 300 77 266 410 151 349 645 504 227 184 438 89 702 286 603 465 756 395 760 315 708 137 691 569 254 10 602 191 380 434 518 682 177 283 676 753 389 28 59 621 666 471 794 297 738 216 388 648 651 9 484 101 561 250 753 536 135 278 190 568 642 230 131 643 156 333 520 347 765 320 296 83 191 134 463 595 697 113 487 450 756 102 238 436 443 192 202 119 595 228 449 364 289 714 188 209 229 783 200 65 306 121 523 137 535 285 417 666 54 766 483 504 124 471 560 207 134 59 600 207 184 390 434 29 531 216 121 193 14 51 675 55 788 105 619 765 717 473 413 610 384 57 178 552 40 776 599 684 489 99 604 368 222 190 460 5 297 459 294 307 315 758 564 354 329 99 557 317 483 183 477 730 430 7 183 443 398 695 304 396 732 267 677 758 163 67 294 703 25 541 701 639 487 329 135 274 427 210 295 305 671 76
