int 10 44 69 65 49 61 52 64 45 61 51
int 12 10 4 12 22 5 30 26 30 1 20 14 5
bool 12 1 1 1 0 1 0 1 0 0 0 0 0
bool 13 1 1 1 0 0 0 1 1 0 1 0 1 0
bool 13 0 1 1 0 0 1 1 1 1 0 1 1 1
double 14 2.9 2.2 3.6 3.6 1.2 3.3 2.5 1.7 1.6 1.2 2.3 2.6 3.6 3.7
int 14 25 12 30 37 27 29 37 25 13 29 19 14 29 31
bool 16 0 0 0 0 1 0 0 1 1 0 1 0 1 1 0 1
bool 17 1 0 1 1 0 0 0 0 1 0 0 1 0 1 1 1 0
int 21 24 15 31 24 12 14 20 16 27 21 15 19 11 25 20 20 25 29 34 33 34
double 23 7.1 6.6 5.6 6 7.1 7.4 6.5 6.9 5.2 5.7 6.8 4.8 5.5 6.8 4.8 5.9 6.7 7.2 6.8 6.6 6.2 6.4 6.2
bool 24 1 1 1 0 1 1 1 1 0 0 1 0 1 0 1 0 0 1 0 1 1 0 0 1
int 24 72 64 52 66 51 65 61 67 56 74 56 69 65 48 45 63 60 45 72 60 62 64 54 67
double 24 2.6 2.1 3.3 2.3 1.9 1.2 1 2.7 1.3 2.7 2.7 3.6 1.1 3.7 2.5 2.4 3.6 1.1 2.6 2.8 0.9 0.9 3 1.6
int 26 49 29 33 38 28 35 39 45 37 29 30 54 49 30 51 44 45 45 35 46 39 34 42 27 35 39
int 26 21 41 30 22 40 21 19 32 20 40 38 24 34 29 25 13 13 33 39 30 35 13 34 29 30 20
int 27 54 31 47 51 34 36 39 37 37 39 33 51 46 30 46 39 37 29 51 31 48 41 30 44 48 54 40
char 27 h k c f l j o i a q t n s f i t h e n j k o g l l j s
int 28 40 28 50 45 34 32 26 41 25 50 28 41 48 47 30 44 30 51 48 42 34 27 45 29 47 41 44 31
char 28 m q r q t n d q d p p t b n m e p q d a j r d f c b r c
double 28 3.8 5.3 5.7 5.2 5.3 5.3 4.4 5.7 4.7 3.1 5.6 5.1 4.2 3.4 3.7 5.6 4.1 5.8 4.7 3.3 5.5 5.4 5.2 5.8 3.4 5.6 4.6 3.7
bool 28 1 1 0 0 1 1 0 1 1 0 1 1 0 0 1 1 0 0 1 0 0 1 0 1 0 0 1 1
int 29 57 52 38 52 36 63 40 61 53 41 48 42 57 64 60 37 45 39 37 57 42 48 46 55 57 45 55 61 55
double 29 5.6 5.9 4.4 4.6 4.9 4.2 4.3 3.3 4 3.8 3 5.9 5.5 3.7 5.9 4.3 4.3 4.3 4.2 3.4 3.3 4.3 3.5 4.1 4 3.9 4.3 4.8 3.7
bool 31 0 0 1 0 0 0 1 0 0 0 1 1 1 1 1 1 1 1 1 1 1 0 1 0 0 1 1 0 1 1 1
double 33 2.9 3.2 3.8 3.8 2.8 3.9 4 4.4 3.5 2.4 3.3 2.6 3.7 3.8 3.8 3.8 4.2 4.2 2.6 3.8 4.1 2.7 3 3.8 1.7 1.8 2.4 4.1 2.2 2.8 3.7 2.2 1.8
char 35 s q e t o i o s c g c q e l t a q q n p e r d n d p d b p s c o b b n
int 35 61 61 42 46 46 63 51 58 42 48 58 51 51 66 42 57 61 51 57 57 66 48 51 58 64 61 62 63 67 48 59 54 56 51 55
bool 36 1 1 0 1 1 0 1 0 0 1 0 0 1 1 0 1 0 1 0 0 0 1 0 0 1 1 1 0 1 0 1 0 1 1 1 0
double 37 3.3 4.2 4.3 3.4 3.3 5.7 6.1 3.3 4.5 3.8 3.5 6.1 4.6 5.5 6.1 5.3 5.2 3.7 4.7 3.9 5.2 6 6.1 5.7 3.4 3.2 5.9 4.4 6 5.7 4.8 5.3 4.8 6 3.3 4.5 5.9
double 38 2.2 2.1 3.1 0.3 2 0.8 2.5 2.8 1.1 3 1.7 0.7 0.4 3 1.1 2.7 0.4 1.6 1.7 0.7 1.5 2.3 1 1.6 1.3 0.3 2.8 2.7 2.7 1.9 2.9 2.5 0.9 0.9 0.7 1.2 2.9 2.2
double 39 1.2 2.1 2.8 3.2 0.8 0.9 2.8 2.9 2.1 3 1.9 2.6 0.8 1.3 1.2 3 1.9 3.6 1.8 2.7 2.3 2.8 3.3 2.9 3.1 2.3 2.9 1.2 3.5 2.5 2.5 1.9 2 2.4 2.6 2.7 3.3 3.1 2.5
bool 42 1 1 1 1 0 0 1 1 1 0 0 1 0 1 0 0 0 0 1 0 1 0 1 0 0 1 0 1 1 1 1 1 0 0 0 1 1 1 0 1 0 0
int 43 72 60 53 57 45 46 72 66 59 69 54 65 47 49 70 71 46 60 48 67 71 44 66 47 51 57 55 62 59 61 46 57 46 62 45 53 65 65 66 71 52 44 46
double 43 2.9 3.5 5.3 3.6 5.5 3.3 5.3 4.6 4.3 5.3 5.1 4.3 2.8 3.5 4.6 2.8 5.4 5 4.4 5.3 3.2 3.9 3.4 3.9 4 2.7 3.3 3.8 4.4 5.4 3.8 5.6 3.9 3.7 3.2 4.6 4.3 4.2 4.1 3.8 5.2 3.1 3.8
char 45 p b l s p a o s k b q m p i k p i d h b i i b j f e l b l d c j o t t g n f p f g i r j t
double 45 5.8 5.8 4.9 7 5.9 4.5 4.9 5.3 4.7 4.2 6 6.3 4.2 6.6 6.8 5.8 4.9 6.2 5.3 6.7 6.4 7.1 7.1 4.2 6.7 7.1 6.4 5.2 6.4 5.4 6 5.6 6.6 5 4.8 6.4 6.3 4.5 6.6 6.3 5.1 4.6 6 6.2 5.2
double 49 1.9 2.3 0.4 1.7 0.5 0.6 1.8 2.2 0.3 1.4 2.9 1.3 2.7 2.9 2.7 2.1 2.9 1.7 0.4 0.7 1.3 2.3 3.1 0.5 1.2 2.6 1.4 1.4 0.4 1 2.5 1 0.7 2.7 2.2 1.8 3 3 3 2.2 2.7 0.4 2.9 1.5 1.8 0.5 1.8 0.7 1.9
bool 51 1 1 1 1 0 1 0 0 1 0 1 1 0 0 0 0 1 0 1 0 1 1 0 0 0 1 0 1 0 1 1 0 1 0 1 0 0 1 1 1 0 1 0 0 0 0 0 0 0 1 1
double 52 2.8 4.1 4.4 4.4 3.2 3.6 3.3 3.9 3.9 2.7 4.3 2.6 4 4 4.8 3.4 2.5 2.2 4 3.5 3.3 3.7 4.8 3.2 2.2 4.7 4.1 3.5 3.5 4.4 2.3 4.3 3.9 3.1 3.3 3.9 3.8 3.6 3.3 4 3.6 4.2 4.3 2.3 2.9 4.1 2.1 4.1 3.2 2.2 3.7 3.8
char 52 f h h b q p n l k g r k e c a f h n i o g o h a g m l t t s a q r d k d i e l r s m l a k n n t m b s c
double 55 4.9 6.7 5.4 4.4 4.9 6.9 4.2 5.6 5.6 6.4 5.7 5 6.1 6.3 4.4 6 4.3 6.1 6.6 5.6 4.3 6.3 6.6 4.4 6.6 7 4.3 6.5 6.4 6.8 6.7 6.5 5.4 5 5.3 4.7 4.6 6 5.4 5.2 4.5 6.1 4.4 6.9 5 5.9 5.7 4.5 6 6 4.6 5.8 5.3 5.3 4.9
char 57 p j r i f m o d r p l h c h l l o k p d r q l p e e g s s n e q b s d d b t b l n e j h p r r s k q p a c l q q m
int 58 25 10 14 2 7 12 3 29 25 21 9 18 16 5 27 27 19 11 12 16 21 23 24 0 19 12 20 20 6 16 22 2 5 15 11 3 22 27 22 23 21 13 21 5 20 0 21 16 28 28 8 4 19 5 0 6 15 15
double 62 4.9 2.8 4.6 2.8 2.8 3.9 2.9 2.1 2.2 2.2 3.4 2 3.2 2.6 4.8 4.7 2.6 4.6 3.1 4.4 3.4 4.8 3.1 4.9 3.9 3.2 4.5 4 3.9 3.3 4.1 4.9 2.3 4.2 2.8 3 2.5 2.5 4.7 4.3 4.4 2.8 2.5 3.3 4 3.5 2.4 3.6 3.3 2.7 4.7 4.3 4.8 3.8 2.9 3.4 3.1 3.6 3.8 2.4 3.1 2.6
bool 63 0 1 1 1 0 0 1 1 0 0 1 0 1 1 0 1 1 1 1 1 0 0 0 1 1 0 0 1 1 1 1 1 0 1 1 0 1 1 1 0 1 0 0 0 1 0 0 1 0 1 1 0 1 0 0 1 1 1 1 1 1 0 0
char 64 n i a n p r h r m n a s f p d o p o c c d q t m m k c r c h t p q m k k o r l h g p b h r n c m r g s h r t b d t f i d s h g d
int 65 15 44 26 37 29 16 33 17 17 28 24 41 30 44 28 37 34 40 44 24 17 43 22 26 29 20 15 41 15 38 22 36 33 30 39 28 27 23 27 20 43 24 21 26 28 43 24 25 23 37 21 15 39 31 19 20 26 37 38 39 24 39 27 21 20
bool 65 1 1 1 0 0 1 1 0 1 0 0 0 1 1 1 1 0 1 0 0 1 0 1 0 1 1 1 0 1 1 1 1 0 1 0 1 1 1 1 1 0 0 0 0 0 1 0 1 0 0 0 1 1 1 1 1 0 0 0 0 1 1 1 0 1
int 68 67 75 55 50 74 75 64 55 73 52 53 59 70 50 78 68 73 74 71 59 74 73 78 50 60 59 61 49 74 49 74 62 60 54 61 56 66 63 77 76 56 69 50 53 59 69 55 71 53 65 52 69 74 51 54 70 53 65 66 49 72 67 77 70 54 71 62 63
char 68 c b r k s d e d o k b p i m r t m b a m r r q l t f m p f p o g d l a s m r f j r a d n c f o m f b q c g j k m p s n e o n n e f o b t
char 69 i o o h j t e f r m d n e j h e o d r l f o t o i q l n r j n m q s i s t s g h j p k d g i a e q c f j e o k a n t h a i p p a d s o g n
double 70 4 3.4 5.3 3 4.1 4.1 3.4 5 3.1 2.6 4.6 4.8 2.6 3.4 2.7 3.4 5.4 3.6 3.7 4.3 3 2.9 2.6 3.6 3.5 4.6 5.5 5.4 5.5 3.4 2.9 4.3 4.1 4.8 5.1 3.4 3.4 4.2 3.1 4 3.3 5.3 3.1 5.2 4.2 3.7 3.1 4.7 5.2 3.4 4.9 2.9 3.4 5 3.3 2.8 4.8 3.5 2.8 3.4 5.2 4.1 3.1 3.7 3.1 3.5 3.7 3.7 3.1 5.3
double 71 4.7 7 6.8 4.9 7.6 4.9 5.8 5.3 5.9 5.1 7.3 6.6 6.4 5.7 6.9 6.8 4.7 7.5 5.1 6.1 6.6 7.3 6.1 4.7 6.4 7 7.4 5.6 4.9 7.4 5.1 6.4 5.2 6.6 5.6 4.8 7 7.1 5.4 7 7.3 6.7 5.8 6.1 7.5 5 7.5 5.8 6.2 6.9 6.9 5 4.7 6.1 7.6 5 6.5 6.1 5.2 5.6 5.7 5.5 5.2 4.8 5.6 7.6 6.9 5.4 5.2 6.4 5.5
double 75 4.5 2.2 2.5 2.7 1.9 1.9 2 2.9 4.1 2.6 2.9 2.8 2.1 1.9 2.2 3.5 4.3 2.8 3.6 1.6 3 2.1 4.5 2.7 4.1 2.3 2.7 3.8 2.7 2.7 1.6 2.2 3.4 3.4 3.2 2.5 2.8 3.2 3.4 4.4 2.6 3 4.5 3.2 4.1 1.6 4.5 4.2 2.9 2.7 4.4 3.8 4.4 2 3.4 2.3 3.9 2.1 3.7 4.3 3.7 3.9 1.6 2.2 3.8 4 3.8 4.2 3.1 3 2 4 3.6 3.3 3.3
char 75 b k g q n t i b m s b r f h p o h p q f c a l j l k n n i f i b s f o r a m o h l e j c r c c e k o s k i g n j k n k k q t a l r d c s s j d s d k p
bool 75 0 0 1 0 0 0 0 1 0 1 0 0 0 0 0 1 0 0 1 1 1 1 1 0 0 1 1 0 0 1 1 0 0 1 0 1 1 1 1 1 0 0 0 1 1 0 1 0 0 0 1 0 1 0 1 0 0 1 1 1 1 1 0 0 0 0 1 0 0 1 1 1 0 1 0
char 76 b c l r o e p h i t i l o q n h i p t n i a l m m j d m i g n b o h s s a t k o n t t s o e g r m a e d h p i k k t n l q e l h t n j s j a d i n p c n
char 76 o i g j f c m c b l g i r s a f s f t g m h r t i p q r a n b r m i l l n g h p f q a o b i e d c r r s e d l f a t k m t e q k q d p j a g p d s i e g
bool 76 0 1 1 0 1 1 1 1 1 0 1 0 0 0 0 0 0 1 1 0 1 1 1 1 0 1 1 1 0 1 1 1 1 1 0 1 1 1 1 1 0 0 1 1 1 0 1 1 1 0 0 0 1 1 0 0 0 0 0 1 0 0 1 0 1 0 1 1 0 0 1 1 1 0 1 0
double 77 2.4 2.2 2.8 3.4 3.1 3.6 4.2 2.8 3.8 4.4 4.7 4.2 2.7 3.5 2.2 4.7 4.8 2.4 4.2 2.8 2.7 3.6 2.5 2.5 2.5 3.9 5 4 3.7 2.7 2.6 3.8 4.5 4.9 4.8 2.8 4.6 3.9 4.3 4.6 4.2 2.8 2.6 4.2 3.6 4.5 2.7 3.4 4.1 4.6 4.2 3 5 2.3 3.9 3.2 3.4 4.6 3.2 2.6 4.6 2.7 4.2 4.9 2.1 2.6 2.4 2.6 4.7 2.2 2.2 3.3 3.6 4.4 4 2.8 2.6
double 78 3.3 4 3.9 4.1 4.2 3.8 4.9 2.8 3 3.1 3.2 4 4.3 2.2 2.8 3.6 4.1 5.1 2.5 2.8 2.6 3.1 3 3.3 3.9 3.6 5 4.8 4.6 4.2 2.3 2.3 4.1 5.1 2.5 2.3 3.7 2.9 3.7 4.2 2.7 3.8 4.8 4.7 4.3 3.3 3.4 3.5 3.6 2.9 2.7 4.1 3.5 3.5 3.6 3.2 3.5 3.6 2.3 3.2 2.9 4.1 2.2 3.7 2.2 3.2 4.1 2.5 4.8 3.1 4.6 3.5 4.2 2.8 3.4 2.5 4.7 4.1
char 80 a c d h f m h n e s q c c m i m t c r n q h i a g q q b k h p k d i k r j c i q b b c l m l t s s m d c t g i o f k b f r b n p h g g r q c f m o t s d o e l o
int 80 51 40 51 44 54 35 49 56 57 51 40 32 52 34 53 50 34 41 32 48 58 41 32 54 55 59 57 33 31 48 50 36 41 46 31 38 52 56 33 57 45 58 43 35 35 57 47 33 36 31 35 58 32 56 34 36 40 57 57 52 47 30 57 35 55 47 44 55 46 56 44 56 57 44 48 42 51 47 41 51
double 81 3.9 5.6 2.9 3.9 3 4.8 3.5 5.6 5 4.1 5.1 3.6 3 2.8 4.9 5.6 4.2 5 4.8 4.8 3.6 3 3.2 2.9 3.2 4.8 3.3 5.5 5.3 4.4 3.4 4.7 5 3.6 4.6 5.5 4.5 4.8 3.6 3.4 5.6 5.3 4.3 4.7 3.1 3.2 3.2 5.5 4.3 5.6 5 4.7 3.9 4.3 5.4 3.8 4.4 3.9 5.2 5.3 4.8 4.7 3.5 2.9 5.6 4.7 3 4.9 4.1 3.8 4.1 4.4 3.8 5.7 4 4.8 4.6 4.5 3.2 4.3 5
char 81 p e h k t o h d a t f k g k c r k c i i d k f n j r d d e g o q i t q g p h t s f l d n t m c d t s h f a o h s c c t s e k f c p r p c a m b j b h d n q t c a p
bool 82 1 1 1 1 1 1 1 0 1 1 1 0 1 1 1 1 0 1 1 1 1 1 1 0 0 0 1 1 0 0 0 0 1 1 0 1 1 1 0 1 1 1 1 0 1 1 0 1 0 1 0 0 1 0 1 0 1 0 1 0 1 1 0 1 0 0 0 0 0 1 1 0 0 0 1 0 0 0 1 1 1 1
bool 83 1 0 0 1 1 0 0 0 1 1 0 0 0 0 0 0 0 1 0 1 1 0 1 0 0 0 1 0 1 0 0 1 1 1 1 0 0 0 1 0 1 0 1 0 1 0 0 0 0 0 1 0 0 1 1 1 1 1 1 0 0 0 1 1 0 1 1 1 0 0 0 1 0 1 0 0 1 1 0 0 1 1 0
double 84 3.8 3.5 1.1 1.5 3 2 1.4 3.2 3 3 3.1 2.1 2.7 1.3 1 1.4 1.7 2.6 3.2 3.3 2.5 2.7 2.6 2.5 2.8 1.9 3.5 3 2 2.4 2.3 2.9 2.5 2.8 3.5 2.9 3.6 2 2.6 3.5 3.2 2.9 2.6 1.8 3.8 3.2 1.3 3.8 3.4 3.4 2.3 3.3 2 2.9 2.9 1.2 3 1.1 2.7 1.5 3.4 1.4 2.4 2.6 2.8 3.4 2.4 3.4 3.2 3.1 2.7 3.4 1.3 1.3 2.1 1.1 2 1.6 3.7 1.9 2.4 3.6 1.7 2.1
double 84 3 2.5 2.6 1.5 2.6 0.8 2.3 3.1 1.7 0.8 0.6 2.8 1.4 2.6 0.3 2.9 0.7 0.9 0.2 1.5 2.9 0.3 0.2 2.5 2.2 2 0.8 0.9 1.7 2.5 2.9 1.7 2.7 0.3 0.4 0.4 1.9 1.9 0.8 1.1 1.1 0.4 2.6 1.3 2.4 0.3 1 1.5 2.9 0.6 1 1.2 2.8 2.2 0.5 1.7 2.7 0.2 2.8 3.1 2.9 3.1 0.6 2 2.2 0.7 1.4 2.2 2.9 2.2 2.7 1.9 0.8 1 2.2 1.1 1.4 0.8 0.2 0.9 0.9 1.2 0.5 1
char 84 e k t s o k l d g m f t h p t c l q c r e d i d q c b f f g p o t q j n q o d c r g n b a e s t p q f f p q j h t n r f b k s b j r j g t t p b h k f e c n k g j q f e
int 86 52 41 48 39 34 50 41 47 47 38 46 50 35 40 53 51 38 37 37 33 52 41 43 44 51 45 34 50 47 43 37 53 30 49 53 49 41 39 43 46 32 30 43 48 42 36 47 30 46 47 33 58 46 34 35 36 59 37 46 37 47 58 54 57 45 35 47 42 50 59 47 36 48 43 40 53 55 36 41 59 34 45 40 37 47 36
double 86 5.1 5 4.2 4.4 6.2 4.5 4.4 4.6 5.3 4.5 5.6 5.6 4.3 4.2 5.9 5.9 4.7 5.6 4.1 4.1 4.5 5.5 4.7 4.9 4.8 5.1 5.8 4.7 4.7 5.6 6.2 4.6 4.7 5.6 5 4.6 5 5.5 6.2 4.8 3.6 6.5 5.2 5.7 4.4 5.1 5.5 6.2 5.8 5.7 3.6 6 6.5 3.7 5.3 3.8 4.7 3.6 5.4 4.9 4 6.3 5.1 5.2 4.9 5.4 5.7 6.2 6.3 4.6 3.7 3.8 4 4.9 5.1 6 6.1 4.9 5.1 5.3 4.5 5.3 4 5.4 4.6 4.6
int 87 28 37 53 46 28 49 47 39 24 35 37 30 36 37 39 32 49 33 53 41 32 36 27 28 50 41 45 35 51 34 49 47 47 43 37 44 41 34 36 24 40 26 39 26 45 32 37 35 43 46 46 33 39 31 32 51 53 46 39 39 44 37 37 25 26 36 34 48 30 47 45 49 37 50 44 47 37 39 48 32 43 49 44 42 35 26 35
int 87 45 58 56 44 59 42 52 59 40 31 36 36 43 31 54 44 47 32 31 31 45 49 51 54 55 52 58 51 45 54 49 58 59 31 34 30 31 52 51 44 40 51 59 44 55 30 52 32 47 34 55 58 59 58 56 56 54 59 44 34 40 44 40 59 47 51 59 41 31 32 49 54 47 35 31 58 51 50 54 30 53 52 50 47 44 40 35
double 88 2 2.9 3.9 3.4 4.3 4.1 2.3 1.8 2.5 3.2 3 3.8 1.7 3.2 2.9 3.1 2.8 1.5 2.6 3.7 1.9 2.4 2.9 2.5 2.2 4 3.6 4.2 2.5 2.5 4 1.9 3.4 4.2 1.8 4.2 2.4 3.8 1.9 3.3 2.6 3.9 3.3 1.9 1.6 1.7 2 2.3 3.2 1.7 3.7 3.4 4.4 2.6 2.6 2.5 2.1 2.4 2.4 1.9 2.6 1.9 2.6 1.5 2 1.7 3.2 2.7 2 3.9 2.3 1.9 2.9 3.9 2.2 3.8 4 2.6 1.5 1.7 2 3.5 3.9 4.4 1.9 4.4 4.1 3.2
bool 88 0 0 0 0 0 0 0 0 1 0 0 1 1 1 0 0 1 1 0 1 1 1 0 0 0 1 0 1 1 1 0 0 0 1 0 1 1 1 0 0 1 1 0 0 0 0 1 0 0 0 1 0 0 1 0 1 1 0 1 0 1 1 1 1 1 1 1 1 0 1 0 0 0 0 0 0 1 1 1 0 1 1 0 1 1 1 1 1
int 89 29 14 22 18 22 32 31 31 14 8 26 19 8 31 27 18 15 12 28 17 11 20 23 30 11 16 21 11 22 20 21 24 27 15 30 31 27 13 31 26 8 19 12 21 11 10 35 35 10 21 23 23 16 20 30 23 35 23 15 21 27 21 11 14 17 34 33 15 11 16 11 6 14 7 7 30 28 6 31 14 32 32 26 16 12 11 27 35 9
bool 89 1 0 0 1 0 1 0 0 0 0 0 1 1 1 0 1 1 1 1 0 1 1 0 1 1 1 1 0 1 1 0 0 0 1 1 1 0 1 0 1 1 0 0 0 1 1 1 1 1 0 0 0 0 0 0 0 1 0 0 1 0 0 1 0 1 1 1 0 0 1 1 1 0 1 1 0 1 1 1 0 1 1 1 0 0 1 1 1 0
double 90 5.1 6 6.6 5.1 4.5 4.9 3.9 5.1 5.3 5.5 5.9 4.6 3.8 4.4 5.4 5 6.6 5.7 5.5 4.5 5 6.6 6.3 5.1 4.5 4.5 6.4 3.9 4.4 3.9 6.3 6.6 6.5 5.3 6.3 6.3 5 3.9 6 4.7 5.1 6.1 4.1 5.9 6.6 5.7 5.4 6.4 5.1 5.9 4.7 6.1 6.3 5.7 6.5 6.4 4.1 5.6 5.7 6.1 6.3 6.3 4.3 6 6 4.4 4.7 5.3 5.3 5.5 5.1 4.7 5 6.3 6.7 6.7 5.9 4.3 4.3 6 6.7 3.9 6.6 5.3 6.4 6.7 4.9 6.7 3.8 4.2
bool 90 1 1 0 0 1 1 1 1 1 0 0 1 0 0 1 1 1 0 0 0 0 0 0 0 0 1 0 0 0 1 1 0 0 0 1 1 1 1 0 1 1 0 0 1 0 0 0 0 0 0 0 0 1 1 0 1 0 1 1 1 1 1 1 1 0 1 1 1 0 0 1 1 1 0 1 1 1 0 1 0 1 1 1 0 0 0 1 1 1 1
bool 93 0 0 1 1 1 0 1 1 1 1 0 0 0 0 0 1 0 0 0 1 0 0 0 1 0 1 0 1 1 1 1 1 1 0 0 1 0 1 0 1 1 0 0 1 0 0 1 1 0 1 0 0 0 1 0 0 0 1 1 1 1 1 0 1 1 1 1 0 0 0 0 1 0 0 1 0 0 0 0 1 1 1 0 1 1 0 0 1 1 1 1 0 1
double 93 4.2 3.4 2.9 3.2 4.7 5.1 4.6 3.1 2.5 3.5 2.6 3.8 3.7 5.3 2.7 2.4 3.2 5.2 2.5 5.3 3.5 2.9 4.4 4.8 4.9 4.6 2.7 5.2 3 4.3 5.3 5.1 5.2 3.7 3.6 4.8 2.9 2.5 3.5 2.4 5.1 2.8 2.6 3.1 4.9 3.1 3.1 3.6 3.5 3.2 4.4 2.9 5.1 4.6 5.2 2.7 4.7 2.4 5 4.4 5.3 2.7 3.6 2.5 4.6 3.8 3.8 2.8 4.4 4.1 2.8 5 3.4 2.8 3.4 5.3 4 4.5 3.7 2.7 4.4 2.9 5.1 2.8 3.9 2.4 2.4 4.6 4.6 4.7 3.4 3.7 5.3
bool 94 1 0 1 0 1 1 1 0 0 1 0 0 0 0 0 1 0 0 0 0 0 0 0 1 1 1 1 0 0 0 0 1 0 1 0 0 1 1 0 1 1 0 0 0 1 0 0 1 1 1 1 1 1 0 1 0 0 0 0 1 1 0 1 1 0 1 0 1 1 1 0 0 0 0 1 0 1 1 1 1 1 1 0 1 1 1 0 1 1 1 0 0 1 0
char 97 r n s a d b i l t j l c t t f b i j i g s e o h p o t i k i j g g t h s o b h c t n g f q k s g g p c p i r o q l a t r d j i i j f q h s r t h g e l n p l p b a q j d b f c h q b e a n j n c f
char 98 n a a p d b c g g m f a k c p m d d b b j j l c h p b j s b t p a o j r p f l q m n l h r h m g k g m k a k f k l s h t n d t f k l t j f k t g d i q l k s n s r o p p a q h o d l i l a l r g h r
bool 99 0 1 1 0 1 1 0 0 0 1 1 0 1 0 1 0 1 1 0 0 0 1 1 1 0 0 0 0 0 0 0 1 0 1 0 1 0 0 0 0 1 0 1 0 0 1 0 1 0 1 1 0 0 1 0 0 1 0 1 0 0 1 1 0 1 1 1 0 0 1 0 0 0 1 1 0 1 1 1 1 1 1 1 1 1 1 0 1 0 1 0 0 0 0 1 0 0 0 1
char 100 i m h i t r f i d d p d g n j s f e j t e e b m b n h i a j f m s d j q p o e l o h m l j e f r o e i e d c h o j q h b m m n l t h s q o r i s r h k r q f n a k q d d f j e i e l n d s i k c a q b g
char 102 d s f s h e t t b l s c o r f p r c a o b h o p r r o g s d e g q t r j e t o b j e e i t c l n i h a r j l j l l g f j r m d h t a p g c d h j o p t d b g m k d s n r c n q i t t g m t l g q i n g e d m
int 103 46 44 37 42 30 39 50 32 54 36 42 28 39 43 42 49 29 28 31 34 30 26 47 47 30 35 50 52 46 36 48 43 51 29 49 27 36 26 40 45 26 44 35 54 54 51 54 31 53 36 40 27 28 33 36 47 52 42 44 44 48 51 41 32 31 52 39 46 45 41 50 46 51 36 43 51 38 25 44 50 30 39 34 42 32 34 54 39 51 44 52 45 29 31 42 46 25 28 49 50 27 36 34
double 103 4.7 2.9 4.8 3.6 4.8 3.1 2.5 2.1 3.2 2.1 2.4 4.5 2.7 4.9 4.7 4.1 3.7 2.1 3.7 4.8 2.4 4.4 4.2 2.9 2.4 4.6 3.1 3.8 4 3.1 2.3 4.1 4.9 2.4 2.9 3.7 2.9 4.1 4.9 2.1 4.1 2.8 5 2.7 3.4 5 3 3.6 4.5 3.3 2.7 2.7 2.4 3.3 2.2 2.4 2.4 2.5 2.9 2.7 4.1 4.4 2.2 3.5 4.3 3.6 3.5 4.4 2.9 5 2.8 4.2 5 3.9 5 2.8 4.3 2.2 4.5 2.3 3.5 2.7 4.7 5 2.5 4.6 4.2 3.1 2.2 2.1 4.5 2.6 3.8 2.5 4.4 4.4 3.2 3.1 2.1 2.4 3 3.7 3.6
bool 104 0 1 0 0 0 1 0 1 1 0 0 1 0 0 1 0 0 1 0 0 0 0 0 0 0 0 1 0 0 1 1 0 1 1 0 0 0 1 1 1 1 0 1 0 0 1 1 0 1 1 0 0 1 0 0 1 1 0 0 0 0 1 0 0 1 0 0 0 0 1 0 1 0 1 0 0 0 1 0 0 0 0 0 1 0 1 0 1 1 1 0 1 1 1 0 1 0 1 1 0 0 1 1 0
double 105 3.5 3.3 5.1 3.9 3.7 6.2 5.2 4 4 4.9 4.3 5.4 4.1 5.3 5.3 3.5 3.3 4 4.7 5.2 5.7 4.8 5.4 4.6 4.8 3.5 3.8 4.7 3.8 4.3 3.3 5 3.6 5.7 5.3 4.8 4 5.7 5.2 5.6 4.1 6.2 4.3 5.7 4.2 5 5.1 4.5 4.3 5 5.7 5 4.6 4.1 3.4 5.4 3.5 4.8 4 6 3.4 3.7 5.7 3.9 5.5 3.7 3.7 5.2 3.3 3.8 4.4 3.5 5.6 5.8 4.4 3.9 5.4 3.4 3.7 5.8 3.7 5.1 4.1 3.8 5.9 3.3 5.8 4 3.9 6.2 5.3 4.3 6 3.3 3.5 3.5 3.6 3.5 3.9 5.8 4.2 3.5 5.9 5.9 5.5
bool 105 1 1 1 1 1 1 1 0 0 0 0 1 0 0 1 1 0 0 0 1 0 1 0 1 1 0 0 0 0 0 0 1 0 1 0 0 1 0 0 1 1 0 0 1 1 0 0 1 1 0 0 0 1 0 1 0 1 0 1 0 1 0 1 1 1 0 0 1 1 0 0 0 1 0 0 1 0 1 1 0 0 0 0 0 0 1 1 0 0 1 1 0 1 1 0 0 0 0 0 0 1 0 1 0 0
char 106 p q j o h r l r o b q b m a k r q g b a h m b o b s f i m f i r f e t q c e s i f c f p f j n b l p m l n q l k q r t a q l p p c j r p e o i a m i e o d b s b e g k d f t l l m o n c o j s k o a j i o q i o g r
int 107 28 29 45 26 45 38 18 39 29 46 41 32 33 18 37 45 44 25 35 42 18 42 37 26 32 20 47 31 33 46 20 32 23 22 21 31 46 27 34 42 38 47 27 22 27 35 34 21 45 19 29 26 28 18 28 35 36 26 35 18 43 36 39 37 19 45 36 30 40 40 36 18 28 39 27 39 47 47 20 32 22 44 39 45 18 35 27 20 21 30 36 23 46 47 31 24 46 22 18 35 23 43 41 46 36 35 43
double 107 6.5 4.4 6.2 6.2 5 3.7 4.1 4 5.5 6.2 5.8 6.2 4 3.9 4.7 6.4 6 4.4 6.1 3.7 3.8 4.4 3.7 6.2 4.3 5.6 5.4 4.2 6.4 6.1 6.1 5.5 3.8 5.4 6.5 4.8 5.2 3.9 6 4.4 4.4 4.6 5.6 5.1 5.5 4.5 6.1 5 5 3.7 5.8 4.3 5.7 6.4 6.1 5.8 5.8 5.9 4.6 6.5 3.7 6.1 5.3 3.9 4.8 5.5 5.5 3.8 5.7 4.7 4.1 4.9 6 4.6 5.2 6.1 4.3 6.1 4.6 5.5 4.1 4.6 4 4.4 3.6 6.1 3.8 3.7 5.2 4.5 5.3 5.5 6.1 5.9 6.1 3.6 5.8 5.9 5.8 6.3 5.5 5.1 4.9 4.3 6.2 6.4 5.1
int 108 52 53 75 52 75 62 68 53 77 63 51 73 53 65 57 67 56 49 54 52 58 77 53 69 67 54 66 50 54 69 66 59 73 74 68 55 70 65 59 51 69 53 55 64 49 56 73 58 65 64 53 51 59 78 67 74 54 49 74 72 68 65 71 61 69 77 78 50 62 54 73 57 77 74 49 69 77 53 59 54 68 49 78 50 74 70 55 71 75 60 54 70 49 50 60 55 76 69 74 50 76 51 72 56 71 59 50 55
double 109 4.4 4.7 3.8 3.1 4.5 4.9 4.2 5.7 5 3.1 5.7 4.4 4.1 3.5 4 4.1 4.1 4.1 4.1 4.4 3.2 5.3 4.9 4.5 3 2.8 3.3 5.6 3.1 5 3.6 3.6 5 4.8 3.6 5.1 3.9 4.6 5.1 5 4.7 5.7 5.1 3.4 4.9 2.9 5.2 5.3 4.1 4.4 5.7 5 3 3.5 5 5.4 3.3 4 5.1 3.2 3.6 4.9 4.6 3.6 4 5.6 3.8 4.8 5.7 3.7 3.6 5.2 5.4 5.6 5.3 5.6 3.1 4.1 4.9 5.1 4.4 5.1 5.7 4 4.6 5.4 3 4.9 4.8 4.2 3.2 4.8 4.7 4.3 5.5 3.4 4.5 3.5 3 4.1 5.4 4.8 3.9 4.7 2.9 3.7 4.5 5.1 5.6
double 109 6.1 4.9 5.5 4.5 4.4 5.3 5 6.1 5.1 4.8 5.8 4.9 5.5 4.2 5.6 6.4 4.9 4.9 5.6 5.8 6.2 5.1 3.7 5.3 5.1 5.1 5 4.8 4 4.9 4.5 4.7 5 4.9 4.2 5.8 5.1 5.4 4.8 6.5 6.4 4.2 6.1 6 4.5 5.2 6.1 6.2 3.7 5.8 5.9 6.3 6 6.2 3.9 6.3 4.5 5.2 5.5 4.6 5.4 4.6 3.9 3.7 5.2 4.4 4.5 4.8 4.8 6.6 4.2 4.9 6 5.2 4.2 3.9 5.1 4.9 6.6 6.6 5.1 6.4 4.8 5.1 6 5.7 4 6.1 4.2 4.5 4.4 6.2 5.6 6.2 4.5 5.9 4.4 6.5 5.9 4.8 6.3 5.4 5.6 4.1 6.5 6.5 4.5 4.7 6.4
