int 10 88 72 64 30 35 17 98 38 7 74
bool 10 0 0 1 1 0 0 0 0 1 0
char 11 t p g m s p t o d j a
int 11 73 5 66 78 46 49 74 5 73 49 98
char 12 s p n r q s g r l s o t
double 13 1.43 9.73 5.43 8.16 0.34 4.06 0.59 7.45 4.49 9.22 3.76 0.35 9.95
bool 14 0 0 0 1 1 0 0 1 1 1 0 1 1 1
double 15 4.19 7.27 0.53 1.28 7.54 3.97 2.7 9.36 5.53 9.13 5.46 0.37 2.46 7.54 1.44
int 16 85 6 67 15 36 70 82 15 50 26 65 90 32 55 13 46
double 17 0.85 9.81 4.52 9.88 5.41 4.63 1.41 4.4 5.7 5.46 4.85 1.96 8.36 3.63 6.25 6.97 6.95
char 19 d r q c j s f j c p f t l b o o c g d
double 19 6.69 1.76 1.93 4.2 9.5 5.12 1.83 8.57 4.78 8.93 4.3 1.37 7.93 2.99 3.89 6 8.67 5.12 1.53
bool 19 1 1 0 1 0 1 1 0 0 0 1 1 0 1 0 0 1 0 1
char 20 b e f c n d q s o i d t c d k t m r m c
char 21 q d r s o q i m n a e e n n c t r j h l n
double 22 4.01 6.97 9.72 7.98 3.78 5.8 7.11 3.98 7.56 1.33 8.08 2.09 7.8 4.03 8.71 8.91 5.12 6.96 7.41 9.29 5.61 7.32
double 23 1.99 1.05 5.2 3.64 1.45 4.89 4.7 8.44 1.13 7.92 6.3 1.69 8.97 6.01 3.87 7.93 2.51 5.27 2.94 2.13 1.62 9.82 6.09
int 24 59 8 34 12 12 59 67 49 66 85 75 53 57 61 97 21 78 72 53 82 82 46 64 49
int 25 81 53 82 69 46 48 29 52 56 29 36 93 76 35 78 82 24 36 60 96 19 45 28 36 45
bool 26 0 1 1 0 0 0 1 0 0 0 0 0 0 1 0 1 1 1 1 1 0 0 1 0 1 0
double 27 0.51 7.81 9.55 9.32 7.31 9.46 0.91 0.75 8.91 1.86 3.87 5.46 8.27 6.91 2.38 0.05 6.21 4.51 4.99 8.41 3.12 0.98 0.95 2.44 3.46 6.27 0.32
double 27 7.27 8.68 5.72 4.32 1.47 8.78 4.08 2.3 3.71 5.82 4.87 9.23 6.41 1.85 4.56 2.93 2.67 4.86 9.03 7.16 4.24 0.95 1.68 3.38 9.72 8.5 7.54
char 27 a e a i k d d l d q o m j m c b p p l e k g n i g n t
double 28 6.01 0.29 4.13 5.73 4.21 7.91 1.52 2.96 9 9.5 3.55 9.14 0.42 3.45 8.59 6.79 8.33 8.51 7.72 9.44 0.93 7.66 1.98 5.65 1.33 2.56 5.45 6.85
bool 31 0 0 0 1 0 0 1 1 0 0 0 0 0 0 0 0 1 1 1 0 1 0 1 1 1 1 1 1 1 1 1
int 31 61 58 9 63 42 87 16 35 71 64 28 32 85 44 78 47 6 79 78 73 12 27 62 51 48 84 71 42 37 25 11
int 32 39 12 15 83 92 44 68 31 77 20 53 7 73 64 55 47 51 95 1 46 89 40 75 91 57 38 15 94 93 68 49 54
int 32 38 80 24 29 49 28 26 8 2 8 85 58 42 64 15 78 19 14 27 55 61 3 61 89 51 27 97 29 11 4 83 86
bool 33 1 0 0 1 1 1 1 1 0 0 0 0 1 1 1 1 1 1 0 0 1 0 1 1 0 0 0 0 0 1 1 0 1
int 33 8 34 95 67 92 60 63 93 52 23 26 5 62 19 33 61 41 56 24 42 20 49 26 23 5 99 69 68 29 20 3 18 44
bool 34 0 1 1 0 0 0 1 1 1 0 0 0 1 1 1 0 1 1 0 0 1 1 0 0 0 1 1 1 1 0 1 1 1 1
char 35 b q k j f m l j n n p p n b i k p j c h f a h n f d q i m r o n t o a
int 38 37 5 47 61 31 56 20 74 32 46 68 76 58 99 75 45 9 73 43 77 37 80 76 66 26 19 66 96 70 83 47 69 37 69 32 67 4 56
char 39 a t c g h r q s n j o j q f s t r e a q s r n c t h b e a c a i a e m q g j i
int 41 27 8 89 66 22 10 51 42 15 54 21 35 88 58 34 35 64 54 86 6 50 50 26 36 10 12 42 91 77 56 81 76 59 61 14 97 52 81 28 78 16
char 41 s d m e b b q r l p e c d b h o n k j f b f e d b e e a k g j b i m s f d r l m f
double 42 7.31 9.91 0.39 7.62 5.39 5.95 4.18 8.19 0.55 8.18 4.82 9.9 1.96 5.2 6.11 2.52 9.39 3.03 2.66 0.85 1.08 5.61 0.52 9.43 0.69 8.12 9.54 5.41 9.7 6.64 8.04 5.43 4.37 4.29 0.24 9.68 9.41 4.69 5.61 1.06 5.67 9.85
bool 43 0 1 1 0 1 0 0 1 0 1 0 1 1 0 0 1 1 0 1 0 1 1 1 1 1 0 0 1 1 1 0 0 1 0 1 0 0 0 0 1 0 1 0
int 44 3 99 8 80 24 57 48 20 26 25 42 45 77 69 21 13 55 29 41 52 14 12 24 75 47 74 57 62 15 75 99 16 82 30 3 20 40 95 17 64 28 24 89 95
bool 45 1 1 0 1 1 0 0 0 1 1 1 1 1 0 1 0 0 1 1 1 1 0 1 1 1 1 0 0 1 0 0 0 0 1 1 0 0 1 0 1 1 1 0 0 0
char 46 i n i k b t m j f f n a o k i r g o o k j c j k f d l g n k i c p t l h a i c g j e f b p c
double 49 3.66 1.35 0.63 1.91 3.29 3.55 3.51 3.23 0.96 0.65 1.29 4.83 2.04 7.25 2.38 4.7 7.48 7.59 3.13 0.85 4.8 9.8 4.53 1.72 3.73 2.27 8.4 1.02 1.3 9.74 2 9.8 3.57 8.79 7.64 9.13 1.57 9.17 4.46 0.65 2.08 8.96 3.6 3.49 3.24 6.29 3.36 0.76 4.86
char 50 q k g k e p m d t l c c m t i i s q b h g e h a l p j a l b h a p g o i h h n q m p h b t r g e b d
char 50 q f o j i i g r m e b q s q i d t m t h i j m f t o k j o n n e r k h k m q e o b q k a c c c e f d
double 50 7.82 0.29 8.52 4.19 0.85 3.14 3.54 2.69 7.39 7.88 3.95 8.78 5.31 4.2 3.25 2.1 8.85 5.24 3.57 1.21 8.98 4.88 7.49 5.64 3.88 8.77 3.53 1.33 0.04 9.07 3.92 2.01 2.25 3.64 6.9 3.88 2.74 3.58 1.06 7.69 8.06 1.47 7.21 8.9 4.98 9.05 9.3 3.01 8.18 8.46
double 51 3.82 3.34 6.77 1.13 8.2 2.47 1.78 3.9 7.83 3.04 2.17 3.2 1.16 4.8 3.58 1.82 5.5 3.07 1.04 5.96 6.38 8.99 6.91 4.64 3.87 7.17 9.21 3.2 2.77 7.21 0.43 8.25 1.84 6.64 1.67 0.22 4.97 0.44 1.58 4.93 2.9 8.79 0.24 6.54 2.68 4.02 3.31 6.17 2.32 1.75 4.72
double 51 3.88 1.93 0.75 4.89 8.03 9.74 1.26 9.05 4.27 2.97 0.32 7.16 1.57 0.27 5.95 4.43 6.03 3.54 4.66 7.68 4.51 7.24 6.95 0.21 1.86 5.35 3.48 9.72 8.92 5.87 0.39 3.2 9.22 5.11 4.13 9.03 0.54 1.72 3.31 1.63 8.7 8.26 1.03 3.31 4.43 2.25 3.77 0.37 5.23 9.25 8.45
int 52 4 15 91 13 48 7 78 77 50 31 99 63 95 20 45 62 30 4 49 48 91 60 62 2 36 67 33 12 18 41 53 52 65 65 80 74 36 52 54 77 87 63 66 44 23 12 49 28 81 35 36 44
bool 53 1 0 0 0 0 1 0 0 0 1 1 1 0 0 0 1 1 0 1 0 0 1 1 0 0 1 0 0 1 1 1 0 1 0 0 1 0 1 0 1 1 1 1 1 1 1 1 0 1 1 0 1 0
char 57 m i q o e t n h l p g t l t k r k j s s l q n n p h c e b i i r a t i e t e p q i h g d s s l o g s l c r q l o q
double 58 0.41 9.38 7.43 8.05 2.88 9.53 0.19 2.8 1.84 8.92 9.6 4.74 9.45 8.67 9.95 1.27 9.73 2.51 3.88 0.94 5.3 3.25 1.4 2.1 4.18 4.99 2.58 0.13 6.8 0.58 9.58 2.89 3.03 0.05 5.98 8.36 2.07 2.07 6.45 4.69 7.47 3.21 9.61 7.35 7.8 7.15 7.68 2.99 4.75 7.3 2.27 7.43 5.21 7.46 6.31 4.06 8.28 7.86
int 59 38 34 68 9 78 84 30 68 7 70 96 88 30 84 33 9 22 46 40 2 43 27 68 62 36 92 5 31 52 86 16 16 66 93 77 99 41 22 43 56 45 2 41 25 23 90 81 66 62 10 67 11 25 95 77 45 81 2 70
int 60 7 78 2 3 3 55 74 53 66 16 49 14 54 81 33 7 81 89 77 67 83 89 69 74 56 83 62 2 97 26 90 86 50 44 20 64 24 76 19 63 93 93 28 19 75 79 81 76 28 16 33 45 19 37 94 57 64 45 59 8
double 60 0.43 2.67 3.46 4.57 9.8 7.23 6.59 2.96 8.76 2.29 4.44 6.14 1.67 6.18 9.92 9.82 0.35 0.84 0.52 1.11 6.58 1.43 7.07 8.64 3.44 1.67 5.77 1.99 3.2 9.81 8.95 7.77 9.64 0.03 5.63 8.83 6.91 1.77 1.26 6.7 0.87 2.21 5.76 3.73 8.3 7.07 7.88 5.21 6.21 2.99 5.81 2.19 3.69 7.32 6.8 9.68 3.93 5.27 2.75 9.35
char 61 p h f l h c b t q o e e a j i f f a r e i h r t p m j b c s k m h c i n g h o k s g t e m f s f i i f h g b i t q k o c e
int 63 26 62 92 21 92 62 56 65 58 13 56 17 34 48 58 75 52 6 47 78 55 44 6 88 28 27 93 98 48 33 71 57 98 58 4 52 18 73 47 46 65 51 69 68 21 85 21 99 68 14 37 67 29 41 97 49 56 20 22 39 91 6 86
bool 63 1 1 1 1 1 1 1 0 0 0 1 0 0 1 1 0 0 0 1 1 0 1 0 0 0 0 1 0 0 1 1 1 0 0 1 1 1 1 0 1 0 1 0 0 1 1 0 1 0 0 1 1 0 0 1 1 1 1 0 0 1 1 1
bool 64 0 0 0 0 0 1 1 0 0 0 0 0 1 1 0 1 0 0 0 0 1 0 1 0 1 0 0 1 1 1 1 1 0 1 0 0 0 1 0 0 1 0 1 0 0 0 1 1 1 1 0 1 0 0 1 1 1 1 0 0 1 1 0 1
double 66 7.6 9.39 6.87 8.64 8.62 7.67 0.18 5.51 3.77 1.14 9.43 0.52 8.13 6.13 5.64 9.7 6.44 0.45 0.12 5.14 6.37 5.82 2.55 5.52 0.73 9.41 3.46 3.66 3.39 5.23 2.84 9.09 4.86 2.21 6.09 6.08 2.57 0.42 6.07 5.87 0.39 8.47 8.96 4.67 7.06 3.36 1.56 5.65 3.14 9.21 7.27 4.96 3.65 4.05 6.13 2.22 3.58 7.42 4.67 7.84 3.84 2.77 7.46 6.83 6.93 4.18
int 68 96 95 63 9 32 65 91 53 20 20 12 20 72 34 18 97 47 53 64 70 19 14 9 95 44 96 8 1 59 2 6 48 47 70 23 43 18 89 47 47 87 79 18 8 8 17 57 99 91 24 51 70 61 68 53 2 9 63 38 92 85 48 62 33 21 65 84 62
int 69 3 59 68 34 59 89 16 57 27 91 39 86 69 13 93 71 47 9 17 97 41 61 93 56 54 20 11 33 22 73 71 56 27 11 76 33 80 54 15 52 72 16 68 62 28 97 97 91 60 15 8 31 65 83 12 81 45 36 45 43 99 14 6 82 42 42 6 38 48
int 69 44 49 67 13 77 39 28 93 14 73 85 23 15 84 1 27 27 52 39 95 67 65 91 39 4 88 5 9 13 80 71 80 66 51 89 37 58 22 28 80 69 12 88 86 92 57 51 7 31 94 26 86 38 88 55 12 9 96 12 60 4 72 36 58 75 90 38 29 21
double 69 3.07 2.27 3.57 8.24 8.9 0.92 3.11 2.06 6.28 1.56 7.45 6.2 0.82 6.82 7.87 7.85 2.14 2.95 6.34 2.49 6.83 5.11 7.87 3.26 4.09 2.15 9.01 9.79 7.96 8.59 0.69 5.85 7.46 5.7 4.28 0.2 0.84 4.76 6.28 1.29 8.99 2.75 8.07 5.55 2.08 5.5 6.21 2.53 6.37 7.84 3.74 9.02 5.8 7.24 3.19 1.08 4.47 2.35 7.3 2.99 4.28 6.25 0.47 3.16 5.81 9.07 0.36 6.35 5.16
double 70 2.03 3.37 2.41 8.39 4.49 8.99 0.24 7.46 3.54 6.51 6.86 7.42 4.34 9.49 2.86 2.3 3.3 6.12 9.39 0.88 4.72 4.97 0.84 0.47 7.54 2.45 5.74 3.63 0.24 7.6 9.79 0.26 2.86 8.6 2.38 7.95 0.59 9.96 5.34 5.12 5.14 2.28 7.01 2.91 0.16 1.12 5.12 9.87 0.53 1.8 4.88 9.18 7.77 1.26 1.48 1.02 9.75 6.48 9.2 1.72 5.51 8.38 0.79 0.69 3.78 8.66 8.03 9.37 3.64 7.9
double 72 5.45 9.39 5.43 0.33 4.19 4.58 0.83 9 9.45 7.84 3.79 9.97 7.15 7.95 3.26 2.26 6.08 0.24 5.96 4.17 5.5 8.96 7.72 8.38 6.59 9.81 4 3.72 2.09 1.31 9.5 3.45 2.32 9.27 2.96 0.56 4.31 1.85 0.43 2.79 1.92 1.81 2.86 6.02 7.27 9.76 7.23 8.27 1.16 1.77 4.82 7.26 4.34 9.87 6.65 7.26 5.79 3.6 3.59 3.97 7.08 7.14 6.69 6.83 7.55 5.76 3.43 0.87 1.21 5.73 0.62 8.88
int 73 51 37 82 35 95 21 17 99 21 69 27 25 8 73 10 96 70 78 35 79 96 63 41 56 9 31 24 16 25 63 85 9 55 4 4 78 23 51 28 70 41 6 91 37 96 8 9 71 2 23 88 7 98 56 42 31 95 77 74 25 33 80 89 51 26 86 32 65 92 93 72 72 43
int 73 35 59 86 30 62 49 36 60 11 95 98 84 72 8 73 30 1 52 71 13 28 8 47 54 86 68 35 54 69 78 88 60 73 5 86 91 57 28 74 15 18 56 72 8 7 3 23 80 18 80 89 54 78 46 96 81 25 71 54 62 43 92 46 11 64 74 15 61 42 85 66 12 4
bool 74 1 0 1 1 0 1 1 0 1 1 0 1 1 0 1 1 1 0 1 1 0 1 1 1 1 0 1 1 1 0 1 0 0 1 0 0 0 0 0 1 1 0 0 1 1 1 0 1 1 0 1 1 0 0 0 1 1 0 0 0 1 0 0 0 1 0 0 1 1 1 0 0 0 1
double 75 0.22 6.58 4.45 1.44 1.02 9.94 9.19 3.31 3.33 2.75 5.66 1.43 2.35 1.21 2.56 8.19 0.29 2.64 9.45 1.82 7.71 0.73 0.62 4.59 0.67 4.46 3.8 5.82 1.06 9.17 2.84 8.92 8.5 4.64 8.73 6.72 1.63 4.72 3.88 6.94 7.74 6.59 0.49 4.95 9.37 4.56 4.94 1.75 6.63 0.89 5.52 9.92 5.43 3.73 5.68 9.6 9.26 0.32 5.39 0.83 3.27 9.22 9.92 9.38 7.61 3.41 6.76 2.46 6.5 9.86 4.14 5.71 3.11 6.67 7.43
char 75 j k s l h h t r r c d k g o n i b k k m p f l t e b j q l l t s l h i o m i r p r o j r m o e s g d j q n k r o p h g q c l e f s g f a r m o b g c s
double 78 3.13 6.43 3.59 4.04 8.43 2.86 4.86 6.32 9.01 2.35 1.49 2.54 1 0.37 1.27 5.82 5.96 7.43 2.48 8.51 8.85 4.31 0.17 6.92 1.48 6.45 3.21 3.77 3.15 9.25 2.35 7.22 0.89 5.83 7.15 2.88 1.71 1.13 9.55 8.63 1.28 2.09 1.7 9.67 9.93 1.02 9.23 2.66 1.77 0.77 1.62 1.06 7.79 0.05 1.05 1.82 7.78 8.17 0.34 0.31 4.88 4.69 6.65 3.17 5.91 5.69 0.99 3.01 7.76 7.14 8.21 6.09 3.16 6.25 4.4 2.17 2.74 1.94
bool 79 0 0 0 1 1 1 1 0 0 1 1 0 1 1 0 1 1 0 1 1 0 1 0 0 1 1 1 0 1 1 1 0 0 1 1 1 0 1 0 1 0 1 1 0 0 1 1 0 0 0 0 1 1 0 0 1 0 1 0 0 0 0 0 1 0 0 1 0 0 0 0 0 0 1 0 0 1 1 0
bool 79 1 0 1 0 0 0 0 1 0 0 0 0 0 1 1 0 0 0 1 0 1 1 0 0 0 0 0 0 1 1 0 0 0 0 0 0 1 1 0 1 0 1 1 1 1 1 0 0 1 1 1 1 0 1 0 0 1 1 0 1 1 1 1 0 1 1 0 0 1 0 1 1 1 0 1 0 0 1 0
int 80 11 2 60 88 53 6 17 35 10 93 88 95 68 8 46 43 12 20 88 7 80 3 31 13 81 21 95 22 56 25 36 7 6 50 22 14 96 98 48 26 88 4 28 22 74 17 80 38 89 6 16 97 17 38 61 88 90 33 68 45 99 19 72 88 38 58 30 34 44 4 84 32 45 60 35 93 17 98 48 66
bool 81 0 0 1 0 0 1 1 0 1 1 0 1 0 1 0 1 0 1 1 0 1 1 0 0 0 0 1 0 0 0 0 1 0 1 1 1 1 1 1 0 0 0 0 0 1 0 0 1 1 1 0 1 1 1 1 1 0 0 1 1 0 1 1 0 0 1 0 0 0 1 0 0 0 1 0 1 1 1 0 0 0
double 82 2.02 8.62 7.72 3.02 8.41 1.72 8.48 4.52 9.33 0.9 8.61 4.49 1.1 4.78 0.4 6 1.13 4.02 1.72 8.55 0.43 5.44 7.94 8.87 2.94 7.06 4.38 9.41 7.37 0.17 9.99 7.89 0.26 5.27 1.52 1.53 3.27 8.92 5.82 1.5 2.23 6.03 7.01 7.32 1.87 5.98 4.2 5.18 1.64 5.06 0.63 8.79 4.2 8.3 5.45 7.15 4.18 0.92 6.6 8.56 1.82 7.26 5.81 5.23 6.03 8.49 5.21 9.88 4.49 3.14 4.5 4.5 3.91 2.6 0.29 7.68 6.94 7.15 6.25 9.56 0.86 5.49
double 87 7.12 0.09 3.32 2.84 7.33 0.98 6.76 6.62 8.3 5.27 5.92 4.89 6.71 9.71 0.97 3.77 7.04 3.17 6.7 9.68 6.56 4 1.24 6.23 2.76 8.82 7.37 7.17 4.79 7.3 8.96 2.4 3.58 1.45 7.33 1.15 7.18 1.45 3.3 1.3 6.93 8.71 7.62 8.88 8.68 6.71 7.39 5.42 8.12 5.82 0.61 0.53 4 9.52 8.5 5.54 5.95 3.06 6.73 2.54 4.28 6.74 0.64 9.28 5.43 0.67 2.45 3.13 6.82 5.65 2.39 4.78 2.42 0.04 4.61 1.92 5.86 6.1 0.8 6.71 8.43 2.3 9.79 4.12 4.25 0.04 7.95
double 88 1.87 8.49 4.07 6.82 2.36 4.98 6.14 4.15 5.12 1.61 9.44 6.14 8.01 4.45 0.47 5.64 7.4 9.84 1.47 5.61 5.53 3.56 4.7 2.82 1.53 4.9 6.92 2.16 8.62 2.13 6.78 1.29 1.56 1.7 7.19 7.87 1.05 1.94 7.31 4.72 5.13 2.66 3.41 4.16 6.13 9.07 0.92 1.28 5.36 8.09 6.71 4.06 7.51 8.62 2.68 5.88 5.84 4.24 1.05 1.99 2.26 6.92 0.65 5.28 1.47 6.03 1.56 3.33 7.76 5.81 6.33 5.01 6.18 4.46 4.93 0.1 8.95 2.24 3.42 0.08 4.41 3.88 2.85 0.72 2.43 9.91 1.71 2.35
int 88 3 99 7 92 64 98 80 18 67 83 42 43 98 25 55 40 35 28 55 62 45 22 64 61 2 94 72 20 56 86 61 22 72 62 48 4 62 59 78 12 71 95 65 35 8 30 19 33 26 8 86 23 27 27 2 19 53 91 68 61 78 64 44 58 63 49 66 14 87 77 4 19 88 80 36 72 93 35 78 18 20 67 44 73 90 79 46 60
bool 91 1 0 0 1 1 0 1 0 1 0 0 1 0 0 1 1 0 1 0 0 1 1 1 0 1 1 0 0 1 1 0 0 0 1 1 0 0 1 0 1 0 0 1 1 0 1 1 0 1 1 0 1 0 1 1 1 0 0 1 0 0 0 0 1 1 1 0 1 0 1 1 1 1 1 1 1 1 0 0 0 1 1 1 0 1 0 1 1 1 0 0
bool 91 1 0 0 0 1 1 0 0 1 1 1 0 0 1 0 0 0 0 1 0 1 0 0 0 0 1 1 1 1 1 0 0 1 1 1 1 0 1 0 1 1 0 0 0 1 1 1 0 0 1 1 1 1 1 0 0 0 0 0 1 1 1 0 0 1 1 1 0 0 0 1 0 0 0 1 1 0 0 0 1 0 1 0 0 1 1 1 0 1 0 1
double 93 8.04 7.68 4.04 1.96 5.83 6.46 0.44 3.45 8.94 4.88 9.46 8.97 2.34 4.64 5.68 9.33 2.24 6.48 4.66 3.61 3.66 1.42 3.68 4.57 3.23 4.71 3.34 1.41 8.68 1.6 8.89 8.67 7.92 2.66 1.06 3.98 2 9.11 4.11 6.92 7.21 2.93 5.2 0.47 5.05 2.61 0.11 9.76 0.29 4.86 5.66 9.96 2.38 3.32 1.45 8.84 1.2 0.44 5.32 7.87 8.61 6.84 5.26 3.38 4.13 9.84 0.16 9.85 7.15 9.3 2.36 3.98 0.31 7.28 7.82 6.35 3.52 3.06 6.33 0.05 1.77 3.8 8.75 1.27 4.73 6.45 3.9 9.81 3.51 7.36 5.7 6.26 9.34
int 93 64 31 14 97 86 42 97 53 49 51 84 45 63 78 87 65 37 56 47 82 24 6 26 1 86 87 20 50 28 75 62 86 80 65 53 67 76 23 84 84 83 35 95 74 68 41 18 34 58 10 13 55 70 38 83 16 15 86 5 5 66 14 89 22 50 52 80 54 68 85 81 63 13 31 1 93 40 8 40 71 9 81 16 3 9 87 62 46 39 39 70 93 97
int 93 98 93 62 37 22 80 16 31 59 62 95 52 10 22 96 36 45 28 93 15 92 84 33 53 79 55 58 69 94 89 46 87 36 61 5 8 45 76 91 91 44 73 49 10 87 53 68 1 63 11 60 9 65 62 94 48 52 49 97 79 50 65 28 87 2 33 73 55 5 88 73 94 53 97 99 92 98 44 10 76 15 11 7 19 81 28 26 22 72 6 53 89 5
char 94 a k c m j f r j t b m r q c b m n l i i p k f l s k e s a p i n h m r b l c o n t n a i s l t l f a e f m n s q t t h i n m e p b l k h e c r p h h c b i k f h m i d d k g a j d c l c o o
char 95 e a k b k r r n n n t g t j n a f f j q g d c p g h c f k j e g o c i g j p e c c j s q j e d l c j a m g l t b h g c o o s f g l e e a s j f i s m c a l j e r r c s c e p l b m m l b c h o
bool 95 1 1 0 1 0 1 1 1 0 0 1 1 0 1 1 0 0 1 1 1 0 0 1 0 0 0 0 1 0 0 1 1 0 0 1 0 0 1 1 1 1 1 1 1 1 0 1 1 0 1 1 1 0 0 0 0 1 1 0 1 1 0 1 1 0 0 0 0 0 0 0 0 1 0 1 0 0 0 0 1 1 1 0 0 0 0 0 0 0 1 0 1 0 0 0
char 95 i o o m s c e j l q f t n n i i r t i m o k m j a a o o q r a m h r d c r m p g l n n n t s g k d c j p t p k t a i r n q e d h j q q g a m b l s j e p g l j m f h i s g k n f p n l t f h q
double 95 3.35 4.64 9.33 0.12 2.96 0.28 6.24 1.92 4.29 0.03 5.26 4.83 4.12 9.36 0.38 1.18 9.42 1.15 7.24 6.25 4.65 3.65 0.9 3.82 7.84 7.07 6.78 9.39 0.02 7.92 7 3.95 1.84 1.9 5.17 7.35 6.96 6.46 3.17 8.44 0.51 4.23 3.39 7.41 0.7 8.56 5.81 2.05 1.95 4.86 5.97 6.38 9.71 8.25 1.25 7.34 6.72 9.57 4.96 2.18 4.94 6.86 7.63 5.95 6.52 6.35 4.77 8.84 1.46 0.75 9.32 8.82 2.93 8.9 1.3 5.79 2.28 4.44 9.41 1.49 7.59 1.33 1.53 2.92 5.38 6.62 5.36 9.34 9.46 8.75 7.22 8.18 4.14 8.11 2.92
double 96 5.49 5.17 7.68 6.52 8.76 4.58 8.1 4.24 1.98 0.72 6.01 1.36 1.16 3.19 7.32 5.45 3.65 8.28 4.27 3.81 3.42 8.78 7.53 8.43 5.33 1.17 6.45 0.66 2.86 4.32 4.02 4.41 5 8.36 4 0.54 8.06 6.34 4.77 3.03 7.53 4.65 4.39 1.87 7.44 3.09 0.31 4.59 9.94 7.16 4.6 1.87 5.48 3.08 4.6 7.69 7.16 6.75 3.75 7.31 1.12 1.52 4.32 8.85 5 5.59 0.29 3.29 6.09 4.14 6.44 4.87 4.58 2.55 1.27 6.18 0.05 4.79 1.87 3.62 1.06 7.32 8.05 3.07 4.38 7.95 6.48 0.96 8.9 8.78 8.72 2.1 7.09 5.86 9.47 1.11
bool 96 1 0 1 0 0 0 1 0 1 1 0 0 1 0 0 0 0 0 0 1 0 1 0 0 0 0 1 0 0 1 1 0 0 1 1 0 1 1 0 1 1 0 0 1 1 1 0 1 0 0 1 1 1 0 0 1 1 1 1 1 0 0 1 1 1 1 0 1 1 1 1 1 1 0 0 0 1 1 0 1 1 0 0 0 1 0 0 1 1 0 0 0 1 0 0 0
double 97 3.3 7.79 7.63 3.29 8.3 6.58 0.68 5.19 8.94 3.49 7.93 0.9 4.73 9.24 3.39 7.31 7.55 9.93 8.52 1.32 4.22 7.37 8.2 7.94 0.04 0.41 0.39 0.17 4.42 5.11 3.94 3.6 2.16 3.13 0.77 3.25 9.92 9.2 0.05 7.21 2 2.44 3.63 3.82 2.45 4.49 9.13 3.02 9.3 5.56 8.51 7.47 0.64 9.77 7.03 4.51 1.14 0.63 9.32 4.01 9.41 0.79 1.51 1.43 7.76 6.09 9.4 3.51 7.61 7.52 6.51 2 5.97 4.28 1.43 9.86 7.03 1.29 2.42 3.25 5.32 4.8 7.1 6.02 6.95 5.23 2.87 7.29 4.14 5.02 2.38 5.72 1.3 2.52 0.37 1.4 6.4
bool 97 1 0 1 1 0 0 1 1 1 1 1 0 1 1 1 0 0 1 0 1 1 1 1 0 0 1 1 0 0 0 0 1 0 1 0 0 0 0 1 1 1 1 1 0 1 1 0 1 0 1 1 0 0 1 1 0 0 1 1 1 0 1 0 1 1 1 0 1 0 0 1 1 1 1 0 1 0 1 1 1 0 1 1 1 0 0 0 1 1 0 1 0 1 1 1 1 1
int 98 31 87 96 1 64 92 75 83 37 79 47 54 2 22 3 22 57 58 36 1 41 61 67 53 55 90 43 83 34 16 63 58 20 70 18 41 51 6 91 11 71 40 52 86 98 23 2 60 66 17 24 37 88 40 24 66 34 79 46 89 5 49 65 52 12 5 61 62 77 89 34 38 23 7 34 29 34 35 22 17 93 14 17 92 75 56 47 65 81 17 73 45 83 35 15 5 87 80
char 99 i n n g b f p d t h t p f n q j c p e g s g n o k a p c b b l f g q t k p s h g i h e h d o n e i i a m b b n g e a p q l d m r n d e f s k n l f i n g s q h e i m p q q q n n t p a m f s r t e d r
int 100 41 77 91 68 45 61 18 16 89 82 67 41 93 88 59 89 16 53 78 38 1 24 51 20 80 43 16 26 95 49 57 37 20 12 47 41 47 74 26 84 36 69 97 96 60 18 60 9 55 53 48 85 96 28 87 43 74 12 50 87 33 27 18 37 79 82 24 80 11 60 95 71 39 14 91 49 24 92 18 11 60 88 67 39 57 31 92 50 13 92 33 22 2 79 97 54 95 12 96 32
bool 102 1 0 0 1 1 0 0 0 1 1 0 0 0 0 1 0 1 0 0 1 0 0 0 0 1 0 0 1 0 0 0 1 0 0 1 1 0 0 0 0 0 0 0 0 1 1 0 1 1 1 1 0 0 1 1 1 0 1 0 1 1 1 1 1 1 1 1 0 1 1 1 0 0 0 1 0 0 1 1 1 1 0 1 0 1 0 1 0 1 1 1 0 1 1 1 0 0 1 1 0 0 1
int 103 19 50 59 48 32 30 26 48 71 69 1 36 31 31 53 92 48 10 70 11 38 24 19 54 39 77 5 12 26 16 45 22 76 63 86 44 43 23 95 99 6 80 72 72 11 59 5 72 42 43 25 23 42 12 58 56 25 70 48 13 62 27 65 38 51 27 65 41 20 34 4 27 51 68 74 11 42 24 75 51 43 30 69 32 87 59 48 16 40 85 61 34 97 52 2 78 22 91 43 66 54 67 16
double 104 4.49 2.36 2.51 4.59 8.76 5.17 4.7 3.42 6.86 5.91 9.48 2.03 6.5 7.45 0.88 4.11 7.14 9.25 5.44 8.83 7.48 7.34 6.7 9.38 5.18 7.46 6.08 1.43 7.1 8.48 0.16 3.59 4.53 1.24 1.33 5.85 8.67 0.77 5.67 9.3 1.56 4.07 0.39 1.49 0.74 4.74 6.33 8.24 7.51 0.61 9.63 1.23 6.3 5.02 9.22 1.4 9.38 3.47 3.62 5.42 6.96 0.61 9.45 9.85 9.08 1.21 3.69 7.05 6.72 1.47 6.08 4.04 5.74 9.79 9.8 5.01 6.3 0.06 1.18 6.83 2.36 8.06 4.38 6.62 8.47 1.82 7.48 5.18 5.13 0.95 0.33 6.65 6.59 6.25 4.47 5.44 4.31 2.95 9.8 8.73 4.17 6.66 1.54 1.78
bool 105 0 1 1 0 0 0 1 0 0 0 0 0 1 1 0 1 1 0 0 1 1 1 0 0 0 0 1 0 0 0 1 0 0 1 1 0 0 0 1 1 0 1 1 1 0 1 0 1 1 1 1 1 1 1 0 1 0 0 1 0 0 1 0 1 0 0 1 0 1 1 1 1 1 1 1 0 1 0 0 1 1 1 1 0 1 1 0 1 0 1 0 1 0 0 0 0 0 0 0 0 0 0 1 1 0
