int 10 64 97 80 14 98 26 17 16 59 69
int 11 12 42 34 13 15 80 53 81 9 1 56
int 11 88 46 48 21 27 46 74 97 30 17 44
int 11 39 71 24 25 85 49 89 36 30 25 91
bool 12 1 0 1 0 1 0 0 0 0 0 0 1
char 14 t b f j s n a j k r g s d s
int 16 12 76 1 94 75 21 78 78 23 33 6 68 41 1 76 83
char 17 n c q q g n e e m t c i t c f q h
double 18 0.06 4.76 8.08 0.02 8.5 9.15 5.75 4.53 9.22 9.29 3.03 4.09 8.92 0.78 7.26 1.23 9.82 1.71
char 18 t b e l m f k o c q r g n e l t p j
char 18 i s r d s i j g i g t p j q i q t e
double 19 4.28 5.09 8.67 8.41 4.37 7.73 8.49 0.67 9.18 4.71 1.58 1.89 6.41 8.78 5.26 2.79 9.83 4.2 8.9
int 21 83 71 12 15 79 7 92 71 67 65 29 54 87 83 50 99 87 31 65 3 41
bool 22 1 0 1 0 0 0 1 1 1 1 1 0 0 0 1 1 1 0 0 1 1 1
double 23 9.79 5.44 9.39 0.99 2.67 2.94 2.29 6.88 6.82 4.72 0.64 3.58 0.29 9.41 0.4 1.74 7.6 2.47 9.25 5.88 6.43 5.72 7.36
double 24 7.78 3.64 2.32 6.54 7.02 8.85 6.15 5.35 7.26 1.42 8.65 4.68 6.22 7.68 6.06 1.28 5.15 7.62 7.72 6.95 0.63 7.77 3.46 6.76
int 25 11 1 75 92 87 15 62 91 17 15 28 52 12 5 15 36 13 49 46 1 94 37 41 13 23
char 26 m t t j l o e e l e l h b t r p g l l s c n s d d a
double 27 4.92 8.73 8.03 2.64 6.51 1.26 7.08 7.05 9.72 1.42 5.88 4.42 7.65 2.99 2.74 2 9.09 1.69 9.82 0.57 1.85 4.01 3.43 5.87 5.26 4.13 8.67
bool 28 1 0 1 1 0 1 1 0 1 1 1 0 1 0 0 0 0 0 1 1 0 0 0 1 0 1 1 1
int 29 73 73 48 34 51 93 92 74 68 41 21 78 76 82 38 98 35 41 12 44 74 24 95 73 69 52 42 41 88
char 29 p g t r m a q e k h o p d l n r r o q f l m q f h j p k m
int 31 19 42 5 35 45 37 35 52 86 29 46 73 86 46 6 28 16 85 77 96 94 26 78 82 96 85 93 34 17 64 50
int 31 61 58 9 63 42 87 16 35 71 64 28 32 85 44 78 47 6 79 78 73 12 27 62 51 48 84 71 42 37 25 11
int 32 39 12 15 83 92 44 68 31 77 20 53 7 73 64 55 47 51 95 1 46 89 40 75 91 57 38 15 94 93 68 49 54
char 32 n d c b r l m e p l n t r t t j a p p n o f c i b h h d e k s k
double 34 2.78 4.97 5.27 6.78 3.68 3.53 6.67 2.35 1.34 8.11 0.87 3.61 8.64 4.95 0.13 6.66 7.81 6.14 6.01 3.47 4.84 2.7 9.45 1.68 8.03 2.78 3.53 6.38 4.22 6.02 5.27 2.8 4.1 2.32
bool 34 1 0 0 1 0 0 0 0 0 1 1 0 1 0 1 0 0 1 1 1 0 0 0 0 0 0 0 1 1 0 1 1 1 0
bool 35 0 1 0 0 1 0 0 0 0 0 0 0 0 1 0 0 0 0 0 0 0 0 0 1 1 0 0 0 1 1 0 1 1 1 1
bool 36 0 0 1 0 1 1 0 1 0 0 1 1 1 0 1 1 0 1 1 1 0 0 1 1 0 1 0 0 1 1 1 1 1 1 0 0
int 37 94 9 2 18 98 60 4 22 24 16 57 2 21 17 69 77 12 21 18 81 28 90 95 43 26 8 34 48 32 22 44 71 73 22 85 84 14
char 38 p a l j n r q o a i j m k p d d t q o b r c s f s k f j t q s r p j h l r q
char 38 k m n m l c n k r f a g d e c h r f h p i t t r c h l l j j t b i f r f n c
bool 39 0 1 0 1 0 0 0 0 1 0 0 0 1 1 1 0 0 0 0 0 1 0 0 0 1 1 1 1 1 1 1 1 0 0 1 1 0 1 0
char 39 l a i d s j p m e m o k j t s i h t l g p c i e q a a a q g h q a s h q t q t
int 40 29 8 43 94 91 73 57 24 72 80 22 47 47 22 18 29 99 57 11 49 37 88 43 83 30 57 61 61 38 77 17 90 60 62 18 4 87 11 65 36
char 43 s o c t q s d o d t m k m m n i t b n h h t g l q k r o r o d e t o j m f c t q l m s
char 44 k i f l r t g c l h d k h l h h m a f s c f a c j s r h p b l n e m j p c o k j o c k o
bool 44 1 0 0 0 1 1 0 0 1 0 0 1 1 0 1 1 1 1 1 0 1 1 0 0 0 1 0 1 1 0 0 1 0 1 1 1 0 1 1 1 1 0 0 0
char 46 s a g o g b a g q i m b i h b g m h n l j q l d r d i n i d i p o h r c g l k q c q e i d b
bool 48 1 0 0 1 0 1 1 0 1 0 1 1 0 0 0 1 1 1 0 1 1 1 1 1 0 0 0 0 0 0 0 1 0 1 0 1 1 1 1 0 1 0 1 1 1 0 1 0
bool 48 1 0 0 0 0 1 0 1 0 0 0 0 0 0 1 1 0 1 0 0 1 1 1 1 1 0 0 1 0 1 1 1 1 1 1 1 1 1 1 1 1 1 0 0 0 1 0 0
int 50 30 12 39 23 68 14 14 44 94 71 97 55 52 79 77 31 83 51 76 22 84 7 74 92 11 39 24 95 17 82 46 71 61 23 94 87 27 13 88 18 94 88 60 29 76 4 38 61 81 53
char 50 c i f c p o i e e p i h t m f g d j l e l s e t m e k t t e s r o j k r q j n c d q c a n m m q q f
double 51 3.82 3.34 6.77 1.13 8.2 2.47 1.78 3.9 7.83 3.04 2.17 3.2 1.16 4.8 3.58 1.82 5.5 3.07 1.04 5.96 6.38 8.99 6.91 4.64 3.87 7.17 9.21 3.2 2.77 7.21 0.43 8.25 1.84 6.64 1.67 0.22 4.97 0.44 1.58 4.93 2.9 8.79 0.24 6.54 2.68 4.02 3.31 6.17 2.32 1.75 4.72
double 53 2.72 0.66 7.27 3.83 2.53 8.32 7.06 0.1 8.48 1.49 4.73 2.02 9.68 9.63 2.37 1.41 6.07 1.17 3.39 8.7 1.42 7.06 2.84 9.93 9.56 9.21 7.62 1.28 8.79 3.29 4.73 0.63 6.22 6.63 7.63 2.28 7.6 9.52 7.12 5.81 9.01 7.9 1.98 6.35 5.17 8.14 0.92 5 1.17 5.35 1.38 8.34 6.31
bool 53 0 1 1 1 0 1 1 1 0 1 0 0 1 0 1 1 0 0 0 1 0 1 1 1 0 0 1 0 0 1 1 1 1 1 1 1 0 0 0 0 1 0 0 1 1 1 1 0 0 1 1 0 0
bool 53 1 1 1 1 0 0 0 1 0 1 0 1 0 0 1 0 0 1 0 1 0 0 0 1 0 0 1 0 1 0 1 1 1 1 1 1 1 1 0 1 1 0 0 0 1 0 0 0 0 1 1 0 0
int 54 62 61 50 93 86 76 7 19 69 20 8 69 76 30 59 94 77 49 67 18 97 48 52 99 40 24 97 95 72 31 63 13 94 28 48 15 27 71 68 92 86 42 33 46 43 37 10 86 29 6 70 11 81 24
char 54 k j s l o s s r q j r i b o n g c t t q n m e s r t o i p j p c b e m k s m m o t r b j c c b o b a k s k b
int 54 27 11 53 72 79 77 81 52 25 95 31 31 62 58 75 17 59 97 88 50 38 96 63 7 98 52 45 49 65 28 22 13 78 29 44 11 9 26 22 50 80 14 21 15 77 43 80 36 38 13 41 50 58 78
int 56 71 19 43 74 44 76 54 25 97 57 36 78 3 26 71 82 25 54 18 94 82 57 70 88 90 32 58 65 51 86 50 26 56 78 87 61 58 51 45 67 70 51 8 17 41 1 59 5 75 82 26 68 44 76 26 92
bool 59 1 1 1 0 1 1 1 1 0 0 0 0 1 1 1 1 0 1 1 0 1 1 1 1 0 0 1 0 1 1 1 1 0 0 1 1 1 0 1 1 1 1 1 1 0 0 0 0 0 1 0 1 1 1 1 1 1 1 0
bool 60 1 1 0 1 0 0 1 1 1 1 1 1 0 1 0 0 0 1 1 1 0 1 0 0 1 0 0 1 1 1 1 0 1 1 0 0 1 1 1 0 1 0 1 1 0 1 0 1 0 1 1 1 1 0 1 0 1 1 1 1
double 60 8.91 9.99 5.97 1.43 2.86 1.13 4.08 6.27 4.31 5.39 4.02 9.85 4.83 8.39 1.5 8.43 0.09 0.8 2.05 8.21 9.57 7.55 8.88 8.03 2.8 3.2 3.24 1.79 9.07 0.94 4.82 4.45 1.35 8.86 8.97 5.54 9.96 4.88 8.59 5.83 0.69 3.63 7.52 1.91 6.91 3.52 8.2 0.79 7.93 5.06 9.37 1.71 8.44 0.08 1.97 8.19 2.27 7.85 4.47 5.55
int 60 54 30 42 77 31 67 79 47 46 34 59 68 28 61 57 41 37 50 15 79 99 81 1 8 15 66 53 18 78 73 76 46 1 46 40 70 38 73 65 30 50 71 58 81 26 57 32 73 24 63 60 91 77 79 11 97 29 81 87 99
bool 61 0 0 1 0 0 0 1 1 1 1 0 0 0 1 0 0 1 0 1 0 1 1 0 0 0 1 0 1 0 0 0 1 1 1 1 1 1 1 1 0 0 0 0 1 1 0 1 1 0 1 0 1 0 1 0 1 0 0 1 0 0
int 62 76 80 72 59 91 68 79 81 52 35 69 85 57 37 81 63 40 6 34 19 98 49 39 23 51 17 50 78 74 20 29 45 61 37 57 47 44 71 63 99 19 86 24 56 46 20 37 58 42 55 48 84 85 58 61 52 11 85 92 21 51 33
char 63 m f c j o e g c k s r n i g e p h n n k b f q o d p g m m k c l q n c e r q h k t i e e q o o k c j i s d q n n i o i q m t n
bool 64 0 1 0 1 0 0 0 0 1 1 0 1 0 1 1 0 1 0 0 1 1 0 1 1 1 0 0 0 0 1 1 1 0 0 0 0 1 0 1 0 1 0 0 0 0 0 0 0 1 1 0 0 1 0 1 0 1 1 1 1 1 1 1 1
char 65 d t j t t k c p b d t q o p g f f g j m d r k k m a i p m f s q h i q l t p j n f p e t b i r d t b k m a a r f p e j t f e b j l
bool 66 1 1 1 0 0 1 1 0 1 0 0 0 1 1 1 1 0 1 0 0 1 0 1 0 1 1 1 0 1 1 1 1 0 1 0 1 1 1 1 1 0 0 0 0 0 1 0 1 0 0 0 1 1 1 1 1 0 0 0 0 1 1 1 0 1 0
double 66 7.16 5.22 7.77 8.82 2.14 2.65 0.57 3.59 3.63 8.67 8.29 7.52 7.39 5.86 5.74 8.61 8.88 2.65 3.01 9.11 6.78 5.64 4.74 3.77 9.99 3.92 4.8 6.27 4.6 5.65 4.46 8.14 1.15 1.31 5.23 0.14 9.5 6.46 6.44 1.61 7.76 4.28 5.6 8.66 7.9 6.86 2.8 7.15 7.5 2.93 9.25 2.19 6.32 0.61 8.62 9.66 1.29 3.72 8.98 8.29 5.17 7.65 9.82 4.58 0.99 3.02
double 67 5.47 4.46 8.71 7.25 6.5 5.66 0.36 7.41 1.96 5.84 2.27 7.54 4.83 8.07 9.53 8.47 7.26 4.15 0.62 1.24 0.8 2.12 8.66 8.95 8.35 4.51 4.41 6.39 0.18 3.61 9.48 7.06 3.17 2.05 5.25 4.62 3.9 9.99 0.82 2.62 1.74 4.18 7.84 3.76 7.07 6.55 0.28 5.45 6.23 8.15 1.1 2.83 5.18 0.56 1.43 3.24 6.96 9.86 2.69 6.37 4.33 9.23 8.98 6.97 5.72 4.82 2.77
int 69 6 44 64 88 80 98 49 54 73 74 97 18 13 60 72 96 33 90 21 92 35 57 88 5 96 3 38 37 10 96 20 18 19 12 23 9 71 55 33 11 18 42 86 32 91 93 39 91 51 51 76 37 19 45 66 80 73 97 23 25 80 78 18 55 55 76 63 82 60
char 69 h t j t e a q g c k g p t c b r o h m f q m h k h n h t l q m f h j r t m m s s f g s m k n r o n p e r p r e a f e b c e q s q j o s q b
double 71 8.61 7.65 2.32 9.67 2.23 4.67 8.87 1.22 7.26 4.1 0.27 1.9 6.57 7.06 8.23 2.35 0.29 3.86 4.59 1.75 3.01 0.02 2.01 0.21 3.03 6.1 1.47 2.19 5.6 2.67 1.84 2.41 0.5 2.16 6.98 6.02 2.18 4.79 2.1 9.12 0.97 1.35 5.39 8.96 0.03 6.3 3.82 3.88 2.86 8.65 4.38 7.28 8.46 7.52 6.86 8.33 1.71 6.13 1.53 5.63 0.46 9.7 5.8 0.29 9.17 7.41 8.28 8.16 5.63 3.95 2.17
char 72 k l l d q n e g b h q b d p r m r c i o k g b k i l n b g e g c g m j s t b q n i p d f k d k f o s f i g l r o c k k t l t l r h d m b o o d e
double 75 0.22 6.58 4.45 1.44 1.02 9.94 9.19 3.31 3.33 2.75 5.66 1.43 2.35 1.21 2.56 8.19 0.29 2.64 9.45 1.82 7.71 0.73 0.62 4.59 0.67 4.46 3.8 5.82 1.06 9.17 2.84 8.92 8.5 4.64 8.73 6.72 1.63 4.72 3.88 6.94 7.74 6.59 0.49 4.95 9.37 4.56 4.94 1.75 6.63 0.89 5.52 9.92 5.43 3.73 5.68 9.6 9.26 0.32 5.39 0.83 3.27 9.22 9.92 9.38 7.61 3.41 6.76 2.46 6.5 9.86 4.14 5.71 3.11 6.67 7.43
int 77 42 73 48 4 80 92 8 59 25 1 77 60 87 30 97 67 27 26 18 91 76 88 68 97 31 89 68 14 10 12 53 11 10 93 15 13 35 67 50 62 88 26 71 46 59 81 73 10 55 34 77 90 11 88 97 6 90 37 66 74 32 39 18 77 19 34 98 28 81 7 60 21 32 83 67 31 3
double 78 0.04 8.82 6.72 5.87 4.98 3.3 6.51 5.98 2.33 8.69 5.96 6.26 4.91 3.94 9.41 2.89 1.49 7.15 3.43 0.74 4.59 2.35 7.13 2.5 3.23 4.07 7.58 7.02 2.57 8.79 8.21 1.68 2.01 7.08 4.89 0.07 8.91 8.74 1.96 4.48 8.04 8.64 3.4 5.06 7.42 5 8.86 3.17 5.78 3.25 7.69 2.99 6.41 3.79 3.02 0.03 0.34 2.79 1.93 9.99 2.15 0.81 6.4 8.91 3.98 8.79 0.71 7.81 3.08 1.76 9.66 9.99 4.4 0.92 1.89 3.85 9.31 1.03
double 79 9.54 2.48 2.5 8.8 7.95 0.61 7.76 0.08 7.08 8.84 4.56 2.73 2.01 3.89 0.27 1.51 0.78 5.27 1.72 5.25 1.36 7.8 8.38 4.71 2.51 0.65 4.53 7.72 9.57 7.62 1.18 8.88 7.24 4.32 6.98 6.63 1.96 2.88 9.12 5.44 8.91 9.58 7.56 9.58 2.86 8.9 0.89 5.76 1.1 5.55 8.54 4.81 8.33 4.96 2.21 1.7 0.7 0.92 9.98 4.25 9.79 8.43 5.4 9.57 7.21 2.6 6.27 1.01 0.54 1.88 5.6 3.33 3.95 9.66 2.16 2.73 5.25 7.14 1.66
char 79 i p k t c t a a k d d c s n g e q c p b j m t j s b p h a q o i s j t m n a d o o q t b f a n h h g l r e t e d t b e o l c m g e b q o a d d e q t h e n n n
double 81 7.66 4.16 0.11 7.32 6.45 3.91 8.45 8.9 2.66 7.05 0.21 8.01 6.34 3.74 8.95 0.09 6.16 0.9 1.19 6.84 8.5 8.23 1.04 7.17 6.11 0.08 6.63 7.41 3.68 3.72 8.88 4.12 2.81 1.05 5.73 6.52 9.59 5.46 8.56 8.89 7.13 3.43 8.13 0.67 4.59 6.47 9.71 8.25 1.1 6.12 0.61 3.52 6.58 0.08 9.86 5.49 0.81 1.84 2.55 8.56 7.03 2.27 1.17 3.14 6.51 9.15 0.17 4.18 0.8 4.51 6.94 6.92 4.2 9.37 1 3.03 7.43 5.88 0.03 5.21 4.52
double 85 8.62 3.17 7.61 5.31 1.1 2.16 4.66 2.79 2.5 5.27 3.58 7.41 4.19 8.6 6.18 6.8 8.93 7.61 8.36 6.42 0.88 3.66 1.93 8.08 7.02 1.45 0.4 6.57 8.32 7.34 2.72 5.15 5.66 2.84 7.4 9.12 0.24 5.07 9.43 0.24 7.68 3.71 8.49 7.42 3.72 3.06 7.57 0.83 3.09 1.45 9.74 1.21 4.66 0.64 4.03 3.61 4.04 4.11 8.39 6.03 5.18 7.27 8.02 3.44 2.94 2.47 1.67 1.12 6.9 7.28 2.58 6.98 1.89 0.37 7.43 1.63 2.81 3.1 0.78 1.12 3.44 9.73 3.88 6.61 9.6
double 85 2.57 0.65 0.97 8.84 0.27 4.45 9.8 1.61 2.52 7.16 1.26 2.5 8.08 6.82 1.39 7.03 3.89 1.57 4.33 7.85 8.84 1.42 7.68 6.48 1.18 0.52 9.88 4.33 3.09 5.77 0.93 7.55 3.78 3.57 6.14 1.34 1.88 9.57 8.16 4.92 4.07 3.01 5.7 1.79 2.95 8.56 7.71 6.46 8.54 2.09 9.04 3.77 4.92 8.74 0.98 9.61 0.02 0.94 5.44 1.33 9.13 6.73 1.68 1.81 4.18 6.12 5.54 7.33 0.19 0.08 0.95 1.18 7.9 0.9 5.56 7.45 1.53 7.77 5.63 7.97 8.34 7.08 9.05 9.36 7.18
bool 86 0 0 0 1 0 1 0 1 1 1 1 1 1 0 0 0 0 0 1 0 1 1 1 1 0 0 1 0 1 1 0 0 1 1 1 0 1 1 0 0 0 0 1 0 1 0 1 0 1 0 0 1 0 1 1 1 1 0 0 0 1 1 1 0 1 1 0 0 1 1 1 1 1 0 0 0 1 0 0 0 1 1 1 1 1 1
double 87 8.64 9.66 0.2 2.27 8.58 9.29 7.34 6.55 9.14 9.04 3.21 2.45 2.27 8.27 9.06 7.6 4.07 4.86 2.12 0.45 3.05 6.68 4.25 5.81 6.1 0.61 7.55 7.68 4.43 6.36 0.18 1.26 6.05 5.96 4.26 7.08 0.35 3.44 9.25 9.77 8.36 9.51 0.93 1.77 3.84 0.23 2.5 6.69 7.92 9.44 5.86 1.63 3.99 3.9 0.98 0.53 3.55 1.96 4.93 7.36 2.78 1.04 4.38 2.8 6.88 1.34 0.15 0.8 1.14 6.06 6.51 9.01 6.78 5.93 5.09 7.49 8.38 8.7 8.94 3.83 7.98 0.42 4.56 3.41 0.47 9.94 7.85
double 88 1.28 5.88 1.9 1.37 0.54 3.65 3.84 9.64 1.83 9.27 7.89 4.69 0.45 7.43 9.42 9.84 4.29 3.86 0.52 2.66 7.06 6.39 7.49 6.24 5.91 1.71 1.73 9.94 5.9 1.35 9.72 7.42 1.29 4.77 6.15 6.98 6.37 4.09 2.65 5.63 6.94 3.95 4.89 4.85 0.9 3.98 1.62 9.75 9.75 5.74 2.11 8.26 7.64 7.45 6.58 9.51 0.69 4.53 7.25 7.82 7.37 3.64 8.34 4.84 4.57 2.06 2.58 1.67 4.05 5.34 1.86 0.31 9.68 4.46 6.27 8.11 7.23 0.46 6.03 7.9 4.32 8.02 7.9 7.02 8.24 5.71 3.8 9.52
int 88 3 99 7 92 64 98 80 18 67 83 42 43 98 25 55 40 35 28 55 62 45 22 64 61 2 94 72 20 56 86 61 22 72 62 48 4 62 59 78 12 71 95 65 35 8 30 19 33 26 8 86 23 27 27 2 19 53 91 68 61 78 64 44 58 63 49 66 14 87 77 4 19 88 80 36 72 93 35 78 18 20 67 44 73 90 79 46 60
char 93 m r i n o i p k k t o t c j t k h f i p e h j p t m g s h o s n n g d s i c s i l a f f k o m c s k j g f c o p n r g h l f o i n d n k f s r d b d a n t c d g n e b q c q c s l g f f e
char 93 d d h a i r r h d d d s j s b a n g t n f j b a i i r c a a m c g f i c q m p a i s d c e d t k m s q n n i p c a m m b h h h s o e f s n e r e c b q r b p e i r b q q e i j f h a b f d
bool 95 1 1 1 0 1 0 1 0 0 1 0 0 1 0 0 1 0 1 1 1 1 0 0 1 1 0 1 1 1 1 0 1 0 0 0 0 0 0 1 1 0 1 1 0 1 0 1 0 1 0 0 0 1 1 0 0 1 0 1 0 1 0 1 0 0 1 1 0 1 1 0 1 0 1 1 1 0 0 1 0 1 1 0 0 0 1 1 1 0 1 0 1 0 1 0
char 95 i q j r f c g t t f j p j c r l p c c s c c l d d n e h m t d e p g b a e n f b t i r i m m r g k g p f a p l c m c t b p f t b k p a c a t s p d a a c c b q j f g c e n j a o k r p s i e h
double 96 5.49 5.17 7.68 6.52 8.76 4.58 8.1 4.24 1.98 0.72 6.01 1.36 1.16 3.19 7.32 5.45 3.65 8.28 4.27 3.81 3.42 8.78 7.53 8.43 5.33 1.17 6.45 0.66 2.86 4.32 4.02 4.41 5 8.36 4 0.54 8.06 6.34 4.77 3.03 7.53 4.65 4.39 1.87 7.44 3.09 0.31 4.59 9.94 7.16 4.6 1.87 5.48 3.08 4.6 7.69 7.16 6.75 3.75 7.31 1.12 1.52 4.32 8.85 5 5.59 0.29 3.29 6.09 4.14 6.44 4.87 4.58 2.55 1.27 6.18 0.05 4.79 1.87 3.62 1.06 7.32 8.05 3.07 4.38 7.95 6.48 0.96 8.9 8.78 8.72 2.1 7.09 5.86 9.47 1.11
double 96 3.67 5.33 1.72 3.81 9.45 9.79 3.94 9.95 5.23 1.24 9.76 4.5 1.02 3.4 1.52 9.72 1.13 7.04 8.65 7.83 7.36 4.72 1.52 3.6 2.31 6.51 8.09 6.4 6.4 1.75 2.75 6.51 8.49 5.33 8.85 7.09 6.26 5.32 5.42 0.07 9.1 4.71 8.62 4.64 0.13 6.17 5.68 4.43 9.43 6.8 5.67 0.15 1.84 2.77 4.85 2.15 1.21 7.32 1.68 2.77 4.23 4.94 7.4 1.32 3.08 5.13 4.61 1.03 3.54 7.49 6.3 4.55 3.68 2.99 4.95 2.57 2.8 6.13 3.47 5.13 2.5 4.61 3.49 4.1 9.18 3.87 9.01 4.65 8.52 7.56 6.66 7.04 3.02 1.79 3.19 9.81
char 98 d c p n o p q a h e n t j f e e g h j q r c l p q o j d n q j o a f p s k b t e p m j t q c f r e b i g e o i r g m e i s e r b n n c p h p j r q h e p n l d a l c d e e m m j t d p l i r d s b t
bool 98 0 1 0 1 1 0 0 0 0 0 1 1 1 0 0 1 0 1 0 0 0 0 0 0 1 1 1 1 0 1 0 0 1 1 1 0 0 0 0 1 0 0 0 1 0 1 1 1 1 1 1 1 0 1 1 1 1 0 1 1 1 0 0 1 1 1 1 1 0 0 1 1 1 1 1 0 0 0 0 0 0 0 0 1 0 1 0 1 1 1 1 1 1 0 1 1 1 1
char 99 i n n g b f p d t h t p f n q j c p e g s g n o k a p c b b l f g q t k p s h g i h e h d o n e i i a m b b n g e a p q l d m r n d e f s k n l f i n g s q h e i m p q q q n n t p a m f s r t e d r
bool 100 0 1 1 0 0 1 0 0 1 0 0 1 0 0 0 1 1 0 1 1 1 0 1 1 1 0 1 1 0 0 0 1 1 1 1 0 0 0 0 1 1 1 0 1 1 1 1 0 0 1 1 0 1 1 1 1 1 1 0 1 0 0 1 1 0 1 1 0 0 1 1 0 1 1 1 1 1 1 1 1 0 0 1 1 1 0 1 1 1 0 0 0 0 0 0 1 0 1 0 0
int 102 84 94 37 83 7 31 52 59 26 76 24 67 81 15 90 92 8 22 19 31 23 47 65 52 72 24 19 87 8 27 70 27 77 50 38 46 42 26 6 50 46 52 62 2 91 48 82 48 39 50 30 2 47 53 85 66 98 74 59 85 85 24 18 27 21 20 7 35 72 70 36 90 25 31 77 88 16 86 59 32 54 25 56 66 88 78 12 74 36 58 57 62 67 48 86 17 78 26 11 89 65 78
bool 103 0 1 1 0 1 1 1 0 0 1 1 0 0 0 0 0 0 0 0 1 0 1 1 0 1 1 1 0 0 0 0 0 1 1 1 0 0 0 0 0 0 1 0 1 0 1 0 0 0 1 1 1 0 1 0 1 0 0 1 0 1 1 1 1 0 1 1 0 0 0 1 1 0 0 0 1 1 0 0 0 1 0 1 1 0 1 0 0 1 0 1 1 0 1 1 0 1 1 1 0 0 0 1
char 104 q o g f b h q p t r k c i c j g e c j c r f g o c j f b n o a i h n n l e m j s q m p t b g o h r h p f f i s a d k c c q r q a k q f d i f k h c c i g p r k m m m g q g p h b b n o j k s k g c d g b a l i p
int 105 76 84 34 70 38 65 33 33 76 47 89 36 79 15 99 78 70 47 10 99 48 39 68 53 76 85 38 64 33 33 43 64 50 5 17 79 28 93 54 39 27 10 95 69 27 41 16 9 57 23 85 45 46 26 63 50 12 88 25 35 65 25 87 77 47 56 59 3 12 41 47 95 83 53 94 65 9 65 56 50 6 65 49 16 10 23 89 9 87 10 56 72 43 91 78 16 48 8 71 89 71 63 36 18 41
double 106 2.02 7.37 6.54 6.72 5.56 3.09 5.41 1.17 7.79 1.43 2.41 6.24 5.97 8.29 3.99 1.18 2.23 7.54 2.96 8.34 7.81 1.32 1.68 3.16 0.99 1.13 1.25 5.4 8.44 5.8 5.27 5.84 5.44 1.76 2.51 5.76 5.81 4.32 1.92 7.65 2.25 6.45 0.56 8.8 0.16 5.65 3.4 4.89 7.52 2.06 1.33 4.15 3.52 5.57 5.03 8.45 4.11 0.1 2.78 9.79 8.93 3.56 2.41 6.98 1.98 9.96 3.25 3.11 0.85 7.09 1.92 8.78 0.63 6.58 8.74 1.43 8.34 6.29 9.83 5.89 3.34 7.41 2.92 9.74 0.84 0.36 4.99 6.38 4.93 3.78 0.26 6.49 2.9 1.26 7.6 0.49 3.83 9.82 6.31 0.18 7.21 1.11 5.51 5.16 9.65 0.05
char 107 s q s c d b k s m a i j k a a h p c f g d s s e s b o s f k h e l k o p c c b h s e f g h t h a m d a s i r i e h p f b n q r i s n d g k j r q i r e t n l n p g r q a r p b p e j a m m i h b b e f b p a i r e l a
int 107 52 51 9 66 27 71 78 76 37 31 78 4 48 61 43 79 39 38 6 23 16 53 32 10 9 30 44 75 32 73 99 56 47 87 35 67 27 35 13 78 71 98 86 69 85 13 59 42 74 95 34 10 16 54 84 88 10 28 4 58 15 34 40 40 34 23 55 66 95 25 84 45 66 3 51 72 27 73 16 57 23 89 98 29 81 14 91 96 56 4 86 48 2 22 65 24 46 55 58 71 50 19 31 31 30 80 33
char 107 t o k p j j m s k r o h m f k t t t l l t t f e i f l j p p a l d f b n s j i n f f n l c n s d b b h h d m o o q a p q k k k f k d t f g b a t o f i j b b f l k n f n o t l o q n i d j d q c t r l n h l c o e l l
int 108 56 56 44 50 35 26 81 25 22 80 19 79 28 91 55 53 59 17 74 43 96 12 8 71 31 83 79 13 9 41 30 14 62 89 5 11 15 27 45 66 63 36 20 51 8 62 90 29 99 26 49 42 41 73 18 50 47 90 93 92 93 2 12 37 79 32 65 29 2 57 7 57 91 89 4 22 54 66 17 18 13 44 58 38 81 90 68 92 83 52 32 41 74 56 45 98 39 32 23 60 61 25 2 86 66 22 12 3
int 108 49 47 41 92 77 35 68 2 3 20 98 72 22 89 87 95 80 61 66 32 89 6 23 1 14 81 68 34 62 4 38 17 60 14 40 87 49 71 42 67 41 60 96 33 98 57 16 4 10 61 88 31 91 41 64 39 72 19 89 86 28 1 53 97 63 44 72 15 5 43 67 94 25 46 7 22 47 69 20 55 5 34 83 40 85 31 68 18 40 88 30 7 59 11 17 35 17 18 42 35 69 29 99 73 21 44 70 43
