double 2 45 7.2 5.2 8.7 7.0 6.3 0.1 0.3 2.3 2.7 0.0 6.9 1.5 6.5 2.8 4.3 4.7 8.8 4.3 3.7 0.9 6.3 4.9 8.1 8.8 4.2 0.8 6.0 2.1 5.8 5.4 8.8 4.6 9.0 4.9 4.3 3.0 2.0 4.8 6.7 3.6 8.3 3.5 2.6 8.5 3.8
double 98 82 2.8 0.0 8.0 1.8 5.8 5.0 5.5 6.1 6.4 0.3 7.6 4.3 0.9 0.2 6.1 8.9 4.8 8.2 5.3 7.4 2.0 0.2 2.3 3.1 6.9 7.8 5.9 0.8 1.9 7.1 0.3 4.5 8.1 0.4 9.2 8.5 1.3 9.8 8.9 2.2 3.8 3.7 1.0 6.1 3.4 0.8 6.1 5.9 9.3 1.5 6.9 3.7 6.9 5.8 0.0 7.1 6.4 1.7 1.5 5.5 1.5 3.0 3.9 1.2 8.8 8.2 5.4 8.5 1.0 8.4 7.4 8.0 1.5 5.1 4.1 1.5 7.9 1.0 9.8 7.3 8.8 7.7
double 78 63 9.5 6.0 0.1 9.3 3.2 3.6 8.0 7.5 0.7 8.4 7.4 1.9 9.0 7.6 4.1 5.1 2.9 9.0 7.4 7.2 9.1 8.9 8.7 9.0 3.9 9.3 5.3 6.3 8.1 0.3 0.5 7.6 7.9 9.5 3.9 6.8 9.8 8.3 3.9 1.5 2.1 9.3 2.6 2.2 3.8 2.8 8.1 9.9 7.8 9.1 2.3 4.3 3.4 4.3 4.9 0.2 0.7 0.2 4.1 8.7 4.6 9.1 3.7
bool 76 9 0 1 0 0 1 0 1 0 0
bool 3 58 0 1 0 1 1 0 0 1 1 0 1 1 1 1 0 0 0 0 1 1 1 0 0 0 0 0 0 1 0 1 0 0 1 0 1 1 0 0 0 0 0 1 0 0 0 1 0 0 0 0 0 1 1 0 0 1 0 0
double 35 33 6.4 5.7 7.0 3.8 1.2 4.4 6.1 8.0 0.0 4.3 5.6 6.1 4.7 3.9 0.8 9.0 5.2 7.9 1.8 1.9 0.7 8.4 4.7 7.7 7.5 1.3 0.9 7.1 4.2 3.9 3.6 2.1 0.1
bool 67 73 0 1 0 1 1 0 1 0 1 1 1 0 0 1 0 0 0 0 0 1 0 0 0 0 0 1 0 0 0 1 1 0 1 0 0 1 1 0 0 0 0 1 1 0 1 0 1 1 0 0 0 1 1 0 1 0 0 0 1 1 1 1 0 1 1 1 1 0 0 0 1 1 1
char 61 58 x q k w w m t f i s g g l g c o x p i p y t d b a m r y k b o k m w g s d d p q k r z y j c h z t m i e p a g w h r
double 95 70 2.0 8.6 4.6 6.4 8.6 7.1 4.3 6.6 7.4 4.5 8.8 4.9 2.7 5.4 0.4 8.1 4.6 5.7 8.5 1.4 5.0 3.2 7.3 4.3 1.2 3.2 8.3 3.9 6.8 8.9 8.3 0.9 8.7 9.5 4.5 1.2 3.9 3.5 4.8 7.9 0.7 3.0 5.4 0.1 4.0 4.3 1.8 1.2 7.7 2.3 7.2 8.3 8.5 8.6 2.0 5.7 0.2 3.9 0.6 7.6 2.4 5.2 3.7 3.5 9.9 1.6 9.0 6.7 0.6 2.1
char 10 89 q f o t p i k p q u d m o m i k p p z h d h f q s g b x i i s y z w n h x y f v y d f m p d w o m c i u d c n y n d g c n f j i t p p m y m x i i s n e b p y w s g q s x d j p l
bool 81 24 1 1 1 0 0 1 1 1 0 1 1 0 0 1 1 0 1 0 1 0 0 1 0 1
bool 5 7 0 1 1 0 1 1 1
bool 57 23 0 0 0 1 1 1 0 0 1 0 0 1 0 1 1 1 0 1 0 0 1 0 1
double 8 73 5.0 3.2 8.3 1.9 9.6 3.9 7.8 3.8 4.1 0.3 0.6 2.0 7.0 4.9 0.5 2.4 7.8 8.7 8.4 2.9 3.9 9.8 7.3 3.8 1.5 0.2 4.1 8.5 6.3 1.1 6.6 2.7 8.3 3.0 6.5 8.2 8.2 3.1 3.5 9.0 1.2 5.6 0.2 4.8 1.3 2.6 9.7 6.4 1.5 9.3 0.7 3.7 1.8 3.8 2.4 7.0 8.3 4.5 2.8 5.9 8.3 2.1 3.7 6.0 4.9 2.3 8.3 0.5 4.7 1.3 8.6 8.4 0.9
char 88 34 w j h i u d g h y x y o x b s c e f t d r q e l x f v c f b b j j y
char 17 78 i y d l x d j o h n s c g h b t u s w z u m s q o y k i i d f w f x y a a a y m o i v f h j l r w y a x a w g e u r b r n b e r a z s x t k a q u e h j f c
char 93 40 l j h e h j o b m a r g u q w s o k l d z s c s f a c x f z x f j q o v e r s c
int 58 76 6 63 49 20 56 33 66 55 57 21 61 1 60 16 63 38 78 97 34 88 99 70 99 15 66 65 32 74 78 37 0 48 93 58 57 71 58 82 17 65 6 20 12 4 2 97 36 43 16 78 6 24 15 73 60 78 36 19 8 88 82 21 16 23 12 86 70 66 42 68 58 76 62 46 81 53
double 92 50 0.0 3.6 0.0 6.6 9.2 4.6 6.4 0.3 8.1 5.2 0.9 3.3 2.2 8.2 8.9 4.2 0.4 6.9 4.0 3.6 6.5 0.5 1.2 7.2 2.6 5.5 2.5 1.0 5.6 8.8 4.6 6.8 1.4 1.3 9.6 2.6 6.5 8.5 8.1 2.9 5.6 8.8 1.6 3.8 9.8 1.5 9.9 2.2 3.3 6.8
char 61 40 f q q x v l l v m t z h f m b e z p l h q a k b m m v a f q y x j y e x d s s w
bool 49 91 1 0 1 0 0 0 1 0 1 0 0 0 1 1 1 1 0 1 0 0 0 0 0 0 1 1 0 1 1 0 0 0 1 0 1 0 1 0 1 0 1 1 1 0 1 0 1 1 0 0 0 1 0 0 0 1 0 0 0 0 1 0 0 1 0 0 0 0 1 0 1 1 0 0 1 0 0 0 1 0 1 0 0 0 1 1 1 1 0 1 0
double 29 49 8.4 8.0 7.2 5.2 4.3 6.9 3.5 8.3 1.7 4.4 0.8 3.2 7.9 9.2 5.9 2.1 5.2 0.3 2.1 2.5 2.8 4.1 7.7 2.5 8.2 1.1 7.8 6.1 9.6 5.5 5.4 2.7 0.6 3.4 4.7 1.9 6.5 8.3 5.2 8.3 4.6 7.4 5.0 6.2 7.8 0.7 5.6 4.7 2.3
bool 40 8 0 1 0 1 1 1 0 1
int 61 33 0 86 67 78 50 38 41 95 9 3 87 19 55 82 99 70 22 67 99 57 39 42 42 80 51 2 59 20 51 34 28 39 55
bool 78 60 1 0 1 1 1 1 1 0 1 0 0 0 1 0 0 1 1 0 0 0 1 0 0 1 0 0 1 0 0 0 1 1 1 0 1 0 0 1 0 1 0 1 1 0 1 0 1 0 1 1 0 1 1 0 0 1 1 1 1 1
double 70 64 8.4 1.1 8.3 7.1 5.2 6.4 5.2 1.6 6.0 3.4 5.6 9.5 8.8 3.1 4.8 8.5 4.8 5.4 9.5 3.4 5.2 6.8 2.6 0.9 4.5 8.7 6.2 2.4 1.9 4.2 9.0 8.4 4.3 3.0 3.3 8.9 1.0 3.7 1.2 4.5 0.8 4.6 6.0 0.5 4.1 1.3 7.5 4.5 6.2 9.5 8.0 0.5 3.6 7.9 2.4 2.0 8.6 5.3 6.7 3.2 5.6 1.9 7.2 3.3
char 89 49 f h d w h p q a f i p c f h v t h c r q r x r p f k c t i j g d k p q s k w w o i r i p g x y o r
double 59 39 9.0 3.9 0.1 0.4 4.0 7.3 2.2 3.1 8.2 0.6 2.0 7.1 5.8 1.9 5.5 2.4 3.4 1.8 7.2 5.6 8.4 0.0 4.6 4.8 0.3 1.5 5.9 5.6 7.2 7.4 3.4 9.2 1.7 1.5 5.9 6.4 0.9 4.7 3.0
char 9 74 e h n c p b p m i v e z z h k l q x a p l w u m k p m y c k n b u z g g f k o q r e z g c t q i q o f q f q t s s f w u q b y s r t f w p o y q e d
double 58 21 2.3 0.1 4.3 7.0 5.7 5.5 3.7 9.1 8.2 9.0 6.7 8.7 3.5 1.5 9.8 1.9 1.3 7.4 9.6 6.4 2.3
double 43 84 1.6 1.5 6.0 2.9 6.6 8.3 0.8 0.5 5.0 6.9 4.4 8.9 6.9 9.2 1.9 3.2 8.2 8.2 6.9 1.9 3.2 9.2 0.2 1.7 2.6 6.0 1.1 8.7 9.8 1.1 3.2 5.6 1.9 4.6 1.0 7.5 0.9 3.9 7.3 7.2 5.9 8.1 3.0 4.0 4.3 4.5 8.7 0.9 1.4 4.6 2.7 7.7 5.6 4.8 8.8 8.6 4.6 4.7 6.6 0.6 2.5 0.9 5.4 2.4 7.8 4.5 7.4 6.3 8.5 9.3 0.3 6.1 1.8 1.2 8.8 7.4 4.3 3.7 9.3 6.2 1.4 3.9 6.7 0.9
double 67 6 5.5 2.4 9.3 4.5 2.4 1.8
int 82 47 51 35 41 24 99 32 44 7 55 28 74 97 14 99 92 55 72 28 97 48 94 8 7 26 89 9 45 97 15 81 96 64 51 17 48 14 10 63 73 3 94 33 7 67 38 15 47
bool 40 95 1 0 0 0 0 1 1 0 1 1 0 1 1 1 1 0 1 0 1 1 0 1 0 0 0 0 0 1 0 1 1 0 0 1 0 0 1 1 1 0 1 0 1 1 0 1 1 0 1 1 1 1 1 0 1 1 0 0 0 0 0 0 1 0 0 0 0 1 0 0 0 0 1 0 1 0 1 1 0 1 0 1 1 1 0 1 0 0 0 0 1 1 0 1 1
bool 74 77 0 0 1 0 1 1 0 1 1 0 0 0 0 0 1 0 0 0 0 1 1 1 0 0 1 1 1 0 0 1 0 1 0 1 1 1 1 1 0 0 1 1 0 1 0 0 0 1 0 0 0 1 1 1 0 1 1 0 1 0 1 1 0 1 0 1 0 0 1 0 0 1 1 1 0 0 1
double 6 69 8.6 6.6 7.8 2.9 2.7 0.3 7.6 2.0 5.5 5.0 6.6 1.7 0.4 4.3 2.1 3.3 2.3 4.2 9.1 3.0 7.7 1.2 8.1 6.5 5.9 3.3 5.6 4.6 3.5 9.5 6.7 7.4 8.9 8.9 2.9 4.1 5.5 3.4 5.5 1.6 0.8 5.0 7.9 7.3 4.7 6.5 8.2 2.4 3.9 5.5 1.6 5.2 6.5 4.0 6.6 8.6 9.8 3.3 7.7 3.3 3.3 4.2 6.0 8.3 8.4 1.3 8.5 6.3 8.2
double 5 87 5.0 4.2 2.7 1.5 8.6 4.9 9.1 2.4 3.2 3.3 9.3 7.4 5.3 5.8 8.0 9.8 5.7 2.6 3.0 8.7 3.9 0.7 4.7 1.1 9.7 5.1 5.9 4.5 3.6 0.8 9.5 1.2 5.0 2.6 4.4 6.1 7.1 6.4 0.3 4.0 4.5 9.9 7.2 4.5 3.5 5.3 3.2 6.8 7.5 6.8 9.2 1.7 6.2 6.5 1.3 7.0 5.3 1.6 2.1 0.2 2.9 5.7 4.3 5.5 4.4 4.9 2.9 9.7 2.2 6.5 7.2 0.5 7.7 9.8 5.0 3.7 8.5 5.4 5.6 5.3 9.9 4.6 2.3 7.5 8.8 9.6 9.6
int 34 73 79 3 44 17 76 4 95 30 74 89 27 3 86 74 18 21 82 61 52 3 88 44 42 89 7 37 98 52 82 91 89 34 62 98 36 67 51 85 83 76 33 26 11 99 71 70 18 96 48 21 96 54 61 76 48 76 91 28 32 29 73 70 85 70 29 90 94 4 40 33 78 70 55
char 96 73 g t m s i l k z f z w d b q r n e h h b p q k q e x o w y r v h l s u q s p z g g z v j s e y i k i k z o q h z y u z z v d s h k g r z v j a m j
char 58 58 x b u x x w l u e l a u k o a t g o n w v w l m v p d m j w n n u z s p q r p i y q w r t t s n m d z n d h w g p r
double 88 22 7.7 8.7 3.3 5.4 9.7 2.8 5.5 1.9 0.2 4.6 8.9 8.2 5.7 4.3 5.5 5.6 7.4 9.9 2.0 6.4 9.4 9.2
int 28 60 9 1 70 14 42 62 37 91 34 6 60 12 77 54 71 11 82 49 48 95 6 37 20 33 47 84 9 43 83 96 97 47 87 16 90 19 82 64 82 21 83 63 38 69 58 63 97 70 40 0 10 16 69 88 97 55 18 51 61 45
double 73 50 1.9 9.8 1.7 2.1 4.5 2.8 5.1 1.6 8.1 1.7 2.5 3.1 6.1 3.1 5.3 2.0 2.4 8.8 6.9 6.2 3.4 5.7 8.0 8.7 7.9 2.7 4.9 8.8 8.9 2.7 4.8 7.2 2.4 4.2 5.6 2.3 2.6 9.6 3.3 7.4 5.1 6.6 3.8 8.9 1.1 2.5 4.6 1.5 5.3 1.8
int 13 73 33 94 19 42 61 39 16 78 46 26 13 45 6 11 7 39 3 40 18 38 70 67 50 66 95 80 11 26 80 50 22 51 9 95 14 95 87 89 31 21 87 3 50 83 10 44 69 76 75 6 0 15 44 6 29 24 32 15 27 65 65 24 37 4 86 26 61 79 55 14 47 11 19
char 27 53 x n t o h v f q v g c e v g y e f j k n q f y w m r j u q e g w q j a p u t s j n b z m x y o s j t e q x
char 18 0
double 83 74 4.3 0.8 4.7 6.4 6.1 7.2 6.7 8.3 9.3 4.4 1.0 1.0 3.0 8.4 0.0 0.9 2.1 6.5 3.8 6.9 0.9 2.1 2.8 4.1 9.2 2.9 9.3 6.7 2.5 7.7 4.8 1.5 9.9 9.9 2.0 1.7 5.3 3.4 5.0 5.8 9.4 9.1 2.5 4.0 5.4 0.5 5.8 2.1 7.8 9.4 7.7 7.3 2.5 0.6 2.8 8.3 9.9 6.7 3.9 8.2 9.4 4.5 5.2 8.4 6.3 5.5 4.0 1.8 2.2 2.6 1.7 0.9 4.5 4.2
double 5 86 9.1 5.6 1.0 9.5 4.1 4.1 0.5 4.0 8.2 0.5 4.0 7.7 6.8 8.2 9.0 1.3 8.0 1.5 4.2 7.2 1.7 0.3 5.9 6.9 0.6 1.3 7.7 0.4 1.2 7.1 8.7 8.7 5.2 5.3 5.4 7.8 9.6 3.3 9.3 1.7 7.6 0.5 8.6 2.5 5.9 1.3 7.2 6.1 7.9 8.5 3.6 0.7 7.3 2.4 2.9 5.7 8.8 5.0 7.5 4.1 1.7 5.9 1.5 4.5 5.5 2.6 0.9 7.9 2.4 6.1 7.4 0.4 9.9 7.7 0.5 4.5 1.2 3.7 7.2 5.0 3.3 3.8 7.4 7.5 5.0 5.3
bool 83 74 0 0 1 1 1 0 1 0 0 1 1 0 0 0 0 1 1 1 0 0 1 0 0 0 0 1 0 1 1 0 1 1 1 0 1 1 0 1 0 0 1 0 0 1 0 1 1 1 1 1 1 1 0 1 0 1 0 0 0 1 1 0 1 0 1 1 1 0 0 0 0 0 1 0
bool 42 25 0 1 0 0 1 0 1 1 0 0 0 0 1 1 0 0 0 1 0 1 1 1 0 1 1
double 60 74 1.8 9.2 0.5 7.6 5.6 0.9 9.2 3.8 1.8 3.0 4.0 9.8 8.5 0.1 2.5 6.1 1.4 4.4 0.2 5.8 5.1 1.9 2.6 1.8 1.3 0.1 4.0 4.0 4.6 9.6 0.9 7.3 2.5 5.5 9.6 9.2 9.7 2.1 5.7 0.6 0.4 7.2 8.8 2.0 6.6 7.9 2.3 5.3 3.6 6.4 9.9 3.3 0.9 2.0 0.0 2.6 7.8 1.2 8.9 0.6 7.6 2.4 1.4 6.9 3.6 6.2 7.3 8.1 6.2 6.5 1.0 5.2 9.5 6.6
bool 21 47 1 0 1 1 1 1 1 0 0 1 1 1 1 0 1 0 0 0 0 1 1 1 1 0 0 1 1 1 1 0 0 0 0 1 0 0 0 0 0 0 0 0 1 1 1 0 1
bool 13 57 0 1 1 0 0 0 0 1 1 1 0 1 0 0 0 1 1 1 0 1 0 0 1 1 1 0 0 1 0 0 1 0 1 1 1 0 0 0 0 1 0 1 1 0 0 0 1 0 1 1 0 1 1 1 0 1 1
bool 51 27 0 0 0 0 1 0 1 0 1 1 0 0 1 1 0 1 1 0 1 1 0 0 1 1 0 1 1
char 9 87 i a f d l o o t h l k j u p i i b l z p y u f w a z r u w n j l j c d s b h c k r m h d h c k f l f i l y b u p w s t y n d a k u o o j z r i s a c p r j g o j p w a d l b i
int 67 79 49 56 48 4 89 68 32 43 54 86 57 52 80 26 99 3 76 27 65 74 20 95 58 55 0 46 79 0 92 27 49 68 19 59 40 8 99 42 80 56 26 0 87 59 56 30 11 96 22 25 1 95 3 14 22 35 97 71 37 26 30 53 34 30 95 54 21 88 49 21 94 86 54 19 36 97 34 40 19
char 44 88 n o i j y m g f n l n k s p f b l d o y y i i g e l t t u k l b o w y q r t f q d t j b h o i d g a n q i b h e y z i m f k b r g e h p p k d l m w p z e o u y x p t e t f g g
double 9 6 0.1 3.9 3.7 4.2 7.6 9.0
int 83 79 5 8 78 63 77 76 28 12 60 62 50 89 43 25 40 10 34 63 43 11 38 39 16 31 73 46 43 94 88 44 22 98 1 22 57 12 46 3 28 43 2 8 83 13 51 16 45 95 44 0 92 2 15 70 96 54 93 0 22 73 61 31 75 43 22 81 78 49 41 92 58 11 87 64 91 35 35 14 74
double 57 66 4.0 5.5 3.5 1.0 5.4 7.8 0.6 0.7 0.5 6.7 0.7 7.2 8.6 7.7 0.2 5.8 3.3 0.7 2.3 7.1 3.5 6.3 6.2 8.9 5.1 6.1 0.4 2.5 1.1 6.0 2.8 9.3 5.0 9.2 2.3 4.7 8.8 8.1 8.7 1.2 0.9 2.7 3.8 9.5 5.7 6.2 0.1 7.0 5.6 8.0 9.4 8.7 0.5 3.7 8.7 3.5 8.0 6.2 5.2 7.2 6.1 2.5 8.0 7.9 2.7 7.2
char 39 21 m p g i p k u z y j w x x p e x r n g f a
int 41 75 79 22 97 1 74 12 36 76 84 94 33 33 87 44 98 22 61 48 23 89 92 0 22 87 61 42 15 73 54 43 13 97 21 13 19 85 32 48 2 55 67 15 22 96 83 38 75 71 16 95 90 8 52 45 52 38 41 32 62 52 45 39 5 31 94 30 20 4 77 44 68 36 90 56 76
double 29 1 2.7
int 42 97 97 19 6 84 81 60 10 50 84 46 62 74 83 50 30 2 38 32 10 66 50 23 74 22 86 21 27 13 84 95 96 14 67 15 45 76 90 23 62 34 75 81 64 29 33 51 32 29 67 85 72 54 79 72 86 2 70 29 85 3 48 3 66 99 70 50 92 88 74 24 76 29 50 64 44 4 45 60 25 90 43 35 70 4 99 8 63 7 50 14 22 78 21 4 52 74 59
double 18 75 6.4 4.0 3.8 4.7 1.2 5.0 1.8 3.6 9.7 5.7 0.5 2.5 7.1 5.7 3.7 9.3 6.4 1.5 5.9 0.1 2.0 3.5 3.5 7.7 0.4 5.9 6.2 9.6 6.4 8.1 6.3 5.5 6.7 4.4 9.5 9.3 1.5 0.2 8.3 6.6 8.9 7.5 9.1 1.7 1.0 5.3 1.6 4.2 5.1 0.8 9.8 9.7 2.6 2.5 1.5 0.1 4.5 4.3 1.9 6.4 4.2 5.5 4.4 9.1 5.2 5.1 4.5 6.8 6.2 1.8 2.2 8.2 4.5 6.3 5.8
int 38 83 52 79 64 96 6 33 53 57 3 12 98 71 91 67 73 22 22 66 14 13 50 62 69 38 71 2 40 7 84 5 13 34 16 50 39 51 77 12 52 99 91 52 34 7 48 39 20 89 71 0 16 46 19 13 14 81 93 49 27 91 20 82 19 27 23 44 68 52 17 66 17 13 37 83 34 24 76 92 32 30 7 16 71
int 70 88 45 15 68 3 17 55 17 41 48 31 10 3 88 9 29 32 57 60 40 84 41 70 14 58 52 87 12 75 48 73 64 90 96 6 68 3 88 81 31 76 44 6 25 57 41 69 89 74 20 19 60 59 24 42 43 55 82 46 11 21 10 17 28 46 61 96 28 3 25 34 46 3 17 57 99 32 58 94 39 83 29 10 87 48 77 58 98 59
bool 75 93 0 0 1 1 1 0 1 1 0 1 1 0 1 1 0 1 1 1 0 1 0 1 1 0 1 0 1 0 1 1 0 1 0 0 1 0 1 1 0 1 0 0 0 1 0 0 0 0 1 0 1 0 1 0 1 0 1 1 1 1 1 0 1 1 0 1 0 0 1 1 1 1 0 1 0 0 1 0 0 1 0 0 0 0 0 1 1 1 1 1 1 1 0
int 28 10 46 5 95 91 9 52 11 47 46 57
char 58 37 i h p s e s z z m i l u m j d h e j k l r w p u v f m e c p p z d h e y g
bool 23 27 0 0 0 1 0 0 1 1 0 1 0 0 0 0 1 0 0 0 1 1 1 1 0 1 1 1 0
char 28 23 p r h s g s n i v t v y f k m i y w c y k s u
char 18 15 u o e t p v j h w m c s q a d
bool 66 94 0 0 1 1 0 1 1 1 1 0 0 0 1 0 1 1 0 1 1 0 1 0 0 0 0 1 1 1 1 1 0 0 0 1 1 0 1 0 0 0 1 0 1 0 1 1 0 1 0 0 0 1 0 1 1 0 1 0 1 0 0 1 0 0 1 0 0 0 1 0 1 1 0 0 0 1 0 1 1 0 0 0 1 1 0 0 0 1 1 1 0 0 1 0
char 10 33 s e f y u t x r z m c d q y v l t q f y r x h e y i e c g v y s h
int 20 24 9 26 12 39 18 81 41 90 11 87 95 70 43 88 28 1 5 56 80 50 80 53 97 42
bool 8 88 0 0 1 1 1 1 0 0 0 1 1 1 0 1 1 1 0 0 0 1 0 1 1 1 0 1 0 0 1 1 0 0 0 1 0 0 1 1 1 0 0 1 0 1 0 0 1 0 1 1 0 0 0 0 1 1 0 1 1 1 1 0 0 0 1 1 0 1 0 1 0 0 0 0 0 0 0 1 0 1 0 1 0 1 1 1 1 1
int 92 32 88 68 63 4 88 27 58 86 79 77 40 7 81 3 24 90 69 32 2 68 88 24 23 18 40 60 63 84 34 46 35 51
double 56 41 1.4 8.1 7.2 8.8 9.8 3.2 7.1 0.8 9.3 3.3 7.9 0.0 7.9 3.6 4.0 9.6 4.5 7.0 1.7 9.8 6.9 7.7 6.6 4.9 6.6 7.5 4.6 5.6 5.7 6.6 5.0 2.9 8.9 5.6 1.6 5.8 5.5 7.6 5.5 5.2 8.1
int 44 46 13 37 17 46 57 71 52 97 27 60 75 17 91 58 8 24 75 40 8 38 77 67 29 45 73 42 57 84 80 4 93 19 48 85 74 83 16 80 18 26 11 85 83 46 28 27
bool 87 54 0 0 0 0 1 1 0 0 0 0 0 1 1 1 0 1 1 1 0 0 1 1 1 0 0 1 1 0 1 0 1 0 0 1 1 0 1 0 0 0 0 0 0 0 1 0 1 1 1 0 1 1 1 0
bool 76 56 0 0 1 0 1 0 0 1 0 0 0 1 1 1 0 1 1 1 0 0 0 1 0 0 0 1 1 0 1 1 1 0 0 1 0 0 1 0 1 0 0 0 1 1 0 0 0 0 0 1 1 0 0 1 1 0
char 38 72 k f y i z p d x y v t p a g e p t q a j c v z i z c c u x s p z d g m c h n x l o y m o f l n b r t k v x w k v c o v w d h g k m u n e q l i r
bool 20 52 1 1 1 1 0 1 0 0 1 0 0 0 1 1 0 0 0 1 1 0 0 0 1 1 0 1 0 1 0 0 0 0 0 0 1 1 1 0 1 1 0 0 0 0 0 0 0 1 0 0 1 1
int 20 85 21 82 60 72 70 75 44 10 41 82 44 70 37 5 40 80 52 14 53 47 14 46 10 35 11 47 60 98 48 92 78 80 68 33 9 12 86 82 93 16 25 84 64 12 23 62 47 69 39 74 57 14 19 32 30 90 57 78 29 89 64 29 58 75 9 22 11 60 70 33 35 90 82 90 79 12 14 13 40 21 68 92 2 12 59
int 74 74 90 20 64 94 92 9 72 29 90 6 23 12 94 20 80 86 73 85 45 21 58 90 39 84 87 64 84 18 49 20 3 35 58 77 47 30 28 79 58 27 19 84 94 22 35 98 21 95 87 27 66 43 69 99 56 56 63 20 46 16 25 70 59 7 97 70 11 6 99 65 58 58 77 52
int 69 27 38 74 82 6 79 52 0 77 63 88 52 70 37 70 67 84 61 90 1 69 24 33 89 58 50 86 34
char 77 31 e x l s a u k q y s l y h d y a y f p n k r e r j r u l i w u
double 93 60 2.5 6.0 8.9 5.9 0.0 2.1 7.4 4.2 6.2 2.9 9.5 9.4 3.0 7.5 8.3 3.6 1.4 4.9 1.1 9.1 6.2 0.7 5.1 2.3 2.9 4.2 9.0 6.0 9.0 4.7 4.5 4.7 1.3 1.7 1.1 9.4 5.4 1.5 8.3 8.8 9.0 9.8 7.8 6.7 1.3 5.9 2.8 6.2 5.1 7.2 8.5 9.3 6.5 5.3 6.4 0.3 7.1 5.7 6.6 2.2
char 40 71 k y r b g j l u u y x f u a t z f l y f k p r y u j a l i t s w c w k x d o i e r i u e c f p n c c m y f g j g s o w r f t j q a r u u n x y
double 48 53 1.4 7.8 4.6 9.1 0.4 9.9 6.4 4.9 3.4 3.5 7.1 7.2 3.7 5.5 4.2 9.5 4.7 7.5 0.8 6.3 4.6 6.3 9.2 0.3 9.2 0.1 5.0 5.2 7.7 1.7 1.2 9.0 2.1 2.9 1.4 6.4 3.6 1.1 4.2 8.0 8.0 3.1 4.0 1.8 6.2 0.5 2.9 3.5 1.1 7.5 1.9 6.1 5.2
bool 10 95 0 0 1 0 1 0 0 1 1 0 0 1 0 1 1 0 1 1 1 1 1 1 1 0 0 1 0 1 0 1 1 0 0 1 0 0 0 0 0 0 0 1 0 1 1 0 0 0 0 0 1 1 1 1 0 0 1 1 0 0 0 0 0 0 0 0 0 0 0 1 1 1 0 0 0 1 1 0 0 0 1 1 0 1 0 1 0 1 0 1 1 1 0 1 1
char 10 15 b s b z e l l w b a x t o i m
bool 26 70 0 1 1 1 1 1 1 0 1 1 0 1 0 0 1 0 0 0 0 0 0 1 1 1 1 1 0 1 0 0 1 1 1 1 1 0 0 0 0 0 1 0 1 0 1 0 1 0 0 1 1 0 1 0 0 1 0 0 0 0 1 0 1 0 0 0 1 0 1 1
bool 62 57 1 1 1 0 0 1 0 0 0 0 0 1 1 1 1 0 0 1 0 1 0 1 1 0 0 0 1 0 1 0 1 1 1 1 0 1 0 0 0 0 1 0 0 1 1 1 0 1 1 1 1 0 1 1 0 0 0
char 4 66 n v v k o b p l o d a c o y c l r z c g x u t p e c q f u v l j z d a d j s x h m i v k b x p q f v v z n n r c o k m p d c g v m n
int 35 4 23 2 77 86
int 26 51 25 1 31 90 93 28 35 0 60 59 62 60 64 93 37 24 46 41 37 42 14 36 78 76 1 20 31 56 25 89 48 0 45 4 53 85 46 10 50 80 17 69 29 66 69 85 32 12 31 2 75
char 34 15 a n m j j t h e a y g x h n q
bool 88 10 0 0 1 1 0 1 0 0 1 0
