int 10 postorder 102 836 893 956 420 958 828 994 95 395
int 12 preorder 394 132 492 77 928 330 927 868 194 256 302 600
int 12 preorder 947 608 438 721 753 7 724 902 361 895 632 198
int 13 preorder 894 509 895 682 919 464 656 832 376 861 405 811 177
int 16 preorder 618 924 383 896 532 274 452 731 786 644 577 497 768 173 901 963
int 17 preorder 474 62 763 801 919 497 538 130 721 835 553 539 920 488 394 997 126
int 18 inorder 960 869 219 656 135 234 179 813 968 41 630 546 713 682 804 754 404 690
int 21 inorder 829 721 372 987 378 275 299 165 398 824 73 574 186 416 487 466 649 898 386 76 136
int 22 inorder 727 742 365 474 186 210 934 497 469 655 950 898 587 199 105 520 364 145 489 470 844 113
int 22 inorder 451 50 987 424 9 241 348 861 69 562 896 52 240 469 641 942 607 258 542 934 198 640
int 23 preorder 515 762 772 695 63 777 346 676 261 349 33 943 218 325 399 477 699 413 569 690 729 265 229
int 24 postorder 436 868 259 465 675 84 362 68 583 899 13 859 956 522 395 252 572 759 503 328 851 632 621 870
int 25 preorder 651 977 367 5 623 873 639 935 806 62 458 636 526 152 440 896 76 493 352 899 742 548 522 371 773
int 27 postorder 169 571 739 74 7 381 540 378 541 208 710 628 191 72 533 898 966 341 253 889 412 773 636 212 674 297 446
int 29 inorder 970 988 475 51 678 78 720 286 666 386 280 296 891 110 67 314 298 912 839 461 702 624 374 636 165 309 771 766 326
int 29 postorder 285 733 210 899 565 621 592 887 545 778 496 743 801 582 595 101 588 405 833 312 804 118 835 3 248 567 422 318 454
int 30 postorder 493 677 360 240 172 862 309 8 761 795 192 972 664 540 952 189 138 27 895 137 142 139 754 552 253 402 752 611 621 928
int 30 preorder 133 476 828 826 896 437 985 674 209 331 315 190 521 646 203 665 745 178 805 636 755 197 21 527 487 705 66 844 109 948
int 31 inorder 472 162 137 536 679 20 868 464 933 823 414 603 186 476 274 369 124 516 903 546 191 794 125 734 950 92 377 727 946 730 19
int 31 postorder 534 107 376 719 538 629 839 923 882 97 336 668 159 35 480 461 44 123 65 364 262 656 827 146 953 67 40 258 280 42 456
int 32 preorder 180 775 97 417 817 332 384 288 844 803 218 859 407 941 433 934 202 612 788 111 710 511 456 870 500 946 345 655 159 405 959 776
int 32 inorder 10 165 611 19 203 169 353 400 441 944 693 547 657 342 409 384 552 467 285 894 269 465 784 903 511 916 144 530 888 50 406 833
int 33 inorder 762 242 772 212 931 552 944 632 795 718 956 33 711 414 965 691 740 945 733 19 583 699 138 764 925 397 122 954 716 448 867 275 152
int 34 preorder 458 898 430 780 925 802 566 997 73 931 72 50 231 762 129 574 166 618 291 805 826 68 463 135 26 929 747 255 390 508 414 985 863 627
int 38 postorder 441 496 588 903 480 898 617 894 501 711 754 65 327 721 657 960 626 51 408 77 732 206 624 708 114 733 662 21 982 307 75 255 158 205 308 652 931 69
int 38 preorder 858 244 323 225 260 815 345 674 790 25 646 899 735 43 774 635 587 912 551 415 393 766 761 348 495 577 75 37 732 71 174 573 581 737 396 316 793 969
int 39 postorder 302 268 56 621 740 388 968 483 327 929 510 902 885 610 881 783 235 41 705 233 864 128 749 52 390 416 562 282 30 797 914 811 346 854 772 956 176 484 430
int 39 postorder 444 874 28 142 101 336 318 703 785 432 908 650 807 201 577 274 482 680 919 352 68 127 110 747 178 562 741 441 305 939 55 734 301 296 404 530 424 416 709
double 40 preorder 3.96 9.41 0.81 3.22 6.48 7.7 3.79 2.28 8.9 2.15 8.19 9.53 9.92 6.84 3.28 6.97 3.09 2.59 8.92 5.91 0.49 1.54 4.92 8.74 2.04 4.71 2.31 3.83 4.84 7.48 6.37 3.53 4.66 1.57 8.03 5.64 1.19 4.04 7.14 3.97
double 42 preorder 8.02 2 3.54 4.54 3.94 6.43 5.59 6.88 8.32 4.59 0.75 7.26 9.23 4.81 0.62 1.14 4.04 1.47 3.13 4.14 4.5 9.11 4.28 9.65 2.27 5.8 4.44 6.64 9.45 2.01 3.59 0.88 6.32 8.75 8.38 5.31 9.93 3.71 2.39 1.42 9.66 9.51
int 43 preorder 814 832 754 193 354 949 382 730 298 560 102 937 244 645 717 359 624 818 291 906 639 479 340 672 557 109 471 898 568 772 91 33 846 261 489 687 39 273 239 217 587 961 461
int 43 inorder 426 765 170 566 897 228 174 155 917 790 114 153 923 708 714 238 856 857 428 853 392 894 762 471 740 119 966 764 888 282 450 367 1 840 48 956 724 833 242 991 294 719 248
int 43 preorder 66 607 8 767 199 902 878 47 254 562 828 486 605 258 649 624 692 895 390 129 597 728 545 801 633 646 984 980 39 837 550 893 881 602 19 135 222 818 647 763 997 270 993
int 43 inorder 943 202 4 993 53 172 3 684 595 582 624 160 453 234 241 655 803 384 796 860 347 728 213 61 770 362 45 578 904 950 814 152 236 697 980 970 278 33 159 434 16 253 547
int 44 postorder 122 448 591 938 830 128 598 32 297 893 237 167 856 508 352 839 919 223 225 417 964 502 384 486 158 810 507 505 906 61 883 160 11 523 480 347 550 887 422 688 27 163 754 871
double 45 preorder 5.93 8.39 5.73 0.18 5.85 2.47 2.2 2.5 7.14 5.95 1.54 4.87 7.3 2.69 2.86 4.14 2.89 5.35 5.44 7.17 1.92 0.72 4.09 6.82 5.1 5.62 3.24 2.09 1.66 7.09 6.94 3.17 8.2 2.22 9.66 1.02 4.8 1.7 7.38 2.53 5.56 1.85 4.75 8.95 0.93
double 46 preorder 1.01 3.95 9.24 0.43 3.44 8.55 4.13 1.59 0.17 8.43 7.72 5.03 0.21 3.54 2.83 1.71 2.56 8.27 6.2 5.69 8.63 4.83 8.44 7.4 2.11 8.98 4.87 2.34 4.16 3.87 3.53 7.41 2.46 0.24 2.77 8.29 1.22 0.98 3.79 0.73 9.08 5.36 3.69 1.46 0.28 6.95
double 47 postorder 9.97 6.28 8.72 0.9 0.21 7.8 5.67 9.05 2.41 6.73 6.19 7.72 0.89 4.92 0.54 9.58 8.91 6.91 9.63 8.79 0.72 1.86 3.53 5.24 9.66 6.39 5.98 3.25 3.44 5.43 7.51 1.55 4.25 5.62 7.67 7.49 1.54 0.08 1.41 0.55 4.56 3.09 0.64 9.82 5.68 3.36 1.63
double 48 inorder 3.31 8.7 0.56 7.9 6.2 2.37 0.64 1.13 2.65 6.47 1.77 9.88 8.75 5.82 3.52 3.78 5.59 6.85 6.76 8.13 4.71 1.59 6.21 2.36 3.99 2.19 8.41 6.67 2.45 4.83 9.5 6.41 5.74 1.28 6.26 3.71 5.34 9.77 6.98 6.72 6.87 3.7 2.18 7.09 3.18 3.44 6.01 3.13
int 48 inorder 322 258 498 35 434 758 672 158 663 529 633 894 534 626 914 59 833 170 661 53 700 649 763 25 464 436 551 294 346 445 993 79 569 875 119 327 528 50 512 595 937 845 907 293 877 483 405 859
int 52 preorder 761 614 796 866 895 63 136 453 566 538 68 224 260 354 269 957 426 903 707 258 415 335 294 641 516 100 438 156 499 118 817 639 950 291 308 721 754 565 325 286 262 930 392 889 375 619 654 107 954 961 911 390
double 53 preorder 8.33 5.28 4.6 9.52 2.39 9.01 7.68 7.17 1.05 5.11 5.87 6.01 8.68 5.69 1.04 5.7 2.99 3.74 4.08 0.15 0.16 2.67 4.21 1.19 9.68 2.68 8.76 0.05 6.15 7.69 4.07 1.57 7.48 6.29 7.31 3.92 8.85 1.3 8.16 3.62 9.2 8.36 9.43 8.79 0.74 6.56 1.67 3.11 2.05 9.11 7.82 6.89 2.02
int 53 preorder 180 826 725 513 583 266 148 562 800 571 426 296 14 745 727 464 515 168 216 934 332 394 243 94 875 559 517 535 492 956 935 560 756 890 139 374 341 734 633 231 5 475 431 198 578 715 185 752 760 582 423 396 54
int 53 postorder 433 221 609 837 501 288 778 648 19 215 445 985 7 385 331 921 796 776 314 691 154 234 369 199 339 833 474 136 198 623 52 162 930 940 319 529 165 595 349 41 132 672 661 324 726 44 513 457 494 721 779 592 625
double 54 postorder 6.5 8.9 1.89 2.73 3.55 2.9 9.91 5.96 3.06 1.84 1.61 5.8 0.81 3.18 9.22 4.77 4.33 6.27 3.74 0.69 6.45 0.05 3.98 2.57 4.36 9.15 4.94 0.32 2.91 1.22 4.52 0.39 6.12 0.86 3.04 2.28 7.67 3.08 5.65 7.18 7.17 1.4 7.06 8.88 5.48 9.13 3.71 9.63 8.25 8.84 4.09 6.03 4.19 5.24
double 55 preorder 2.39 4.85 5.24 5.64 9.33 9.88 0.31 8.07 2.7 7.24 0.52 3.84 7.37 3.59 4.82 4.51 7.52 2.93 3.81 8.65 0.44 1.13 0.17 7.69 3.86 8.12 1.85 1.31 1.7 1.26 2.88 7.73 6.17 1 1.33 8.28 9.21 6.56 7.16 9.85 3.58 2.08 5.59 8.16 0.92 8.19 4.24 1.84 1.9 6.02 1.01 9.91 7.51 9.58 2.68
double 55 preorder 0.25 0.72 5.88 4.49 8.52 4.28 2.93 8.61 9.7 1.87 1.97 4.6 4.11 0.21 5 8.69 3.83 4.45 2.89 7 3.98 1.48 3.84 7.79 5.71 6.71 5.26 3.32 4.81 0.49 5.37 2.69 9.8 5.57 6.66 4.62 0.07 1.95 6.45 6.76 7.49 7.86 7.61 8.95 6.81 6.87 8.81 3.85 0.68 8.9 9.55 1.31 6.65 7.3 2.38
int 55 preorder 694 185 702 355 199 523 157 371 99 258 627 650 397 571 680 586 343 584 992 408 906 732 207 816 202 862 774 757 667 7 489 699 814 798 89 129 625 177 638 378 507 449 988 288 963 983 790 352 47 482 494 868 171 721 865
int 56 preorder 163 234 138 983 891 312 125 366 123 450 238 751 715 658 72 861 947 985 90 632 922 364 566 777 574 967 755 638 919 585 630 8 97 468 496 369 209 220 827 382 448 942 54 81 255 290 148 812 657 927 116 643 321 960 131 608
int 57 postorder 226 899 108 75 981 747 73 739 905 993 503 770 460 119 14 98 130 922 457 454 994 349 624 664 714 369 931 89 350 294 236 647 442 635 740 935 99 566 79 808 170 561 537 434 181 379 832 205 101 751 267 529 951 861 882 764 688
int 57 preorder 418 525 879 962 29 919 611 789 412 683 342 640 948 352 269 114 915 792 772 139 276 177 486 673 680 512 928 94 453 147 674 248 260 524 753 393 103 606 887 457 748 275 562 35 872 583 560 102 45 466 427 878 954 834 295 543 545
int 59 postorder 96 542 863 47 475 429 672 907 744 193 314 176 416 113 328 791 604 73 236 590 810 877 676 512 628 767 320 31 828 976 568 731 488 817 947 271 776 677 378 335 890 291 157 57 467 870 195 362 150 280 432 992 946 401 765 517 329 231 254
double 60 inorder 8.94 7.79 0.36 6.89 7.48 3.39 4.49 9.72 6.01 0.78 7.32 2.23 5.47 5.15 1.32 4.6 9.48 5.29 6.2 0.85 4.63 3.09 3.24 1.29 8.76 9.14 7.57 8.38 7.82 4.12 2.9 0.68 3.83 1.12 3.23 2.54 3.78 7.29 9.89 4.31 5.53 6.49 1.42 0.89 3.89 2.94 1.5 4.15 7.46 4.48 7.83 3.54 1.51 9.33 9.32 7.64 7.91 1.87 9.95 6.58
int 61 inorder 678 713 819 1 154 775 246 612 401 337 948 954 38 863 341 67 302 240 222 747 505 292 755 435 835 90 35 99 61 883 259 369 395 647 961 630 9 489 737 969 175 269 105 824 818 501 2 320 136 882 756 926 483 205 806 956 988 550 841 518 403
int 63 postorder 5 651 498 190 969 945 991 361 808 487 766 50 111 915 550 702 901 380 381 508 863 734 131 98 26 117 503 753 164 716 404 11 226 455 880 659 445 88 774 785 955 840 519 253 478 751 292 988 44 129 906 171 95 323 878 167 23 667 1 995 344 419 235
int 64 postorder 398 292 433 691 778 26 331 228 799 894 995 103 34 879 677 539 304 617 729 122 232 205 850 818 875 588 534 386 480 853 802 55 280 438 351 737 243 395 874 650 346 954 666 266 288 989 516 824 366 263 716 147 178 914 286 786 83 804 316 922 289 372 764 19
int 64 postorder 186 418 31 44 148 162 703 936 64 815 105 773 103 763 6 835 381 807 182 197 466 993 151 158 760 939 687 864 862 767 18 551 377 114 943 52 813 613 564 970 644 45 12 514 637 582 255 552 73 941 346 366 339 523 284 909 486 221 609 608 257 42 607 587
double 64 preorder 3.03 8.6 3.19 6.46 5.92 1.04 4.66 2.86 5.24 1.06 5.29 9.69 5.4 4.39 8.08 9.48 8.58 0.52 9.66 0.39 0.74 0.93 5.77 0.58 6.94 6.24 9.95 1.93 6.32 6.2 9.57 9.07 8.32 3.43 9.97 3.07 6.68 4.67 1.17 8.5 3.92 8.31 1.82 0.91 8.44 5.46 3.95 1.52 5.96 4.64 9.12 3.94 6.84 2.57 5.58 7.43 9.59 5.8 4.93 4.44 6.95 2.63 5.98 5.33
int 65 inorder 349 157 510 855 781 893 487 947 928 27 564 765 955 718 543 537 369 685 417 352 825 260 65 565 793 101 364 337 528 192 944 446 181 634 23 811 300 974 649 794 521 530 437 684 354 284 160 599 203 980 321 977 502 727 127 677 871 147 659 619 236 419 809 8 64
double 68 inorder 3.72 5.36 5.31 1.07 7.66 1.41 2.54 4.95 1.95 7.97 4.82 8.47 8.85 0.93 8.2 6.18 7.89 1.75 5.68 3.43 8.1 2.64 2.24 1 9.97 7.7 6.64 3.77 0.24 0.54 1.9 5.59 5.53 9.36 5.32 2.49 1.13 7.62 1.47 2.93 7.38 7.75 4.62 5.21 5.15 8.78 3.59 2.38 5.37 8.25 7.72 2.29 9.14 5.6 3.31 5.8 4.37 7.27 5.76 6.11 2.36 1.26 6.86 5.42 0.84 6 6.19 8.38
double 68 preorder 1.34 5.9 6.8 9.72 1.83 9.61 4.13 1.38 1.18 9.25 9.49 9.22 5.58 8.12 4.02 2.86 8.5 7 8.91 6.84 1.71 2.88 6.04 8.88 0.18 9.17 9.01 2.03 3.37 2.41 8.39 4.49 8.99 0.24 7.46 3.54 6.51 6.86 7.42 4.34 2.3 3.3 6.12 9.39 0.88 4.72 4.97 0.84 0.47 7.54 2.45 5.74 3.63 7.6 9.79 0.26 8.6 2.38 7.95 0.59 9.96 5.34 5.12 5.14 2.28 7.01 2.91 0.16
double 69 inorder 5.8 0.29 9.17 7.41 8.28 8.16 5.63 3.95 2.17 0.7 9.31 1.31 9.2 9.56 0.11 7.8 7 9.23 9.15 5.89 0.14 0.46 8.72 9.84 2.36 9.91 4.39 2.15 6.43 9.94 6.42 7.11 1.85 7.91 3.05 9.87 2.8 1.08 6.05 7.98 0.59 1.97 3.82 3.3 0.79 0.39 0.05 5.59 4.09 8.46 6.85 6.24 2.92 7.82 9.48 5.21 5.37 8.97 6.16 2.75 3.17 4.33 6.58 9.46 5.96 4.22 3.47 9.67 3.55
int 70 inorder 575 653 6 901 280 205 114 393 391 131 590 623 750 215 351 573 106 807 511 503 261 628 520 420 135 798 956 357 182 87 775 561 587 639 923 284 419 462 877 45 878 32 258 955 480 127 512 733 42 900 66 869 176 490 979 763 290 746 65 644 479 757 95 362 231 690 779 151 492 405
double 71 inorder 5.01 6.76 1.9 4.03 9.42 2.99 0.22 6.47 8.4 5.71 3.38 0.16 9.43 4.26 0.97 8.58 6.31 8.5 9.93 2.05 9.56 1.74 2.43 7.57 7.04 7.38 6 0.27 4.05 0.15 7.69 3.9 9.82 4.1 4.13 4.11 9.21 4.72 0.13 4.44 5.88 4.65 6.35 7.1 8.41 3.42 5.61 2.77 6.74 8.67 3.43 3.32 6.99 1.73 9.88 5.63 5.11 9.11 7.42 6.83 0.87 6.32 3.13 2.12 3.39 2.8 5.6 7.28 4.94 1.92 4.55
double 72 postorder 4.54 7 0.81 7.29 2.24 1.09 1.8 9 6.92 2.99 4.66 9.56 2.18 0.92 1.48 9.74 8.02 7.41 0.65 2.3 9.87 3.45 8.63 3.09 3.76 0.24 7.22 6.6 7.9 8.98 3.77 1.08 4.82 3.59 5.6 2.11 3.61 9.45 6.04 9.61 0.44 0.34 3.48 8.78 5.18 8.5 1.05 1.57 8.08 9.89 3.65 1.51 2.88 1.16 4.4 9.62 2.28 0.96 5.06 8.69 6.95 7.26 6.48 2.05 2.77 9.52 0.7 8.9 7.47 4.81 6.96 7.46
double 73 inorder 9.83 0.87 4.2 9.23 2.49 0.23 3.93 9.73 6.94 7.66 6.05 0.38 0.56 7.56 8.44 4.86 4.43 1.82 1.16 0.95 1.26 8.64 5.95 2.64 2.24 1.92 7.33 2.04 4.26 4.79 1.62 2.38 2.4 6.32 7.55 2.26 4.37 3.9 3.08 2.61 3.15 6.17 6.34 7.79 6.21 0.58 9.07 0.89 6.28 1.67 5.43 4.8 3.46 1.07 6.85 6.57 1.85 5.2 1.04 1.09 4.69 6.56 5.45 1.84 0.81 0.07 8.71 9.54 5.85 9.75 6.83 3.85 9.29
int 74 preorder 900 766 415 831 770 952 479 890 474 130 875 176 504 562 454 904 131 15 741 428 605 936 968 65 93 250 611 363 684 51 901 731 983 497 367 919 219 289 883 541 193 4 187 457 824 576 854 269 247 281 521 676 150 122 334 318 162 326 188 233 542 407 558 549 617 674 61 772 221 898 902 588 478 58
int 74 postorder 49 345 833 548 625 554 45 271 80 252 81 194 459 5 50 368 293 789 655 547 303 752 172 631 487 237 636 72 567 830 95 645 44 450 182 132 332 954 255 518 123 743 119 410 352 855 799 657 695 609 344 179 842 651 806 220 298 907 715 180 478 248 408 664 863 883 934 854 693 544 384 71 886 333
double 74 postorder 6.7 3.74 2.08 0.63 3.33 5.11 1.08 2.17 7.6 1.92 9.78 9.31 2.31 4.3 9.6 1.72 4.52 4.2 2.57 8 7.31 0.94 6.73 2.11 5.26 9.36 7.63 5 2.55 9.59 5.29 5.38 5.25 2.63 3.91 0.26 7.11 5.82 1.69 1.7 9.82 4.09 8.32 9.5 2.91 4.17 8.99 6.15 4.65 8.83 4.48 9.55 5.8 1.89 2.38 2.95 2.19 4.1 1.85 5.32 2.83 6.19 5.63 5.6 2.84 4.26 1.76 8.38 0.78 9.06 1.82 0.37 5.35 7.36
double 76 inorder 5.53 3.63 3.73 3.67 4.29 0.14 5.09 9.54 1.9 6.64 6.26 7.49 6.1 2.65 0.02 9.9 3.76 6.71 0.47 1.34 0.2 5.48 4.48 1.44 5.24 6.54 5.59 4.76 2.7 9.12 6.96 4.07 0.77 5.46 2.26 2.37 0.46 7.21 1.55 7.3 7.45 7.13 4.26 7.85 6.65 7.54 5.66 0.17 5.71 3.8 3.74 6.89 6.04 4.51 9.79 6.75 3.85 8 5.3 6.66 5.94 8.38 2.12 0.21 4.84 4.3 2.94 0.52 1.01 0.95 1.75 9.77 2.81 0.88 0.71 8.89
double 76 postorder 8.72 5.02 4.61 6.92 9.36 9.46 6.37 9.63 3.56 3.31 2.08 7.37 8.12 4.59 7.06 3.86 6.22 8.19 4.46 1.66 4.23 3.13 6.43 3.59 4.04 8.43 2.86 4.86 6.32 9.01 2.35 1.49 2.54 1 0.37 1.27 5.82 5.96 7.43 2.48 8.51 8.85 4.31 0.17 1.48 6.45 3.21 3.77 3.15 9.25 7.22 0.89 5.83 7.15 2.88 1.71 1.13 9.55 8.63 1.28 2.09 1.7 9.67 9.93 1.02 9.23 2.66 1.77 0.77 1.62 1.06 7.79 0.05 1.05 1.82 7.78
int 76 inorder 759 400 730 945 564 309 826 861 99 340 944 398 168 854 160 582 485 791 896 849 138 842 628 47 700 930 286 887 637 972 357 25 871 757 824 994 646 983 216 4 237 219 464 981 167 605 539 667 969 472 970 739 365 189 372 521 119 57 247 901 672 222 949 260 448 651 693 892 781 133 535 106 141 770 130 516
double 78 preorder 8.5 0.79 3.48 2.49 4.49 6.05 4.08 8.07 1.34 7.64 1.05 0.74 6.67 6.88 4.05 0.45 0.32 3.86 3.39 4.33 3.43 0.29 8.16 8.69 9.59 8.84 9.08 3.21 3.99 8.19 4.79 4.58 2.97 5.8 5.3 6.16 5.23 9.96 0.22 3.27 0.92 8.63 3.85 9.21 4.86 8.31 3.25 3.23 6.51 4.56 7.7 6.33 5.01 7.34 1.74 3.83 6.06 1.22 4.1 0.03 1.41 6.55 4.92 5.64 6.18 7.89 1.42 9.24 1.61 9.03 1.59 7.52 3 7.73 0.97 4.23 7.24 8.89
double 79 preorder 3.41 0.95 1.79 2.55 2.6 4.46 7.99 2.43 3.67 2.69 5.71 0.27 9 6.61 1.49 2.92 7.43 2.14 4.88 2.53 8.77 1.15 6.1 3.34 3.13 6.27 4.85 1 2.01 3.84 0.59 5.27 0.13 3.28 8.41 2.5 3.16 0.81 3.43 9.42 9.66 4.81 9.95 7.05 5.6 2.8 8.57 4.3 9.82 6.75 4.69 4.58 9.14 5.39 2.72 5.19 6.16 7.23 6.37 1.63 5.97 1.54 2.29 6.71 7.51 3.95 3.03 6.99 1.84 3.25 1.21 1.23 9.78 6.83 4.04 9.77 3.69 9.23 8.24
double 79 postorder 3.15 9.9 4.14 2.98 8.39 7.07 0.98 6.48 7.9 3.06 5.37 1.6 8.46 6.66 4.06 1.53 0.04 9.57 4.33 8.48 8.37 1.36 4.01 5.05 5.24 6.26 5.31 2.38 7.69 5.71 4.9 0.83 6.74 4.99 5.03 2.41 2.99 3.83 5.62 1.38 2.47 1.85 0.41 9.18 8.12 9.69 2.54 8.57 6.58 0.59 9.2 6.01 1.5 9.91 1.59 8.21 9.78 9.92 7.29 2.67 1.86 8.69 3.63 7.75 2.31 4.74 9.41 9.04 2.7 6.12 8.85 0.32 6.18 3.78 9.76 6.75 3.32 8.04 0.76
int 81 preorder 965 41 285 311 403 271 484 117 936 938 177 51 561 83 691 592 535 943 331 858 302 448 552 765 816 493 418 846 94 419 624 277 690 478 517 806 447 543 579 149 657 747 407 441 801 488 740 485 308 346 262 426 170 703 49 31 916 463 73 367 91 283 235 47 515 109 787 40 351 476 412 85 909 284 501 698 777 187 211 200 265
double 81 inorder 0.55 0.86 1.35 4.96 1.21 1.5 3.47 4.83 5.27 3.01 1.41 0.26 4.64 5.77 7.74 2.93 4.3 2.88 2.13 5.08 4.33 4.13 5.47 2.59 3.53 1.3 5.49 5.92 5.72 2.74 7.65 4.92 5.56 3.19 5.97 2.95 8.12 1.24 9.92 5 2.18 9.16 0.46 2.49 5.26 3.4 7.15 7.94 3.81 2.35 7.34 7.12 4.66 7.75 4.95 6.7 2.63 3.23 1.98 1.9 8.49 4.17 5.6 3.55 9.43 6.36 6.96 4.53 8.06 2.85 3.63 1.38 2.73 0.83 9.47 2.61 7.23 9.15 6.09 4.5 6.13
int 82 inorder 131 218 243 329 392 124 191 365 809 823 768 732 759 910 632 504 301 885 835 723 715 907 261 293 435 437 918 741 796 439 442 509 163 653 853 322 434 565 277 53 566 831 558 417 314 667 349 915 206 409 194 930 761 102 800 787 521 867 475 462 445 597 24 152 998 518 838 578 530 513 14 342 554 745 523 555 857 492 75 549 684 46
int 82 preorder 819 912 815 460 637 779 683 904 586 609 330 258 41 410 583 807 765 55 941 654 112 492 385 787 426 666 119 709 734 77 291 217 113 970 975 919 825 994 234 858 386 304 210 169 947 131 175 574 156 988 974 433 744 577 458 480 363 396 684 15 826 714 289 558 719 730 866 70 628 449 359 31 140 582 946 256 165 366 161 540 229 612
double 84 inorder 9.33 8.85 1.6 5.41 4.18 3.55 4.37 5.72 9.53 9.59 7.84 8.01 4.56 5.87 9.83 9.57 2.73 0.45 5.49 8.21 9.58 7.99 0.78 2.29 4.27 7.54 9.35 6.17 6.83 4.3 3.21 6.4 1.55 2.48 0.65 6.05 9.02 9.23 6.39 8.98 7.9 4.11 6.04 8.87 9.95 1.19 0.5 3.29 7.98 7.53 9.72 6.77 2.67 2.2 6.13 6.07 0.04 7.74 7.48 0.54 3.59 8.27 3.25 9.62 7.41 0.93 3.53 8.66 4.35 7.4 6.28 2.05 5.28 7.79 2.56 1.53 8.93 6.47 3.09 2.7 0.11 3.5 6.81 8.16
int 85 postorder 599 573 841 980 447 900 299 291 270 102 687 52 64 471 707 409 601 462 130 263 224 430 149 796 509 970 23 929 163 424 866 407 823 567 360 611 392 367 536 211 483 178 810 742 363 63 7 50 520 322 119 213 105 659 476 34 171 995 161 798 851 132 518 51 370 351 112 268 237 346 156 182 876 273 429 698 396 420 255 561 190 445 555 287 398
double 89 inorder 2.53 0.17 9.3 0.49 4.73 4.16 6.67 9.15 8.14 2.1 8.68 9.72 4.4 0.81 0.3 7.48 0.91 3.94 3.03 0.23 7.85 3.22 5.49 9.53 5.8 4.44 0.86 7.75 7.31 9.05 1.26 2.33 5.52 4.76 7.57 3.17 8.73 4.32 9.67 9.65 0.69 2.21 0.95 2.57 3.19 1.98 4.13 7.77 0.01 9.88 8.59 9.21 1.95 1.96 2.2 0.53 6.2 6.08 0.39 2.45 6.99 8.38 9.74 1.93 7.25 8.96 4.95 6.93 4.92 8.34 1.74 1.75 7.01 4.91 8.71 3.68 7.16 6.24 5.96 5.21 3.81 2.06 3.09 0.44 4.25 1.2 0.38 0.03 8.8
int 90 preorder 809 927 923 789 781 173 393 160 965 906 343 409 39 840 896 303 73 889 265 739 238 678 492 169 235 726 940 497 669 487 702 6 333 243 691 892 763 152 195 877 224 764 879 601 845 226 424 938 771 457 573 272 341 687 989 543 13 888 670 872 186 760 855 757 828 143 415 551 157 7 437 111 826 401 103 258 442 534 536 12 629 432 21 801 56 426 555 654 548 476
double 91 preorder 4.82 7.74 0.97 3.19 7.66 6.16 4.15 4.03 5.15 3.71 3.4 9.33 1.4 5.27 3.38 7.41 5.75 7.24 8.96 0.61 0.71 0.72 5.63 3.01 3.6 6.75 6.7 2.02 6.13 2.73 1.75 0.44 3.73 5.03 2.79 3.33 6.28 4.35 7.29 9.69 4.67 8.65 1.38 7.14 7.18 1.96 1.67 4.13 1.74 4.76 9.28 6.88 3.77 7.81 2.56 8.51 8.81 5.36 5.65 0.91 5.71 3.3 8.46 3.15 0.01 7.08 1.01 6.78 6.9 4.31 9.43 6.4 3.46 2.85 9.22 2.71 2.31 2.43 6.91 2.12 6.83 7.83 2.29 1.54 0.53 4.9 6.04 6.36 9.53 3.47 5.59
int 91 inorder 826 780 796 238 561 67 262 1 762 776 987 706 649 92 360 174 604 838 988 840 313 971 298 885 588 882 430 465 937 678 727 795 14 249 48 606 894 921 414 469 296 397 851 282 111 233 70 188 131 482 540 318 409 605 392 504 281 951 88 750 43 897 746 101 918 154 941 381 268 314 178 411 806 668 569 323 24 508 90 488 616 293 330 574 847 714 914 529 701 594 626
int 92 preorder 106 252 794 136 866 852 72 831 604 361 571 564 310 788 296 187 818 141 763 360 148 319 355 948 311 317 661 313 8 282 580 463 105 940 415 964 192 228 749 803 219 445 431 30 743 894 471 65 453 757 470 627 250 505 542 517 935 901 229 529 642 18 938 274 992 379 432 124 563 175 675 847 488 11 795 778 930 685 160 610 260 109 975 722 920 601 336 595 484 265 988 494
double 92 inorder 2.32 9.94 8.81 5.4 8.27 5.51 7.53 9.58 6.59 7.22 9.72 1.99 3.29 8.47 4.63 7.64 2.31 3.69 3.76 7.16 7.1 4.69 7.49 8.68 2.43 8.13 7 5.74 9.52 4.88 7.42 7.23 5.92 4.03 0.12 4.64 3.52 1.61 3.32 7.04 2.3 4.51 0.01 9.45 6.66 6.93 1.04 7.81 8.19 8.21 1.03 2.89 0.41 6.55 8.96 7.89 5.93 7.32 5.86 8.05 2.87 2.55 9.33 8.87 3.95 6.28 9.24 7.77 0.44 6.14 4.95 6.77 6.86 4.5 2.59 6 5.89 2.4 3.64 7.09 5.91 0.76 2.77 6.04 2.56 7.76 6.18 0.55 8.84 2.17 8.52 5.7
double 95 postorder 6.48 4.81 2.56 6.89 5.8 0.54 8.49 5.22 8.97 5.85 1.92 1.13 0.84 1.98 2.81 0.31 5.96 0.75 0.34 7.45 6.88 2.62 0.5 7.89 1.67 5.7 8.41 8.34 2.01 5.66 0.43 5.45 9.67 7.32 2.3 3.54 6.61 2.09 6.59 2.07 0.02 9.53 1.51 2.12 2.28 2.17 9.7 8.17 9.47 9.79 1.56 2.37 0.61 0.41 3.73 8.95 0.83 1.85 1.5 3.84 4.42 6.45 4.18 5.59 3.8 8.23 6.75 2.31 6.52 4.45 9.27 6.79 7.13 4.73 1.48 9.62 8.42 3.18 0.9 9.52 5.52 5.69 1.2 1.79 9.13 3.34 5.89 1.49 7.74 5.2 7.91 7.18 2.97 8.14 0.29
int 95 postorder 670 47 924 980 510 197 88 687 450 717 861 337 77 236 654 124 988 579 714 810 16 744 535 972 826 894 739 633 966 518 216 632 962 893 287 564 904 417 34 354 175 506 441 951 930 705 937 18 758 530 552 978 716 554 447 43 390 533 463 17 842 671 604 114 144 574 955 78 465 726 741 118 328 65 301 396 482 635 210 339 818 912 641 891 294 313 792 838 3 397 878 952 959 241 531
int 97 preorder 414 138 995 695 345 25 240 292 667 20 376 152 907 764 189 858 121 141 478 850 344 649 733 427 816 466 867 106 839 266 880 602 754 238 459 227 488 95 96 457 925 686 515 204 265 15 526 416 100 124 905 41 679 745 358 676 631 317 665 955 290 369 760 703 174 943 471 776 468 964 648 282 959 113 803 379 634 985 68 595 353 432 60 939 117 887 691 827 796 596 942 663 751 55 324 180 236
double 98 inorder 5.44 0.58 6.46 8.53 9.91 9.12 4.23 0.07 9.84 5 5.86 0.48 7.57 4.12 8.79 6.79 7.08 7.07 1.95 1.24 3.76 3.72 3.02 9.97 9.76 8.5 2.28 7.8 1.74 3.4 6.55 2.72 1.68 7.83 8.38 5.88 3.09 5.97 3.03 4.22 5.18 6.47 2.03 4.26 1.61 9.74 0.33 2.92 5.65 3.53 8.62 1.53 4.48 3.2 7.98 7.5 1.31 1.82 3.14 1.69 5.26 7.36 2.06 2.66 8.74 7.18 6.22 0.84 0.5 1.03 2.56 6.48 9.31 7.78 2.89 1.81 4.13 3.34 0.16 6.11 8.46 9.65 6.7 0.52 0.03 9.16 0.69 8.42 2.8 6.66 0.29 2.85 7.03 0.34 5.39 9.43 6.69 7.13
int 98 postorder 582 671 279 115 581 813 12 154 456 606 834 30 163 668 779 687 891 596 546 799 168 360 872 35 795 796 419 892 970 944 81 676 742 318 215 304 702 556 705 129 275 75 656 436 324 250 88 772 84 442 455 303 369 247 142 664 139 895 53 224 241 328 200 109 762 223 554 703 136 150 77 670 357 331 314 943 117 777 780 465 294 498 208 877 965 29 874 235 899 180 832 39 413 374 234 144 996 453
double 98 postorder 1.15 6.56 3.35 8.4 3.59 6.45 8.38 7.5 3.09 9.92 7.18 2.1 7.98 4.3 2.99 7.76 2.51 3.1 5.01 8.01 1.61 1.17 7.01 5.83 1.56 3.62 4.81 4.26 0.36 5.74 5.51 8.96 2.83 7.45 5.31 3.88 3.74 0.86 1.43 4.97 3.33 4.06 3.38 7.27 0.62 9.75 4.46 6.17 7.77 3.01 3.57 8.61 3.28 3.83 9.22 5.49 7.19 9.18 9.4 9.94 2.67 9.97 4.77 5.94 9.73 1.4 7.02 9.46 3.2 4.53 6.98 8.58 2.98 9.09 6.3 2.58 6.27 7.95 5.65 5.97 3.41 9 1.53 2.35 0.24 9.35 6.35 8.8 9.24 7.05 0.55 6.49 6.28 3.53 3.34 5.24 0.68 5.59
int 102 postorder 152 862 55 647 130 812 224 120 300 58 381 25 241 304 645 815 768 137 922 436 313 581 743 741 296 72 236 400 347 444 451 103 921 306 270 635 168 415 350 128 594 256 874 183 805 791 893 869 981 524 16 345 113 916 426 228 698 136 685 176 710 608 528 351 205 932 107 817 419 211 232 441 318 990 366 180 189 438 850 674 529 276 268 370 187 663 638 854 573 801 562 860 334 887 363 666 17 199 86 29 641 382
int 105 preorder 35 458 275 155 357 801 981 804 27 306 47 996 215 521 648 470 963 881 355 861 64 846 536 911 882 246 227 507 839 732 226 529 950 245 317 191 390 7 939 604 764 58 292 288 570 305 792 283 620 760 686 864 729 86 560 704 547 374 617 369 107 138 923 977 24 160 565 362 284 427 651 543 814 443 59 2 176 710 833 533 714 353 287 616 926 519 635 62 754 122 17 734 1 761 351 752 682 899 958 125 411 175 402 301 240
double 106 inorder 5.57 5.38 1.96 2.74 9.14 6.4 9.69 7.58 6.95 3.57 0.23 1.37 2.04 6.92 3.77 2.35 3.93 3.47 2.27 8.42 1.62 7.2 4.95 6.76 2.22 0.27 2.51 6.72 0.4 3.86 2.99 9.77 8.78 1.93 9.83 2.23 7.69 3.13 1.49 3.15 2.98 5.39 9.48 9.84 5.75 4.56 2.8 1.66 7.65 4.13 2.78 8.62 8.31 1.2 0.92 1.12 8.15 7.88 2.59 5.81 8.79 9.93 5.62 9.66 7.55 2.44 7.73 2.47 7.22 6.06 6.74 6.66 7.91 9.1 8.08 1.73 1.26 6 5.11 0.83 2.41 6.98 4.42 7.28 9.86 3.5 2.49 1.52 4.74 9.74 5.89 5.33 2.63 7.01 0.93 9.85 8.58 3.78 2.15 7.17 8.59 7.93 9.51 4.7 9.32 8.37
double 106 inorder 4.96 8.46 9.51 5.33 4.99 4.24 7.2 3.26 9.53 6.53 1.33 3.63 3.88 1.09 9.69 4.75 0.28 1.75 7.42 6.47 9.49 0.52 5.59 9.71 6.03 3.37 9.35 3.09 1.79 1.63 3.91 6.96 3.83 7.69 9.15 4.27 4.92 6.89 2.89 8.48 1.53 3 8.37 5.31 8.12 0.59 9.97 6.14 7.33 4.73 1.73 8.59 2.01 5.04 0.82 7.4 4.4 7.15 7.01 3.14 8.43 1.41 0.31 5.61 4.91 5.46 4.5 0.04 2.47 2.03 0.92 9.83 1.24 1.37 9.11 5.87 4.03 0.95 1.35 9.34 6.41 2.08 4.43 4.55 2.78 2.84 0.35 3.92 0.07 9.61 2.72 7.7 8.1 1.43 0.05 1.91 5.32 5.54 8.18 3.81 2.24 0.94 5.44 6.15 5.75 7.63
int 108 postorder 500 802 961 819 100 705 122 308 12 591 985 877 843 270 863 828 416 414 748 420 289 46 28 584 522 415 207 401 753 786 223 911 137 190 738 754 713 394 882 349 893 89 903 469 99 507 80 462 79 735 545 517 691 984 88 295 166 268 852 145 543 570 157 11 250 189 617 127 640 428 373 487 659 757 454 357 729 432 722 409 745 915 353 169 442 562 280 969 615 649 676 483 864 830 666 103 898 859 114 170 173 412 279 422 208 546 43 880
int 109 preorder 81 904 429 17 587 640 263 797 584 863 148 497 973 736 307 981 221 940 931 781 674 290 10 698 294 641 705 297 91 857 769 557 834 159 102 670 533 498 938 472 74 360 94 383 390 117 326 902 861 622 379 755 625 606 344 388 285 820 919 652 678 435 346 747 599 110 858 810 455 208 26 934 334 284 504 521 167 229 907 602 127 80 46 419 192 968 749 796 93 878 189 422 423 227 821 206 548 143 40 32 314 328 903 577 730 324 787 663 162
int 109 inorder 987 980 426 45 53 778 710 813 174 925 380 541 86 679 336 424 414 165 540 673 39 651 706 565 701 210 546 995 258 93 629 48 372 760 688 553 857 472 564 798 364 40 700 301 852 990 231 949 366 986 234 488 941 411 347 595 442 37 375 755 626 855 650 873 936 652 959 489 767 775 23 620 684 977 664 205 409 439 938 177 680 708 599 608 711 287 870 145 917 360 479 647 562 726 685 665 140 423 459 818 656 142 198 135 322 497 590 394 739
