int 10 8 348 588 185 954 673 189 162 956 829
int 11 315 134 468 101 16 724 921 674 717 191 439
int 11 399 969 919 364 488 140 487 526 728 203 774
int 12 203 837 556 722 802 902 99 591 704 877 508 919
int 12 725 787 570 392 730 494 111 331 932 272 622 786
int 13 63 449 15 392 11 659 698 198 989 99 437 174 619
int 14 466 526 284 744 793 438 371 530 138 500 293 197 251 144
int 14 940 688 168 1 809 901 985 557 392 655 944 289 661 714
int 14 910 225 359 913 754 265 488 829 476 311 529 261 591 38
int 15 936 553 913 546 37 246 754 144 499 94 491 287 210 603 235
int 18 98 893 529 821 195 900 497 380 438 389 166 157 177 632 863 17 799 145
int 19 119 313 751 360 716 508 540 883 735 648 114 428 722 990 766 574 853 392 466
int 20 860 709 868 216 372 815 812 662 335 579 668 189 980 267 186 680 102 510 473 950
int 21 146 138 497 233 199 519 96 293 916 964 513 641 694 122 357 294 540 501 768 332 721
int 24 568 27 235 982 120 699 578 289 548 745 569 320 592 735 396 986 708 420 520 362 215 327 506 503
int 27 781 276 759 189 863 534 940 726 169 571 739 74 7 381 540 378 541 208 710 628 191 72 533 898 966 341 253
int 28 932 700 781 752 881 525 57 351 689 470 436 22 171 379 420 225 687 277 617 567 416 977 216 841 791 239 421 823
int 28 759 182 403 706 988 293 997 748 882 728 956 533 429 978 570 941 786 504 700 841 878 867 340 11 773 575 130 719
int 28 92 644 503 260 82 799 173 645 574 852 376 150 19 995 527 202 601 29 413 573 421 791 152 296 900 950 355 914
int 29 79 152 56 293 631 754 229 570 599 783 491 456 188 729 275 167 824 836 559 739 138 151 96 156 641 173 59 779 300
int 29 743 979 569 269 893 721 894 389 300 823 951 187 360 998 985 142 59 417 912 299 194 805 640 670 261 2 975 12 387
int 29 839 461 702 624 374 636 165 309 771 766 326 310 582 621 831 100 970 749 42 144 296 24 667 625 29 223 141 207 683
int 30 218 869 572 37 245 10 221 744 540 746 628 596 544 743 811 66 678 805 200 111 216 490 751 86 242 752 332 175 710 579
int 30 365 980 879 496 509 2 111 977 689 140 712 16 462 865 316 874 975 290 42 916 150 270 66 983 840 384 86 85 979 176
int 33 455 169 755 195 32 450 90 149 913 349 335 856 892 924 522 639 720 677 293 554 556 828 860 532 351 899 31 51 791 528 716 367 698
int 34 956 33 711 414 965 691 740 945 733 19 583 699 138 764 925 397 122 954 716 448 867 275 152 8 826 61 757 934 1 484 652 254 707 808
int 34 73 931 72 50 231 762 129 574 166 618 291 805 826 68 463 135 26 929 747 255 390 508 414 985 863 627 52 588 25 486 139 630 180 971
int 35 199 874 535 928 772 575 834 458 186 589 95 240 538 993 691 512 902 309 886 410 218 239 937 641 954 604 29 998 56 560 211 290 138 118 634
int 35 448 613 339 165 244 652 215 845 818 48 985 231 434 768 482 637 101 504 319 981 518 998 42 574 24 729 115 459 725 229 299 225 749 733 976
int 38 757 776 150 429 627 295 165 497 822 320 766 569 299 599 292 551 250 618 332 88 172 191 635 652 581 259 846 630 245 860 513 163 573 857 17 904 459 691
int 38 335 135 869 712 963 239 563 509 859 590 802 436 911 996 959 598 919 494 430 792 533 686 102 988 599 850 752 219 144 283 359 983 81 5 83 79 151 138
int 39 396 316 793 969 548 106 936 313 173 233 430 226 498 391 926 454 865 613 315 186 715 718 714 360 531 778 631 412 574 623 420 94 8 324 255 314 945 82 325
int 42 632 875 838 531 993 371 239 142 966 951 762 170 490 216 220 751 810 714 582 310 883 900 362 958 656 172 793 314 226 88 296 814 866 379 780 530 963 206 593 342 185 681
double 43 7.34 2.22 3.09 8.48 2.05 1.51 2.27 5.26 4.77 8.34 1.93 4.59 8.93 9.35 5.82 5.88 0.83 9.13 8.08 8.9 6.84 9.41 8.44 7.65 5.86 5.76 7.85 5.97 4.01 6.46 9.93 9.89 9.2 6.33 5.38 3.54 9.78 9.55 1.84 3.64 7.68 0.88 6.95
double 43 8.37 2.7 5.98 0.69 0.04 9.43 9.14 5.2 9.88 7.78 5.75 1.06 8.34 1.02 5.1 8.55 3.74 8.81 2.28 0.46 6.16 2.26 5.18 9.71 6.54 9.36 2.69 5.7 5.72 9.76 8.91 6.78 8.53 5.07 1.36 9.55 0.91 5.91 1.53 0.28 7.31 3.87 6.24
double 46 0.48 2.2 9.34 8.32 5.24 4.86 3.17 6.94 1.87 5.86 9.87 7.28 3.71 4.79 5.65 4.3 5.15 4.23 4.35 0.55 0.77 2.31 2.78 3.79 5.47 8.31 7.13 1.81 1.78 7.39 9.26 3.26 6.73 0.63 0.7 9.4 5.07 7.35 5.81 2.27 0.03 0.83 2 0.13 8.19 6.86
int 47 486 341 478 78 236 953 266 816 359 487 874 622 836 668 489 619 771 971 892 852 218 929 280 817 965 471 616 538 480 276 669 277 103 911 691 441 398 28 527 388 199 170 386 2 291 731 787
double 48 9.3 3.93 5.82 9.02 2.76 5.28 0.3 1.2 9.12 5.55 0.55 9.33 0.93 0.62 8.44 1 2.01 6.96 1.07 7.61 8.73 5.1 0.97 7.58 1.28 1.41 4.07 2.27 4.76 4.24 8.68 3.3 8.04 5.03 3.78 8.38 6.95 0.89 5.91 7.89 7.3 1.36 2.79 9.19 7.73 8.46 2.55 0.32
int 49 346 445 993 79 569 875 119 327 528 50 512 595 937 845 907 293 877 483 405 859 448 648 733 997 69 983 364 886 133 27 719 600 128 921 871 762 170 21 224 611 198 407 335 633 113 625 508 912 49
double 50 3.87 7.17 9.21 3.2 2.77 7.21 0.43 8.25 1.84 6.64 1.67 0.22 4.97 0.44 1.58 4.93 2.9 8.79 0.24 6.54 2.68 4.02 3.31 6.17 2.32 1.75 4.72 7.71 1.94 4.63 0.81 2.61 7.69 9.96 8.32 5.38 8.52 4.3 5.68 3.61 1.55 5.58 5.22 7.82 0.38 8.9 0.95 4.26 6.35 7.47
double 52 7.27 3.83 2.53 8.32 7.06 0.1 8.48 1.49 4.73 2.02 9.68 9.63 2.37 1.41 6.07 1.17 3.39 8.7 1.42 2.84 9.93 9.56 9.21 7.62 1.28 8.79 3.29 0.63 6.22 6.63 7.63 2.28 7.6 9.52 7.12 5.81 9.01 7.9 1.98 6.35 5.17 8.14 0.92 5 5.35 1.38 8.34 6.31 1.55 0.95 3.28 5.11
double 54 2.58 9.82 4.48 0.37 1.53 0.02 8.59 0.32 5.33 6.93 7.15 3.55 4.43 1 7.87 9.59 0.84 8.64 9.76 8.07 9.92 5.67 8.45 9.46 2.97 4.52 3.95 4.21 9.16 2.13 6.12 9.15 1.09 1.21 3.81 7.88 6.21 2.72 0.15 8.81 8.62 7.84 4.75 5.58 2.25 3.25 0.33 6.45 6.56 9.88 2.91 9.91 9.05 6.22
double 56 6.38 5.28 9.92 9.51 8.08 0.95 8.79 8.33 6.01 2.77 4.36 7.51 0.9 0.49 3.93 3.73 3.52 5.8 5.73 9.14 0.32 6.22 8.32 4.19 7.06 8.3 9.08 3.69 8.82 4.37 4.06 1.45 5.1 1.51 2.29 1.16 4.24 7.27 6.18 4.46 0.65 7.76 6.73 8.97 4.12 9.75 2.65 1.43 7.79 9.82 4.08 2.62 0.18 7.73 4.8 4.1
int 56 340 815 952 899 938 599 990 964 983 465 118 126 260 183 702 480 441 349 945 420 290 553 120 776 772 882 57 744 687 742 333 220 884 145 467 727 458 24 779 652 185 612 585 196 344 637 91 396 786 679 915 84 791 409 319 953
double 57 5.42 7.22 0.83 3.41 5.06 9.98 5.01 9.11 2.14 2.7 4.86 2.56 3.97 7.94 0.43 7.73 0.44 8 5.44 4.34 9.67 5.79 0.06 4.35 1.18 7.12 7.29 0.64 6.14 6.97 5.26 8.56 2.27 0.55 5.17 4.13 9.2 3.78 6.23 1.06 0.11 2.85 5.83 5.46 1.9 7.59 2.21 1.64 1.88 3.42 2.61 6.71 8.88 7.3 1.7 9.93 7.14
double 59 1.79 9.07 0.94 4.82 4.45 1.35 8.86 8.97 5.54 9.96 4.88 8.59 5.83 0.69 3.63 7.52 1.91 6.91 3.52 8.2 0.79 7.93 5.06 9.37 1.71 8.44 0.08 1.97 8.19 2.27 7.85 4.47 5.55 7.77 7.72 1.92 1.96 6.59 6.86 6.33 4.15 3.54 6.43 6.45 6.17 2.47 6.35 5.49 2 6.08 8.7 7.71 6.14 5.28 6.07 9.67 9.88 9.02 2.77
int 60 247 525 943 234 169 417 89 353 477 43 872 829 485 336 496 448 195 783 640 115 292 670 111 770 379 319 90 407 110 18 300 789 815 166 409 754 299 397 592 752 545 46 466 921 671 982 95 366 871 396 909 773 744 318 296 819 348 964 94 532
int 62 219 959 48 171 439 340 983 538 611 235 800 168 746 915 283 259 71 477 276 641 497 676 812 300 592 133 644 107 834 669 407 842 260 819 769 288 608 144 986 851 83 748 558 701 122 685 859 603 33 873 166 749 115 432 622 267 178 660 740 188 714 704
int 63 68 264 881 310 955 173 125 436 171 188 560 496 41 368 341 966 855 885 274 231 254 342 377 44 236 880 663 352 579 453 45 590 285 594 949 235 826 463 33 167 288 282 289 915 793 892 186 815 978 642 149 472 827 813 81 373 35 913 464 114 344 990 176
double 64 4.75 0.75 3.93 9.08 2.04 6.06 6.53 1.57 0.24 2.83 3.46 6.71 0.09 0.93 7.69 3.75 6.51 1.66 8.73 0.86 8.1 3.11 8.78 8.94 9.8 0.74 2.84 8.82 5.05 4.26 5.03 9.41 4.54 0.43 7.52 3.69 1.37 7.33 8.52 1.8 6 1.07 1.75 0.55 4.52 6.21 8.61 8.31 6.35 2.79 8.99 2.52 7.12 3.84 9.46 9.87 2.55 8.21 1.28 4.58 4.61 4.55 1.42 3.23
int 65 496 194 902 352 665 754 160 909 579 353 911 174 222 679 763 9 6 625 935 488 30 564 419 638 585 10 990 65 384 832 533 280 584 529 974 393 944 354 292 126 889 549 289 809 158 907 878 725 808 229 63 724 80 398 115 153 234 634 378 191 61 688 765 186 418
double 65 7.31 0.01 4.11 6.68 8.29 5.1 2.25 1.36 9.94 3.61 3.31 4.55 1.42 1.46 0.4 8.77 1.25 6.61 8.76 0.61 7.5 7.16 5.22 7.77 8.82 2.14 2.65 0.57 3.59 3.63 8.67 7.52 7.39 5.86 5.74 8.61 8.88 3.01 9.11 6.78 5.64 4.74 3.77 3.92 4.8 6.27 4.6 5.65 4.46 8.14 1.15 1.31 5.23 0.14 9.5 6.46 6.44 1.61 7.76 4.28 5.6 8.66 7.9 6.86 2.8
int 65 750 293 925 219 632 61 862 966 129 372 898 829 517 765 982 458 99 302 487 325 317 221 188 678 553 489 450 396 300 453 239 746 410 951 809 41 893 980 685 909 259 643 28 822 532 409 488 598 492 783 613 821 845 894 78 208 364 800 807 77 580 947 977 495 116
int 66 505 71 29 415 729 981 552 185 253 823 193 360 871 561 204 538 256 250 742 914 810 739 21 491 58 782 465 873 664 278 341 431 569 601 509 444 856 838 512 693 801 9 822 480 654 603 715 34 91 25 78 358 390 468 146 263 854 354 605 13 707 916 437 708 232 218
int 67 566 36 741 196 584 227 754 483 807 953 847 726 415 62 124 80 212 866 895 835 451 441 639 18 361 948 706 317 205 525 462 390 82 262 174 418 784 376 707 655 28 545 623 815 110 283 518 56 143 324 696 986 269 637 433 923 898 697 572 482 277 592 404 955 900 609 487
double 68 9.67 6.65 1.64 1.25 5.81 3.1 1.41 9.95 5.28 9.47 4.57 5.89 9.32 7.78 8.69 3.29 4.56 0.69 0.94 3.83 7.86 1.08 1.58 2.8 2.12 8.73 5.78 3.58 5.57 9.59 3.62 2.71 4.89 0.11 8.04 3.06 2.53 2.24 8.64 6.13 0.48 7.24 2.9 8.35 0.39 1.01 2.66 7.38 7.01 8.3 6.68 2.09 1.28 1.7 0.43 1.6 6.38 9.09 8.6 4.71 3.57 8.66 6.36 4.63 8.71 2.77 4.85 2.21
double 68 7.65 8.48 5.87 5.64 0.04 2.89 8.36 5.69 3.6 2.72 8.5 5.28 5.93 7.11 7.98 7.09 8.55 1.06 5 4.13 6.76 2.05 1.24 3.79 4.02 2.22 5.57 8.77 1.46 3.8 2.91 0.45 6.75 4.68 1.53 5.65 9.09 0.95 6.99 6.04 8.52 7.35 2.13 3.17 8.58 1.75 2.29 6.16 0.09 4.75 0.35 6.7 9.92 0.43 1.6 7.83 9.31 5.49 7.75 6.01 4.73 6.58 8.64 7.24 2.1 1.72 5.39 3.41
double 70 0.46 9.7 5.8 0.29 9.17 7.41 8.28 8.16 5.63 3.95 2.17 0.7 9.31 1.31 9.2 9.56 0.11 7.8 7 9.23 9.15 5.89 0.14 8.72 9.84 2.36 9.91 4.39 2.15 6.43 9.94 6.42 7.11 1.85 7.91 3.05 9.87 2.8 1.08 6.05 7.98 0.59 1.97 3.82 3.3 0.79 0.39 0.05 5.59 4.09 8.46 6.85 6.24 2.92 7.82 9.48 5.21 5.37 8.97 6.16 2.75 3.17 4.33 6.58 9.46 5.96 4.22 3.47 9.67 3.55
double 71 6.22 6.9 7.3 6.14 8.74 3.54 2.23 0.75 9.04 7.89 9.19 8.58 8.46 0.99 5.55 4.75 0.19 4.19 7.86 8.6 2.04 5.09 8.93 2.08 8.71 3.44 4.61 9.93 3.98 0.84 2.01 7.45 8.43 7.56 6.97 4.69 7.68 8.62 1.01 0.33 6.09 0.86 2.29 9.95 0.9 2.95 0.74 5.64 3.81 2.91 3 3.9 2.78 8.14 6.71 3.63 9.67 3.08 6.83 1.21 4 5.4 6.6 7.21 7.18 2.79 4.59 3.04 3.92 1.83 3.89
double 71 4.87 7.19 6.05 5.58 9.56 7.55 8.66 0.79 6.64 5.23 5.08 6.79 9.15 5.74 7.1 9.02 5.25 5.95 3.97 2.14 3.17 9.5 4.63 1.04 7.78 6.16 6.83 5.65 2.18 0.31 0.14 9.65 0.39 8.01 5.81 1.44 2.4 8.38 6.75 8.74 5.28 3.24 4.9 9.36 0.81 5.18 8.18 4.57 3.56 4.45 7.62 6.97 3.5 5.03 6.04 7.37 4.22 8.25 5.29 0.32 4.42 4.12 7.67 9.4 9.61 2.25 3.26 7.57 5.6 9.73 3.64
double 72 0.83 2.91 5.03 6.19 5.01 6.76 1.9 4.03 9.42 2.99 0.22 6.47 8.4 5.71 3.38 0.16 9.43 4.26 0.97 8.58 6.31 8.5 9.93 2.05 9.56 1.74 2.43 7.57 7.04 7.38 6 0.27 4.05 0.15 7.69 3.9 9.82 4.1 4.13 4.11 9.21 4.72 0.13 4.44 5.88 4.65 6.35 7.1 8.41 3.42 5.61 2.77 6.74 8.67 3.43 3.32 6.99 1.73 9.88 5.63 5.11 9.11 7.42 6.83 0.87 6.32 3.13 2.12 3.39 2.8 5.6 7.28
double 73 2.62 8.39 4.84 8.9 2 1.46 7.15 4.01 2.93 4.46 7.05 2.34 9.76 7.79 0.85 6.57 9.12 0.08 3.66 5.11 9.3 7.58 5.78 7.5 8.25 5.95 6.94 7.28 3.87 7.62 1.43 0.02 8.37 1.77 4.89 3.4 0.45 6.36 0.7 0.49 6.6 1.93 6.35 8.51 6.03 7.75 9.8 3.04 9.03 5.25 8.56 2.47 1.49 2.64 4.31 0.2 6.34 3.17 8.57 8.65 7.21 1.36 5.68 4.94 2.82 6.61 5.74 6.13 5.52 1.32 9.69 2.35 4.55
int 74 66 251 476 842 361 602 72 951 766 539 704 474 336 122 330 771 983 142 927 638 559 416 17 752 14 126 404 628 165 759 523 153 75 252 900 319 230 636 786 415 940 324 791 107 465 287 621 540 909 438 946 624 615 338 449 970 166 686 582 599 443 641 761 130 854 254 557 63 768 347 261 325 105 291
int 74 795 880 171 685 491 599 728 467 21 250 116 428 353 340 434 252 218 949 27 623 676 447 773 413 756 625 987 284 708 519 129 271 506 918 800 753 606 269 509 152 526 105 675 255 155 126 98 866 963 770 468 877 677 883 997 981 48 638 274 224 37 386 722 568 57 25 130 530 884 168 882 133 920 892
int 74 291 234 183 567 988 503 235 885 498 471 285 674 772 280 449 362 216 817 566 360 628 916 549 292 896 745 653 222 736 138 795 27 154 802 948 526 981 807 88 944 190 18 529 899 898 440 446 97 890 577 984 60 853 209 21 970 924 871 605 550 74 228 740 338 963 166 623 189 907 1 938 969 632 214
int 75 192 49 345 833 548 625 554 45 271 80 252 81 194 459 5 50 368 293 789 655 547 303 752 172 631 487 237 636 72 567 830 95 645 44 450 182 132 332 954 255 518 123 743 119 410 352 855 799 657 695 609 344 179 842 651 806 220 298 907 715 180 478 248 408 664 863 883 934 854 693 544 384 71 886 333
double 76 5.06 6.68 1.9 5.53 3.63 3.73 3.67 4.29 0.14 5.09 9.54 6.64 6.26 7.49 6.1 2.65 0.02 9.9 3.76 6.71 0.47 1.34 0.2 5.48 4.48 1.44 5.24 6.54 5.59 4.76 2.7 9.12 6.96 4.07 0.77 5.46 2.26 2.37 0.46 7.21 1.55 7.3 7.45 7.13 4.26 7.85 6.65 7.54 5.66 0.17 5.71 3.8 3.74 6.89 6.04 4.51 9.79 6.75 3.85 8 5.3 6.66 5.94 8.38 2.12 0.21 4.84 4.3 2.94 0.52 1.01 0.95 1.75 9.77 2.81 0.88
int 77 169 302 785 163 450 283 111 735 216 52 954 248 250 880 795 61 776 8 708 884 456 273 201 389 27 151 78 527 172 525 136 780 838 471 251 65 453 772 957 762 118 888 724 432 698 663 196 288 912 544 891 958 756 286 890 89 576 110 555 854 481 833 496 221 170 70 92 998 425 979 843 540 721 260 627 101 54
int 78 26 940 381 20 691 299 577 860 85 647 132 510 899 543 496 750 665 687 746 547 373 438 598 731 457 871 721 787 867 179 582 493 442 293 232 825 303 852 957 620 588 739 657 95 314 533 756 397 602 130 734 832 189 585 482 111 92 211 705 307 920 378 758 159 278 50 104 351 887 729 902 65 242 890 382 439 892 425
double 78 3.13 7.62 6.01 9.73 7.43 8.34 7.54 0.07 4.18 9.89 7.37 1.76 3.86 9.58 5.6 4.32 9.77 3.24 5.36 7.85 1.55 9.23 5.52 7.24 0.96 4.17 4.52 3.72 9.64 1.17 0.7 0.05 5.86 4.39 2.36 4.22 1.7 9.54 8.06 9.81 2.23 5.16 7.2 9.09 6.92 0.57 4.67 6.73 4.85 9 2.39 2.46 0.9 5.47 6.47 5.39 0.1 2.03 1.32 5.21 2.94 5.83 7.08 9.31 6.05 6.79 3.51 1.51 1.87 4.91 1.91 7.9 1.29 4.2 3.56 5.77 7.64 4.4
double 79 3.65 3.81 8.8 0.58 7.29 7.94 5.31 8.5 4.59 2.58 0.09 7.56 9.88 1.23 4.99 9.52 0.33 5.3 5.58 5.5 5.2 1.94 9.95 2.65 6.47 4.71 1.61 3.43 6.84 5.32 3.44 4.63 9.14 5.55 1.93 7.61 9.41 7.06 8.84 7.01 6.23 0.61 9.25 2.66 6.6 5.96 7.07 7.98 8.26 3.33 8.35 9.56 0.96 8.89 3.57 7.84 8.3 5.09 1.9 7.85 6.52 1.44 1.18 0.85 1.25 1.5 6.7 6.61 2.39 6.53 1.56 8.04 5.97 2.15 2.98 9.28 3.89 8.19 1.88
int 79 767 923 119 583 157 971 144 841 192 24 374 262 566 641 541 110 136 880 197 513 345 476 424 907 133 112 711 183 390 242 765 549 81 189 203 722 838 386 217 656 616 895 905 849 658 484 614 822 785 729 665 496 202 900 396 543 668 185 63 346 587 667 360 954 776 584 631 990 801 686 760 810 835 285 592 41 648 22 4
double 80 0.51 8.56 6.5 1.99 6.61 2.12 3.73 8.61 1 9.46 8.95 0.27 2.08 8.27 1.15 8.22 2.01 1.46 1.65 3.34 0.31 7.16 4.54 3.57 3.41 7.92 8.64 0.08 5.26 7.22 0.25 5.01 5.23 2.04 4.1 3.45 8.09 4.01 7.84 8.59 7.52 5.42 3.72 9.98 7.37 4.96 7.83 7.94 1.78 5.14 4.4 4.29 3.53 2.84 5.64 8.6 1.23 6.86 3.67 8.97 3.83 3.93 5.29 4.5 1.02 7.3 1.16 9.96 4.58 1.26 9.93 9.4 5.05 1.91 2.7 9.42 5.1 6.92 2.81 2.03
int 81 27 778 338 682 785 40 596 327 805 995 953 988 471 271 345 314 909 216 460 826 708 466 933 434 622 692 275 538 82 895 620 419 281 79 46 879 168 116 504 32 796 829 531 815 709 882 737 731 286 684 602 394 760 751 824 339 464 863 87 274 118 144 870 100 738 150 16 123 624 426 382 80 23 912 402 722 101 13 513 14 801
int 83 418 134 75 788 108 413 359 757 262 737 284 480 644 974 251 368 992 11 285 797 23 301 782 898 961 920 903 332 677 878 522 624 602 549 453 559 83 729 533 904 505 282 244 905 334 474 226 358 268 405 965 302 667 394 691 351 305 183 420 661 60 196 254 794 972 650 836 441 56 565 380 681 160 722 758 603 761 809 255 907 709 902 493
double 83 4.59 5.95 0.22 9.14 8.47 6.06 4.03 1.75 4.34 0.35 9.66 5.07 3.51 5.64 1.54 7.81 6.07 1.15 2.46 6.14 6.83 9.45 1.22 6.91 6.89 8.1 5.48 1.89 9.27 2.2 7.87 7.82 1.33 8.55 1.26 6.82 5.61 8.78 5.92 9.93 1.74 2.14 7.74 6.97 0.24 9.71 7.14 4.18 0.78 8.31 2.59 7.99 6.58 5.89 2.27 3.26 4.61 4.96 0.09 7.55 9.62 7.66 6.85 0.59 0.23 8.86 5.69 8.53 8.06 4.93 2.52 2.4 6.92 5.22 4.57 1.5 7.7 2.29 8.7 8.29 0.99 6.25 9.51
double 84 6.56 2.38 1.88 1.64 5.69 4.85 2.31 4.65 7.83 6.2 6.41 8.77 2.24 1.44 0.61 0.95 6.13 3.5 7.63 0.44 8.88 8.17 3.95 2.98 8.44 2.54 7.14 3.65 8.54 0.91 4.8 9.8 0.83 8.61 7.91 3.46 6.29 1.24 1.77 7.22 5.94 4.05 6.57 1.3 1.21 5.44 3.86 2.03 0.89 7.66 5.45 9.38 1.28 6.61 8.59 5.58 7.81 4.36 8.01 9.03 3.77 0.78 7.6 3.68 9.62 2.36 4.79 3.49 7.44 4.84 3.7 9.7 3.39 8.11 2.59 4.41 4.92 7.53 0.36 1.09 6.23 1.2 3.47 7.88
double 85 3.3 4.22 3.88 3 7.44 2.26 1.29 8.39 6.88 9.94 7.46 3.73 5.8 1.17 2.74 7.86 8.66 0.52 9.32 6.69 3.25 8.49 5.99 5.73 8.41 9.8 4.47 9 2.99 2.91 2.7 1.02 6.87 0.64 4.71 7.07 4.09 6.01 4.62 1.3 2.63 2.24 4.3 1.49 7.96 5.09 9.7 0.23 9.29 1.63 4.24 4.07 8.23 5.67 3.6 6.11 3.92 3.67 5.36 2.11 4.83 1.78 8.1 7.42 3.63 0.63 0.07 0.5 5.2 3.22 1.19 2.13 1.05 6.59 4.76 0.34 1.71 9.95 1.61 7.98 8.51 1.32 5.18 0.51 3.7
double 87 2.86 3.24 1.15 0.3 4.84 0.44 5.17 3.66 8.67 5.63 3.2 7.35 2.74 1.78 9.33 0.53 7.48 1.6 9.38 1.38 4.65 8.99 1.51 1.75 4.22 8.08 4.21 2.97 9.2 3.49 8.11 1.84 3.77 5.15 6.62 4.4 5.09 4.9 6.13 7.8 9.19 1.71 5.44 6.51 4.85 7.17 8.59 7.3 0.7 7.77 8.9 1.43 2.2 3.16 0.97 6.25 5.87 7.32 5.57 2.89 9.69 6.41 2.83 9.81 8.44 0.22 4.6 4.13 1.12 9.86 3.52 8.48 9.32 3.39 8.27 2 0.39 7.14 7.04 9.78 5.84 7.25 2.45 3.56 1.1 8.21 6.69
int 88 190 146 114 297 636 476 262 253 415 304 998 343 752 991 688 192 523 409 577 668 741 992 2 916 272 876 817 220 584 847 228 518 346 173 439 650 286 612 602 177 30 101 426 499 172 777 554 870 74 840 877 150 949 413 382 498 913 825 606 960 722 459 744 280 293 616 494 279 967 517 646 758 915 686 693 787 807 945 3 362 332 373 258 515 861 667 381 337
int 88 567 722 846 993 619 640 806 954 784 682 452 310 620 147 469 33 848 430 892 265 433 527 659 594 734 120 436 577 454 494 345 971 36 730 209 732 305 875 650 174 180 705 571 709 351 566 173 923 731 81 258 206 618 337 30 201 849 250 740 729 906 676 263 492 311 887 889 984 385 145 842 169 633 49 840 910 482 912 922 992 146 12 858 788 114 465 907 361
double 89 7.67 7.92 1.44 8.06 0.28 1.19 6.42 3 8.15 3.57 4.93 8.1 2.94 6.47 2.2 2.88 2.74 8.58 6.23 3.53 2.03 7.01 2.87 9.38 7.91 9.93 9.17 2.12 4.63 5.85 0.97 2.25 5.2 7.06 1.55 0.94 3.92 6.71 8.97 6.2 5.83 3.8 1.79 0.5 5.84 3.71 3.87 3.95 9.58 6.02 4.31 4.16 2.23 1.27 4.52 8.84 2.68 2.54 1.64 1.69 3.02 6.54 2.71 5.8 0.44 3.59 1.28 7.95 8 8.5 7.75 1.26 5.06 9.68 4.72 7.59 9.94 4.75 7.76 7.05 5.24 6.83 4.17 9.02 2.47 8.86 9.79 4.81 8.82
double 90 1.6 0.05 4.88 6.24 4.77 1.24 0.47 3.41 2.57 0.84 7.39 9.34 4.2 7.9 0.83 9.51 8.59 0.79 5.18 0.46 1.09 5.47 0.92 5.07 3.52 2.8 2.41 6.22 1.95 5.81 6.47 1.67 3.93 0.49 5.67 0.81 9.87 0.34 8.75 2.13 3.65 5.05 0.13 9.79 4.03 1.56 6.28 6.62 6.07 5.42 8.52 7.64 5.3 9.08 7.18 8.54 4.09 8.69 4.45 9.66 6.8 3.25 3.83 3.37 4.5 3.53 6.63 7.1 2.12 5.38 2.97 7.32 1.73 2.78 8.39 6.03 1.01 8.81 8.51 7.34 7.97 1.12 4.06 8.12 2.52 8.95 0.32 9.05 1.26 8.98
int 91 940 619 446 713 302 542 828 607 192 593 450 869 650 669 313 923 825 715 426 955 570 850 163 856 936 708 193 108 954 84 486 915 573 262 263 161 718 189 741 270 492 275 582 496 217 978 81 944 482 813 874 201 179 246 297 916 340 879 379 747 731 750 532 921 286 329 796 739 932 75 429 514 209 966 463 101 248 128 728 235 301 407 668 533 376 530 777 554 74 457 145
int 91 637 942 744 889 486 206 533 26 552 603 12 894 540 176 462 787 192 426 627 280 311 286 180 131 986 511 46 946 869 724 355 489 156 215 504 341 492 377 684 554 396 218 796 605 555 951 320 809 927 923 789 781 173 393 160 965 906 343 409 39 840 896 303 73 265 739 238 678 169 235 726 940 497 669 487 702 6 333 243 691 892 763 152 195 877 224 764 879 601 845 226
int 92 136 256 639 66 357 271 117 408 322 395 540 732 445 875 114 210 356 814 221 986 570 894 562 544 822 865 123 162 229 289 525 235 625 791 545 568 160 60 608 718 614 62 701 478 484 590 243 404 797 884 195 419 274 756 977 474 789 418 505 37 347 118 768 81 649 416 135 193 281 414 890 12 918 995 111 584 426 489 613 329 781 115 487 816 397 13 721 144 161 885 80 793
int 93 461 61 753 332 838 400 428 561 941 22 411 53 746 629 906 398 306 962 772 702 362 779 985 966 765 903 708 371 693 99 178 244 311 72 697 537 403 27 970 93 406 603 741 483 475 920 852 476 719 283 232 994 881 540 827 551 958 659 722 972 199 329 847 463 764 231 369 376 716 710 469 749 868 243 813 700 574 952 488 742 723 592 12 464 352 161 704 230 451 1 945 666 104
int 93 803 222 650 628 828 964 570 334 323 418 785 497 364 845 694 893 995 632 556 743 757 170 345 398 70 897 562 183 737 877 721 512 462 73 673 968 776 906 76 885 883 116 707 305 301 372 531 891 128 468 317 287 930 741 481 733 37 158 68 835 473 664 333 363 57 485 832 463 193 263 646 647 178 488 87 837 319 34 654 878 365 505 731 151 286 789 550 290 847 348 612 33 91
int 96 150 384 442 645 418 559 380 823 675 231 652 445 927 156 679 953 713 473 148 962 842 318 90 952 552 569 120 179 913 334 589 149 774 520 791 718 297 814 29 366 644 889 622 30 758 991 822 705 183 924 932 309 858 525 777 420 815 113 937 461 954 496 578 441 105 268 829 77 856 200 769 210 808 634 94 993 403 641 59 116 987 610 933 240 339 56 192 870 488 223 508 365 458 543 106 617
double 96 7.85 7.62 9.26 5.05 5.48 3.11 2.84 2.69 9.42 2.99 7.7 2.93 9.21 1.16 1.75 2.34 0.77 1.11 2.04 7.61 7.47 1.83 5 2.56 1.25 1.34 8.52 5.18 3.14 5.84 0.54 6.93 6.99 2.39 7.89 2.12 2.22 4.01 9.35 4.89 4.54 3.98 6.51 4.68 9.39 4.09 4.44 9.57 8.43 7.29 8.27 8.08 6.02 3.95 8.19 4.28 3.85 6.34 0.02 6.57 7.2 5.97 1.82 2.77 5.03 1.91 0.87 5.11 3.06 3.93 7.16 7.66 0.84 6.62 7.13 4.82 1.53 9.63 2.41 7.8 2.21 6.28 4.92 3.84 7.39 4.3 1.37 0.88 4.4 0.96 4.7 8.9 4.91 8.99 9.72 6.26
int 97 875 647 69 571 504 715 98 594 943 907 973 671 429 304 278 735 734 175 39 828 665 823 419 299 570 829 336 93 209 250 960 868 351 382 545 210 86 636 415 38 301 63 100 906 975 78 869 245 913 214 126 741 954 851 509 968 471 818 47 626 782 241 738 754 200 87 557 862 74 635 551 931 496 556 592 795 998 676 50 769 951 882 426 140 328 536 318 319 698 941 485 446 517 761 604 696 84
int 98 880 596 73 909 969 500 627 192 296 552 134 232 660 681 420 727 517 651 809 946 894 88 816 119 716 982 30 295 628 331 62 280 567 821 417 252 156 895 951 528 506 698 574 571 184 406 762 80 763 729 588 328 879 643 476 90 287 573 385 246 730 446 112 544 58 646 853 991 912 423 7 984 586 48 757 412 679 708 707 195 124 376 372 302 997 976 850 228 780 174 340 655 272 168 783 838 309 597
double 99 5.76 5.24 0.25 5.53 9.83 6.88 5.69 9.82 4.11 3.07 4.25 7.48 2.49 8.08 0.41 3.82 6.1 5 1.19 7.62 6.83 7.99 0.97 6.57 7.66 8.56 3.33 1.38 4.26 4.04 0.48 7.43 9.42 9.85 6.73 0.15 5.7 7.26 8.97 3.06 0.61 9.94 2.96 5.41 9.97 7.58 4.39 4.41 1.84 3.64 8.57 9.65 0.05 0.74 0.78 1.34 0.39 8.03 1.27 3.23 9.01 6.61 6.64 3.66 5.08 1.52 7.02 7.73 0.32 4.96 2.59 9.46 7.57 5.44 4.47 8.83 3.37 6.5 9.34 1.59 7.22 7.44 0.1 5.98 8.39 1.72 4.6 8.96 3.78 7.95 5.28 2.71 8.46 4.84 8.84 8.99 2.19 7.87 0.5
int 100 780 922 244 459 676 632 743 28 941 412 387 446 372 789 533 296 771 594 684 210 309 722 791 82 385 391 721 739 987 893 259 253 497 32 707 724 828 682 70 774 832 173 708 186 401 793 587 732 293 726 249 44 688 83 916 991 558 366 662 12 399 178 575 96 752 694 122 975 54 785 772 645 328 127 958 175 805 389 92 10 447 431 746 65 858 778 770 529 953 286 667 177 233 738 313 359 370 980 729 209
double 101 7.01 8.96 3.67 3.27 5.86 2.68 3.3 7.35 3.29 7.19 3.15 8.18 1.02 1.11 6.31 2.7 4.81 2.49 1.17 0.4 2.72 9.88 1.04 9.18 2.06 7.04 0.62 8.44 3.79 2.51 8.32 6.03 3.49 9.06 4.69 6.74 8.15 7.53 4.11 5.38 1.87 9.77 5.12 0.96 2.48 3.63 4.34 3.53 7.79 0.98 0.43 4.93 4.24 3.41 4.61 6.15 1.66 4.62 8.93 4.75 8.16 3.6 4.77 6.81 3.11 3.01 2.33 1.85 5.48 2.19 0.5 1.73 0.82 1.49 1.35 6.37 0.09 8.08 5.78 1.78 6.45 1.58 8.39 7.14 1.63 1.98 4.63 0.55 8.45 6.65 3.39 7.03 1.91 7.71 8.98 6.28 9.87 9.23 3.96 0.17 6.42
double 101 1.66 6.5 9.01 5.82 1.44 2.37 0.62 1.82 4.65 0.87 0.33 0.76 8.04 1.78 8.4 0.94 5.6 8.83 5.44 8.32 2.82 5.72 0.74 0.29 9.84 7.61 2.06 9.31 2.46 0.48 4.81 4.41 1.85 2.44 8.76 4.23 5.48 9.16 3.2 7.49 4.07 1.35 1.23 0.18 3.3 2.86 8.99 9.45 1.39 5.22 7.6 6.75 5.13 6.53 2.98 3.93 5.15 0.98 7.32 4.25 1.1 6.28 9.25 4.74 6.99 6.41 7.19 9.4 7.98 1.05 5.66 5.08 6.77 8.69 2.16 8.7 9.46 3.36 3.17 6.82 9.78 0.93 8.55 7.37 7.75 9.09 9.65 8.86 5.04 4.54 9.91 7.9 5.96 6.48 7.05 8.02 4.32 9.23 8.59 0.61 7.56
double 102 2.97 6.49 1.58 1.39 1.09 3.06 5.49 9.88 4.81 9.53 1.36 6.09 2.98 2.65 2.37 8.69 3.56 2.56 8.11 5.24 0.28 8.21 6.95 2.51 8.33 9.37 4.5 1.82 2.67 3.85 2.22 0.2 3.19 9.27 1.61 8.92 9.18 0.91 7.32 5.25 4.29 6.48 2.46 0.52 5.99 4.78 4.41 7.84 7.97 7.12 6.82 2.8 5.29 7.27 5.45 7.13 3.18 0.58 4.21 1.99 0.96 4.89 7.37 5.79 2.1 9.39 5.95 8.75 4.73 0.23 1.9 5.08 8.84 2.2 2.3 4.24 1.59 4.61 6.6 4.65 7.8 8.29 8.59 0.3 9.64 3.08 2.79 1.17 2.74 7.79 9.2 1.78 0.22 3.42 0.38 7.04 9.93 0.12 8.35 0.56 3.58 1.15
double 105 7.96 9.38 7.37 6.53 7.12 6.81 7.35 8.67 4.61 6.87 1.69 4.5 1.18 8.16 2.96 4.53 5.46 5.3 6.29 2.59 2.09 7.39 6.63 2.51 0.82 2.44 0.78 7.89 7.69 0.41 8.92 5.91 5.85 6.01 0.09 6.22 7.8 7.32 0.29 9.18 5.1 0.68 2.5 9.25 4.51 3.55 9.37 7.45 0.15 2.7 7 2.13 1.07 4.44 6.16 3.09 1.41 2.29 2.77 1.54 5.31 0.84 7.5 1.73 3.03 0.97 1.81 1.64 5.56 6.36 0.34 6.85 4.79 5.88 8.11 9.2 7.65 3.68 1.66 3.16 9.76 0.59 6.26 9.98 4.93 6.33 2.57 5.27 0.81 6.1 5.87 5.76 6.68 2.11 9.73 2.84 4.52 3.33 9.21 0.62 4.99 8.17 6.92 0.54 2.58
double 108 3.99 5.5 4.61 1.43 3.26 4.18 0.09 3.45 1.26 9.84 2.84 0.7 6.04 3.97 6.72 1.56 6.85 7.36 6.05 1.53 1.09 2.44 7.9 0.19 3.79 8.51 7.47 1.66 5.64 1.67 1.78 0.37 1.27 0.26 3.94 9.94 5.44 7.46 9.27 7.39 3.64 7.55 8.44 4.75 4.6 0.34 7.73 8.72 8.34 2.74 0.83 7.11 2.7 9.15 9.64 1.19 6.39 8.1 9 5.56 9.2 5.63 7.91 4.23 9.56 9.91 9.71 3.36 7.77 5.54 8.94 0.66 2.97 7.12 2.78 6.09 1.94 1.25 6.98 7.43 4.74 1.95 3.25 9.31 2.66 6.73 8.92 1.83 6.25 5.75 3.19 1.36 5.89 6.16 0.16 4.93 2.69 9.46 0.8 6.03 1.6 1.51 0.48 9.49 5.83 3.61 0.5 4.19
int 109 12 946 33 135 193 203 46 474 196 438 898 269 325 338 990 992 612 45 914 129 848 368 770 583 124 839 456 962 971 536 319 660 448 186 625 679 921 74 859 130 235 733 968 815 224 43 376 467 785 424 951 365 316 953 195 155 809 746 441 219 161 754 903 103 819 614 233 166 228 929 864 675 988 718 899 329 153 664 409 856 890 528 465 91 192 340 339 847 265 849 739 444 827 288 119 345 930 296 433 554 689 983 191 665 260 92 653 768 435
