double 32 69 2.9 2.9 6.5 5.9 3.2 9.6 5.5 5.3 6.2 8.4 3.4 5.4 7.2 5.7 6.9 3.2 6.3 0.7 8.3 1.1 3.5 6.7 4.8 7.5 3.8 2.3 4.2 5.4 1.1 4.1 7.5 5.9 2.5 2.1 7.0 2.6 3.4 0.5 8.3 5.0 9.8 7.9 0.1 9.3 3.4 3.7 3.4 5.6 9.3 7.6 0.5 6.2 4.8 8.1 0.0 1.3 4.1 5.5 5.5 4.2 6.2 1.1 7.7 2.4 7.8 5.2 4.3 9.6 7.3
double 92 74 1.8 1.0 1.7 3.2 1.2 9.5 6.9 3.1 4.0 8.8 8.5 9.0 9.7 8.9 9.0 4.5 5.3 1.4 5.1 4.0 4.4 5.8 3.5 5.9 9.2 0.5 6.4 8.1 0.3 2.9 7.5 0.8 9.2 9.7 4.9 5.6 6.1 2.7 6.7 4.1 2.9 4.0 1.3 7.4 0.1 7.7 1.5 8.3 1.3 9.2 2.4 0.1 9.2 5.9 7.0 2.8 2.7 8.4 7.5 8.6 9.8 7.0 8.7 4.7 0.4 0.3 2.1 6.3 0.6 6.3 1.0 7.1 8.9 4.0
double 53 7 2.3 5.9 5.7 6.6 4.4 5.5 1.8
double 98 82 2.8 0.0 8.0 1.8 5.8 5.0 5.5 6.1 6.4 0.3 7.6 4.3 0.9 0.2 6.1 8.9 4.8 8.2 5.3 7.4 2.0 0.2 2.3 3.1 6.9 7.8 5.9 0.8 1.9 7.1 0.3 4.5 8.1 0.4 9.2 8.5 1.3 9.8 8.9 2.2 3.8 3.7 1.0 6.1 3.4 0.8 6.1 5.9 9.3 1.5 6.9 3.7 6.9 5.8 0.0 7.1 6.4 1.7 1.5 5.5 1.5 3.0 3.9 1.2 8.8 8.2 5.4 8.5 1.0 8.4 7.4 8.0 1.5 5.1 4.1 1.5 7.9 1.0 9.8 7.3 8.8 7.7
double 79 28 9.3 9.1 1.5 4.9 5.7 4.0 5.2 3.6 5.1 8.7 2.6 6.2 5.5 8.3 9.4 8.0 9.7 6.5 6.5 1.3 6.1 7.8 7.8 7.8 4.0 1.1 4.7 4.5
int 17 12 5 40 75 62 85 62 80 36 97 2 8 80
int 94 90 73 81 3 69 16 83 67 85 2 30 57 81 67 10 66 87 71 77 45 64 38 71 47 15 92 11 57 5 53 71 80 40 30 75 20 90 77 98 86 4 89 31 44 88 10 18 19 59 27 9 19 79 16 0 96 53 58 30 93 6 49 54 72 60 94 54 33 46 29 71 28 59 41 21 88 66 33 85 70 29 61 60 8 82 62 6 78 79 97 87
double 93 50 6.9 9.7 0.4 9.8 0.2 0.5 3.8 3.2 6.5 1.6 8.1 7.9 2.3 2.7 7.1 1.3 8.2 4.0 1.6 8.8 1.9 8.9 1.3 5.9 5.1 7.1 8.3 6.4 3.8 1.2 8.4 5.9 0.1 7.4 3.3 5.9 1.4 4.9 9.5 2.2 4.1 1.6 7.7 5.2 6.5 9.1 3.8 1.0 6.7 5.5
int 93 5 41 48 4 34 68
char 44 1 u
double 14 66 0.3 7.2 2.0 3.2 5.3 2.4 3.3 5.7 6.5 3.2 8.0 6.7 6.6 9.0 6.8 2.6 2.8 7.9 4.4 0.3 4.9 3.3 0.3 1.0 4.0 2.7 1.0 2.7 8.2 9.3 8.7 6.3 6.1 6.5 9.9 5.1 1.8 8.1 5.8 0.3 5.8 3.8 7.8 6.4 5.7 7.2 2.1 2.2 5.6 6.7 6.0 9.8 4.3 3.4 4.1 1.9 5.2 6.2 1.1 1.1 9.3 0.5 8.1 5.1 6.0 9.8
double 26 75 7.0 5.3 6.8 5.2 7.8 5.6 8.1 9.5 8.6 2.9 3.1 7.8 5.9 5.2 8.9 5.8 3.8 5.4 7.2 0.8 5.6 7.1 4.7 0.3 1.1 7.4 1.9 0.7 0.5 9.9 8.8 6.1 4.5 3.5 9.2 3.2 7.6 6.7 0.3 6.7 9.9 5.4 6.7 1.2 1.4 2.9 9.3 7.7 5.4 1.2 3.1 8.9 2.6 4.7 9.9 8.9 7.4 3.6 1.2 8.7 5.7 0.3 9.1 8.2 2.9 2.7 6.1 5.2 9.6 4.6 8.3 9.7 5.4 3.2 0.2
int 1 27 27 44 22 36 73 54 33 56 51 91 34 31 22 79 2 76 80 69 88 29 85 2 10 27 74 60 99
double 43 9 1.6 2.9 6.1 3.3 3.0 4.6 3.2 8.3 7.3
bool 57 23 0 0 0 1 1 1 0 0 1 0 0 1 0 1 1 1 0 1 0 0 1 0 1
bool 68 21 1 1 1 0 1 0 1 1 0 1 1 0 1 0 1 1 1 0 0 0 1
char 3 57 k x l b n v m d w s y x h g s c z h y j g d f g n w f p d t l k h p e k h j n c y l c q m s s y g h w d v a e q j
double 91 93 1.8 4.4 0.4 6.3 7.9 1.5 7.2 4.3 0.7 1.7 2.6 1.7 8.0 5.7 6.9 3.6 5.8 0.0 2.2 7.4 3.5 2.8 1.4 5.8 9.9 2.7 9.2 2.1 4.0 8.9 3.6 4.3 9.3 4.6 2.1 2.8 9.4 1.8 0.2 4.3 9.6 2.7 1.7 8.5 0.3 7.2 7.6 8.5 1.1 6.6 5.4 5.4 4.2 4.3 0.0 5.0 6.6 0.9 3.4 9.8 0.0 8.2 1.6 8.5 9.3 5.3 2.4 2.1 4.8 1.1 7.5 4.3 0.3 2.3 1.6 2.3 8.5 0.3 1.2 1.7 8.4 6.9 0.7 6.6 0.4 8.4 8.1 6.5 7.2 3.0 6.0 8.7 1.5
bool 85 32 0 1 0 1 1 1 0 1 1 1 0 1 0 1 0 1 0 1 1 0 1 0 0 0 0 0 1 0 1 0 0 0
bool 58 17 0 0 0 1 1 0 0 0 1 1 1 1 0 0 0 1 0
char 59 76 q d v d l r w a m n k y x j s x p f d l z e h b g k v y p x f s m q h i b n g j t g r k p f e r a y x d z n p g k s d f p d j o b i c q f q m f s t q h
double 86 30 5.9 5.0 2.1 7.8 5.6 3.4 7.4 4.7 9.5 0.0 6.1 6.3 5.5 1.4 5.0 6.8 2.6 1.7 8.5 3.2 7.0 9.4 1.2 9.2 8.4 3.6 6.1 0.2 9.9 1.7
int 87 46 44 66 70 3 55 37 22 87 77 9 63 73 31 72 86 91 58 92 63 62 83 15 48 35 97 25 7 84 44 22 73 94 73 4 59 29 93 47 61 28 59 15 16 15 66 62
int 1 60 75 3 88 49 55 43 50 37 97 32 43 84 85 61 28 35 56 4 10 80 4 54 22 78 47 3 99 27 35 76 93 75 62 34 86 14 99 14 21 65 5 56 56 5 38 0 94 25 2 8 34 33 53 42 59 95 26 8 80 80
int 59 11 75 6 72 35 7 54 55 52 54 11 59
char 89 19 m v y q h t q w f y i a i s t v h b z
char 6 29 c o f d g b b g p d o x j u u y y c k i t f d r c l z m s
bool 40 8 0 1 0 1 1 1 0 1
double 64 25 8.7 9.9 1.9 1.9 2.1 2.4 7.8 2.9 3.3 5.4 9.3 8.7 2.1 9.5 1.8 8.2 2.9 2.8 3.0 4.0 3.9 3.4 6.7 2.9 7.9
bool 75 40 1 1 0 0 1 0 1 1 0 1 1 1 0 0 1 1 1 1 0 0 0 1 1 0 0 0 0 0 1 0 0 1 0 1 0 0 0 0 1 1
int 65 37 63 94 19 42 24 56 22 30 54 77 79 56 21 45 87 23 95 33 80 18 13 70 36 73 36 50 17 25 12 76 8 27 11 91 35 48 81
bool 1 48 1 1 1 1 1 0 0 1 0 1 1 0 1 1 0 0 0 1 1 1 1 1 0 1 0 0 1 0 1 1 0 0 0 0 1 0 1 0 0 1 0 0 1 1 0 1 0 0
bool 27 39 0 0 0 0 1 0 0 0 1 1 1 1 0 1 0 1 0 0 1 0 0 1 1 1 1 1 0 0 1 1 1 1 0 1 1 1 0 0 0
double 43 84 1.6 1.5 6.0 2.9 6.6 8.3 0.8 0.5 5.0 6.9 4.4 8.9 6.9 9.2 1.9 3.2 8.2 8.2 6.9 1.9 3.2 9.2 0.2 1.7 2.6 6.0 1.1 8.7 9.8 1.1 3.2 5.6 1.9 4.6 1.0 7.5 0.9 3.9 7.3 7.2 5.9 8.1 3.0 4.0 4.3 4.5 8.7 0.9 1.4 4.6 2.7 7.7 5.6 4.8 8.8 8.6 4.6 4.7 6.6 0.6 2.5 0.9 5.4 2.4 7.8 4.5 7.4 6.3 8.5 9.3 0.3 6.1 1.8 1.2 8.8 7.4 4.3 3.7 9.3 6.2 1.4 3.9 6.7 0.9
bool 62 7 0 1 0 1 0 0 0
char 44 25 l n n l p y q k x u v e r k q a l n y v z z f v z
bool 68 67 0 1 1 1 1 1 0 1 1 0 1 0 1 1 1 0 0 0 1 1 0 0 1 1 0 0 0 1 1 1 1 0 1 1 1 1 0 0 0 0 1 0 1 1 1 1 1 0 1 0 0 0 0 1 1 0 0 0 1 0 1 0 0 1 0 1 0
char 36 14 g j t o e p f o v t b m x o
bool 65 95 1 0 1 0 1 0 0 0 0 0 0 0 0 1 0 1 1 0 1 1 1 1 0 1 1 1 0 0 1 1 0 1 0 0 1 1 1 0 1 0 1 0 0 0 0 1 1 0 1 1 0 1 0 1 1 0 1 0 1 0 0 1 1 1 0 1 1 1 0 0 1 0 0 0 1 0 0 0 1 1 0 1 1 0 0 1 1 1 1 0 1 0 0 1 0
int 67 59 95 49 30 66 83 3 86 84 5 42 28 35 35 32 78 61 11 95 18 61 19 75 54 4 83 11 10 79 32 67 16 22 42 85 24 20 59 24 79 39 33 44 26 82 46 60 3 26 48 76 19 73 12 83 76 69 78 23 36
int 98 15 26 89 29 96 41 6 1 22 71 95 67 12 75 49 47
double 64 6 6.2 7.1 7.7 3.3 7.3 1.8
int 56 18 45 76 96 96 5 38 96 66 4 48 98 12 80 3 76 52 36 98
int 81 82 5 23 75 49 82 60 94 39 65 93 57 68 34 29 96 11 85 22 33 70 1 52 71 89 66 48 57 33 33 9 93 45 5 70 3 0 39 29 20 4 17 34 99 19 92 94 73 96 85 49 79 36 77 54 6 17 32 31 50 62 66 21 7 13 94 16 60 94 88 42 73 20 22 60 56 5 26 14 54 17 14 72
double 10 21 4.5 5.8 6.1 0.6 7.8 3.6 0.5 1.9 1.0 3.5 6.0 9.3 3.7 2.3 6.9 4.3 2.3 4.1 0.1 2.0 8.4
double 87 85 4.2 8.5 5.0 9.3 5.0 7.3 1.3 5.4 1.4 5.2 8.2 7.0 3.8 8.1 4.9 9.9 9.3 9.5 2.1 9.2 0.0 1.7 0.4 6.4 6.5 8.9 1.1 9.7 4.8 5.4 0.4 5.6 7.6 1.8 8.4 6.5 9.8 1.4 4.8 4.6 8.9 6.7 2.1 0.5 0.6 6.1 6.6 5.3 4.2 5.6 5.1 4.0 3.1 6.0 2.8 9.4 6.8 1.7 2.0 0.1 3.9 5.7 9.0 7.4 5.0 6.6 9.5 5.9 7.8 1.5 9.4 1.7 2.6 7.3 5.6 4.0 3.9 4.5 7.2 8.0 3.8 7.2 5.0 9.0 6.7
double 5 86 9.1 5.6 1.0 9.5 4.1 4.1 0.5 4.0 8.2 0.5 4.0 7.7 6.8 8.2 9.0 1.3 8.0 1.5 4.2 7.2 1.7 0.3 5.9 6.9 0.6 1.3 7.7 0.4 1.2 7.1 8.7 8.7 5.2 5.3 5.4 7.8 9.6 3.3 9.3 1.7 7.6 0.5 8.6 2.5 5.9 1.3 7.2 6.1 7.9 8.5 3.6 0.7 7.3 2.4 2.9 5.7 8.8 5.0 7.5 4.1 1.7 5.9 1.5 4.5 5.5 2.6 0.9 7.9 2.4 6.1 7.4 0.4 9.9 7.7 0.5 4.5 1.2 3.7 7.2 5.0 3.3 3.8 7.4 7.5 5.0 5.3
int 49 39 80 54 93 51 2 72 98 79 50 11 14 41 48 7 72 92 8 69 5 88 44 59 4 65 92 90 10 55 94 11 70 18 50 76 69 48 96 8 5
bool 12 37 0 1 0 1 1 0 1 1 1 1 1 0 0 1 0 1 1 1 0 1 1 1 1 0 0 0 0 1 1 0 0 1 1 0 1 1 1
int 34 85 13 39 7 72 14 41 53 91 94 47 17 51 79 79 55 5 75 54 8 22 52 82 16 81 8 9 99 46 32 40 88 60 37 85 77 80 73 67 44 98 92 76 33 92 34 70 85 85 30 89 34 55 19 0 93 88 38 8 20 77 53 88 84 97 94 47 6 28 83 55 96 63 20 31 58 87 42 96 37 4 78 83 61 65 73
int 70 2 79 54
double 32 61 4.6 5.5 6.0 2.1 7.8 3.2 0.9 5.3 7.1 9.2 0.2 1.6 3.9 3.4 2.0 7.9 5.8 2.6 7.3 2.6 1.1 1.9 0.4 6.6 5.4 1.6 1.0 6.0 9.5 8.1 4.7 5.6 4.2 1.6 0.0 4.8 2.4 1.7 2.9 1.4 7.6 5.3 4.2 0.1 7.7 1.4 5.4 2.3 1.9 6.7 4.5 4.2 3.3 9.7 4.3 8.0 3.0 9.5 1.1 6.0 0.2
bool 3 22 0 1 1 0 1 1 0 0 0 0 0 0 0 0 0 0 0 1 1 0 0 0
double 92 81 9.8 6.8 9.4 4.5 1.5 1.6 1.4 4.5 0.9 9.9 1.8 9.4 6.5 0.3 4.4 9.2 1.2 6.3 7.6 3.8 0.5 3.0 2.8 8.5 5.8 8.5 3.6 8.3 8.8 2.4 1.4 2.8 2.7 6.2 0.4 0.7 0.8 0.0 5.1 0.7 6.7 6.3 0.6 0.4 5.6 9.3 4.8 5.1 2.1 1.7 8.6 3.6 0.0 5.8 6.0 9.1 9.7 6.6 3.7 3.7 9.5 2.7 3.4 7.3 2.3 7.8 0.7 9.4 2.4 6.7 2.0 6.7 3.7 6.3 4.3 7.6 0.4 5.5 7.3 5.0 3.7
double 2 93 9.8 9.8 7.4 0.8 8.7 7.9 7.3 4.5 6.8 4.5 0.8 9.8 2.7 9.5 7.8 6.3 0.0 0.1 8.6 9.8 1.3 8.3 6.5 5.1 1.4 5.6 1.7 2.8 1.5 3.9 5.1 7.9 2.9 4.5 2.1 6.0 9.9 4.5 0.8 0.9 4.6 5.6 7.1 7.5 3.9 0.9 0.9 3.9 6.3 4.4 3.2 4.1 7.1 5.3 9.1 0.4 5.8 8.8 5.7 5.8 3.5 8.6 1.8 7.2 2.7 0.3 1.3 2.9 8.2 7.7 4.7 5.1 6.1 5.5 1.9 3.5 4.0 5.5 4.2 0.7 7.3 6.9 7.7 2.5 2.1 0.6 3.3 0.9 6.9 9.6 1.4 4.5 0.4
bool 13 82 1 1 1 0 0 1 1 1 0 0 0 1 0 1 0 0 1 0 1 0 1 1 0 1 1 1 1 0 0 1 0 1 1 1 1 0 0 0 1 0 0 1 1 1 1 0 0 0 1 0 0 1 1 0 1 0 0 1 1 0 1 1 0 0 0 0 1 1 0 0 0 1 1 1 1 1 1 1 1 0 0 1
double 38 28 2.3 8.9 0.5 4.6 9.9 5.7 4.8 8.2 6.5 1.2 2.1 3.8 1.0 6.4 5.8 6.5 6.5 2.8 6.3 0.6 3.3 3.7 7.4 8.8 5.9 4.1 0.6 5.2
double 50 17 7.8 9.9 7.8 6.4 1.1 9.2 1.5 1.0 3.5 6.7 2.4 9.0 9.9 7.7 3.9 8.1 8.1
double 57 38 3.1 0.1 9.3 1.2 3.8 7.8 4.2 2.0 6.8 8.2 5.7 6.5 3.6 5.3 4.6 7.5 4.6 5.4 5.2 0.3 3.3 0.1 7.9 7.2 8.4 2.6 4.2 9.0 9.2 7.0 6.1 6.4 1.7 4.9 6.9 4.0 8.1 1.5
int 25 30 53 78 85 18 15 57 32 14 3 48 99 39 45 44 21 47 43 49 28 38 39 4 33 44 42 38 11 7 1 43
double 46 74 9.5 0.3 5.0 8.2 6.7 6.3 2.2 3.5 3.9 9.1 3.1 0.8 0.4 6.0 4.8 9.7 0.7 2.9 2.1 8.2 0.5 1.1 2.3 7.6 5.3 2.1 4.3 9.1 3.2 8.3 1.0 4.6 8.0 2.4 6.8 7.9 4.1 1.2 3.6 4.0 9.2 7.9 0.7 7.0 1.2 0.0 7.9 1.8 9.0 4.1 0.2 8.5 9.6 2.7 9.5 2.0 5.0 6.1 8.0 2.3 0.1 0.4 6.0 2.6 7.2 5.3 9.9 1.0 0.0 7.4 0.0 6.5 2.2 6.1
int 1 23 46 3 34 53 44 58 24 17 0 75 45 10 15 81 30 87 74 99 97 13 54 27 12
double 67 12 5.7 8.8 8.1 8.6 1.7 7.1 6.5 4.3 6.9 8.0 6.7 8.5
int 88 85 20 74 8 33 42 93 80 66 25 70 22 23 62 38 96 64 78 14 68 44 7 65 87 51 58 10 0 40 61 4 45 33 15 63 39 80 14 37 86 82 20 68 55 47 56 62 94 29 47 43 18 72 50 65 59 69 87 18 22 81 88 9 90 81 87 50 38 52 75 35 10 33 89 11 36 25 54 75 20 82 92 90 77 81 51
int 84 89 27 65 90 92 36 23 44 95 75 33 82 30 88 38 91 8 75 86 46 87 99 10 79 52 95 2 61 60 35 5 56 82 5 3 18 58 99 14 89 13 24 31 29 98 21 46 20 77 54 4 21 10 5 16 37 39 50 88 3 49 11 94 31 53 75 39 13 71 69 13 15 63 66 63 12 95 11 53 42 59 80 99 95 67 10 71 55 94 49
char 73 59 e n l q f c p v o y h w j u z s l r r u i b f w m s m z s o t i q x d z w t k l o k g f d w n m w t f z o r d s d m r
char 34 52 z v w e j z v w u t h m x n x p v m j i c i x r o r m r g a z f s m m x h n k y k a z s f l x e p h d a
bool 1 20 1 1 1 0 0 1 0 1 1 0 0 0 1 0 0 1 1 1 0 1
bool 94 69 1 0 1 1 0 0 0 1 1 1 0 1 0 0 0 1 1 0 0 1 1 1 1 0 0 0 0 1 1 0 0 1 0 0 0 0 1 1 1 0 1 1 1 0 1 0 0 0 0 0 0 1 1 0 0 0 0 0 1 0 1 1 1 1 0 1 0 1 1
int 75 44 16 58 4 12 93 3 68 33 94 40 56 70 2 23 36 1 18 73 74 33 91 74 49 49 7 61 70 12 2 29 13 73 93 26 18 8 54 49 10 59 53 39 12 78
double 35 57 4.7 6.7 8.7 1.6 4.3 5.4 0.6 1.4 4.3 4.0 0.0 8.6 1.0 6.8 2.0 1.2 3.8 2.9 9.7 0.7 8.5 2.4 8.9 4.2 4.8 2.3 1.3 4.4 5.7 3.8 8.5 7.9 2.7 6.9 9.2 1.0 4.2 5.8 1.9 4.5 5.4 6.4 7.9 7.7 3.2 4.3 1.6 5.3 9.1 8.2 9.0 2.1 5.7 9.1 0.5 9.3 7.1
int 60 50 82 16 81 85 84 51 95 70 6 76 69 96 48 32 45 69 75 69 4 6 21 68 0 32 47 51 91 91 75 73 24 9 59 54 77 1 28 66 17 65 6 77 62 77 43 41 61 8 38 43
double 12 37 9.4 4.0 8.0 9.3 2.1 2.5 8.5 1.9 2.6 2.2 6.9 3.8 4.5 4.7 2.6 0.4 5.0 4.9 8.4 5.9 4.1 2.2 0.3 7.1 8.2 7.6 2.3 5.8 8.6 9.0 5.5 9.1 8.6 7.3 0.8 2.5 8.9
double 2 25 3.1 0.3 9.2 6.2 4.9 5.1 4.9 9.4 2.5 5.2 6.6 0.5 0.2 5.5 7.0 5.3 8.3 3.1 1.3 3.1 2.4 5.0 5.4 6.0 2.3
bool 24 58 0 0 0 0 1 1 0 0 1 0 1 0 1 1 0 1 0 1 0 1 0 0 0 0 0 0 0 1 1 0 0 1 1 1 1 0 0 0 1 1 0 0 0 1 0 0 1 1 0 1 1 1 0 0 1 1 1 1
double 10 37 2.7 6.7 5.9 5.8 2.3 9.0 2.1 3.6 9.6 0.5 4.6 9.3 1.9 1.1 0.2 4.4 0.1 5.2 7.6 3.8 1.4 4.4 3.5 2.6 7.8 9.4 1.5 4.8 8.4 7.4 9.1 0.2 2.8 2.3 9.2 6.6 9.6
int 92 32 88 68 63 4 88 27 58 86 79 77 40 7 81 3 24 90 69 32 2 68 88 24 23 18 40 60 63 84 34 46 35 51
int 79 27 51 40 59 40 46 79 33 27 55 49 85 81 51 70 56 30 19 83 50 15 76 49 61 84 7 4 68
char 11 45 z t l u w v t u h z a y n p m p w c b v a g n j c g z t l g i l l c x l p p x a s m o p n
char 77 83 a z m q d l j x j k r z g t o k q e n b z m u r q d z c b j y p d a u q x h r j r c g c u o e c v h v q w l s p i b w c x v d m p d w w t h t d k j m r f y i e g f h
int 9 10 30 85 58 59 73 31 2 54 16 19
double 43 32 9.5 4.0 4.9 5.8 9.8 9.2 5.1 2.3 2.6 9.0 9.6 1.4 4.1 6.5 3.7 2.2 9.0 9.2 3.2 4.9 1.5 5.1 0.0 4.7 9.8 6.0 3.3 0.2 2.1 6.9 3.7 1.8
char 28 96 s a j f w e h y j y v d n u q b z l l z k j h k p r m l b t p k i r z r c y o p g n c m q b x b u t d q b n i o m p r a f x r u j a v v b t i j x t w q d w j j n e h y y c i v w j c j o h i y
double 40 14 9.6 4.2 0.3 6.2 2.3 8.8 7.2 3.6 7.5 9.3 0.1 3.9 3.5 1.8
char 69 87 k x c n n s b o g i u q c z f j d v x z t r l m t m l y w r d h l w n l z d q o l i c d u h w e n a w z b b m g g i a a d j p r p s o x w h v q g i p t p o r x q w q f k d i
int 20 85 21 82 60 72 70 75 44 10 41 82 44 70 37 5 40 80 52 14 53 47 14 46 10 35 11 47 60 98 48 92 78 80 68 33 9 12 86 82 93 16 25 84 64 12 23 62 47 69 39 74 57 14 19 32 30 90 57 78 29 89 64 29 58 75 9 22 11 60 70 33 35 90 82 90 79 12 14 13 40 21 68 92 2 12 59
bool 94 35 0 0 1 1 0 1 1 0 0 1 1 0 1 0 1 0 1 1 0 1 0 0 1 1 0 1 1 1 0 1 1 0 0 1 0
int 69 27 38 74 82 6 79 52 0 77 63 88 52 70 37 70 67 84 61 90 1 69 24 33 89 58 50 86 34
bool 87 71 1 0 0 0 0 1 1 1 0 0 0 0 0 0 0 1 0 1 0 1 0 1 1 1 0 0 1 1 1 0 0 0 1 1 1 0 0 0 0 1 1 0 1 0 0 1 1 1 1 1 1 0 1 0 1 0 1 0 1 0 1 1 0 0 0 0 0 1 1 1 1
bool 6 8 1 0 0 0 1 0 1 0
bool 80 59 0 0 1 1 0 0 1 0 0 0 0 1 0 1 1 0 1 0 1 1 0 0 1 0 1 0 1 1 0 1 1 1 1 1 1 0 0 0 1 1 0 1 1 1 1 1 0 1 1 1 0 1 0 1 0 1 1 0 0
double 7 58 7.8 7.2 4.7 0.7 3.7 9.4 4.4 0.5 0.2 2.1 8.3 8.9 7.6 5.6 6.6 3.0 4.6 3.0 5.6 9.1 4.4 9.7 8.2 7.3 1.9 2.4 2.8 9.5 3.4 5.5 9.3 4.3 7.4 5.9 0.8 8.6 2.1 2.1 1.1 3.9 4.6 7.5 7.4 1.2 1.2 8.5 1.1 0.0 8.9 8.8 5.1 4.3 6.5 0.8 7.3 4.4 0.3 9.9
int 46 85 24 80 65 51 25 89 73 75 71 65 80 89 2 73 77 58 40 12 31 79 9 43 15 10 92 75 5 65 55 63 19 48 57 39 52 36 86 51 18 75 12 4 71 13 5 87 46 87 35 36 37 8 75 50 73 62 13 4 4 70 8 51 34 50 81 21 91 2 92 25 52 57 59 76 80 61 33 28 29 33 18 70 59 74 10
int 47 20 44 67 5 17 1 80 43 14 69 37 97 40 68 75 66 23 84 65 13 25
bool 66 48 1 1 0 1 0 0 1 1 0 1 1 0 1 1 1 0 1 0 0 1 1 1 0 0 0 0 1 0 1 1 1 1 1 1 1 1 0 0 1 1 0 0 0 1 0 1 1 1
bool 51 6 0 1 1 0 1 0
double 60 52 5.1 7.9 2.5 9.0 6.1 1.0 7.0 8.1 3.4 7.2 2.9 8.9 9.3 0.3 1.0 8.1 0.6 6.2 8.1 3.4 5.4 3.7 5.7 7.3 8.2 7.5 4.3 8.6 7.2 3.5 4.9 7.1 2.3 0.6 5.2 5.4 6.0 7.8 8.7 5.0 6.8 6.6 6.9 1.7 0.4 4.0 5.3 2.5 1.1 4.2 7.1 5.6
char 26 47 h f p v h a x e n t c g b d b d l c y y l l f a q n r l z l o m f o n m i h l f g t a o a n s
double 35 7 9.5 1.0 2.1 1.6 1.2 9.9 5.9
char 34 15 a n m j j t h e a y g x h n q
