int 11 12 42 34 13 15 80 53 81 9 1 56
bool 12 1 1 0 1 1 1 0 1 1 0 0 1
bool 12 1 0 1 0 1 0 0 0 0 0 0 1
bool 13 0 1 1 1 1 1 1 1 1 1 1 0 1
char 13 a n s d q k o a t m o j c
bool 13 0 1 1 0 0 1 1 1 1 0 1 1 1
int 15 65 42 23 2 40 32 28 25 3 8 6 43 9 3 42
double 15 4.19 7.27 0.53 1.28 7.54 3.97 2.7 9.36 5.53 9.13 5.46 0.37 2.46 7.54 1.44
int 18 57 74 22 14 62 36 26 89 96 24 61 41 86 89 29 88 83 51
char 18 i t t d r m n s n p l p e c m t l p
int 19 76 27 86 17 61 12 95 18 57 92 98 77 36 88 98 26 88 6 83
char 19 d r q c j s f j c p f t l b o o c g d
bool 19 1 1 0 1 0 1 0 0 0 0 1 1 1 0 1 0 1 1 1
double 19 6.69 1.76 1.93 4.2 9.5 5.12 1.83 8.57 4.78 8.93 4.3 1.37 7.93 2.99 3.89 6 8.67 5.12 1.53
char 20 c s o g g m p b r b s o a r h l c m r e
int 20 53 56 45 45 1 27 42 77 94 46 84 27 56 68 36 14 85 60 60 98
bool 24 1 1 0 1 1 0 0 1 1 1 0 1 0 1 0 0 1 1 1 1 0 1 1 1
double 25 5.03 0.91 1.49 7.69 2.28 6.23 0.31 1.54 0.85 7.64 6.96 8.81 5.86 9.35 3.02 0.54 0.29 7.01 9.6 7.18 7.66 8.75 0.5 6.93 0.1
char 25 b t e c k r i l d e m f s m h r p h b c r e i n p
bool 27 0 0 1 1 1 1 1 1 0 0 0 1 1 1 1 1 0 1 0 0 0 0 0 0 0 0 0
double 27 4.92 8.73 8.03 2.64 6.51 1.26 7.08 7.05 9.72 1.42 5.88 4.42 7.65 2.99 2.74 2 9.09 1.69 9.82 0.57 1.85 4.01 3.43 5.87 5.26 4.13 8.67
bool 27 0 0 0 1 0 0 0 0 1 1 0 1 1 0 0 1 0 1 1 0 0 1 0 0 0 0 0
double 28 2.69 5.48 0.53 2.59 3.79 6.81 9.6 7.11 5.68 1.86 0.34 1.96 0.77 1.55 8.11 6.62 9.3 4.62 0.26 7.91 6.66 8.88 6.95 9.93 0.18 1.45 7.52 1.03
int 31 30 36 72 59 93 5 36 47 28 15 7 40 66 59 15 96 63 34 30 63 57 39 58 49 15 18 93 98 48 42 87
double 32 9.58 6.82 5.59 5.63 4.86 9.75 4.47 8.07 5.23 1.1 7.6 6.58 8.83 1.73 2.92 8.64 8.53 2.67 5.34 1.07 3.76 7.19 5.38 6.29 8.39 9.23 8.82 0.97 3.36 6.68 1.59 0.35
int 33 26 24 77 45 99 50 4 43 2 73 1 87 99 18 99 74 32 14 88 90 86 19 63 44 85 60 80 96 86 25 5 71 82
bool 33 1 0 0 1 1 1 1 1 0 0 0 0 1 1 1 1 1 1 0 0 1 0 1 1 0 0 0 0 0 1 1 0 1
bool 34 1 1 1 1 1 1 0 0 1 0 0 0 1 1 1 0 1 0 0 0 0 0 0 1 1 0 1 1 1 0 0 0 0 0
int 35 87 46 66 42 59 58 27 35 82 76 10 25 50 94 23 41 38 4 18 19 14 60 20 87 92 26 45 75 59 51 58 22 18 18 33
double 36 4.59 4.73 5.56 4.49 2 2.27 8.94 2.26 7.57 7.64 9.97 5.97 4.66 2.31 6.99 1.17 6.65 3.8 4.95 1.15 4.38 9.15 5.12 9.4 8.78 1.61 9.49 3.8 8.42 1.39 5.49 4.66 3.01 8.8 6.29 8.07
double 38 8.37 1.62 5.84 0.79 9.45 9.23 0.27 0.2 6.85 2.27 7.4 1 1.06 0.35 6.18 3.51 6.53 9.3 8.5 8.61 4.58 3.75 1.62 5.48 3.54 3.24 7.88 6.35 4.26 2.53 8.07 0.15 9.03 4.52 4.93 3.42 9.65 2.74
int 39 63 34 30 70 14 41 17 60 9 49 72 33 61 42 16 32 99 58 38 14 66 27 99 64 16 56 59 29 92 35 22 51 91 96 33 52 52 58 43
double 40 8.88 8.87 1.74 3.92 6.77 4.83 3.02 2.68 0.56 6.21 7.4 3.88 9.68 4.83 3.27 9.29 5.1 9.02 8.85 6.1 8.81 7.83 2.35 0.41 7.05 2.33 8.64 1.28 7.49 0.52 3.9 4.16 5.62 2.82 0.3 7.97 9.14 8.11 6.1 3.46
double 40 0.55 7.34 3.01 2.96 4.04 5.3 4.24 4.16 7.09 3.9 9.64 5.62 3.14 7.42 6.29 1.21 1.01 4.5 9.78 8.79 8.89 4.02 8.16 7.84 1.9 5.83 5.21 0.04 2.79 5.75 2.85 8.41 7.34 6.4 3.38 4.22 6.51 9.9 8.41 6.01
double 40 6.5 8.47 4.38 5.81 4.19 3.55 3.88 9.88 9.29 5.38 3.86 6.2 8.16 1.69 6.35 6.51 6.13 5.62 7.31 7.19 5.76 5.69 4.36 7.19 9.18 6.12 5.69 2.47 5.28 3.09 6.88 0.18 8.72 9.09 2.96 5.3 8.14 8.06 7.06 6.72
int 43 58 29 76 40 66 48 73 6 3 7 65 6 26 59 76 93 93 62 77 27 4 70 28 77 47 91 42 80 44 79 9 62 75 30 19 95 51 68 89 63 81 66 21
char 45 i i r m o c j p q k i t n i c g f i o i e p k q o j a i k n a g j f e d i a o t s m t l f
double 46 7.9 8.02 9.18 3.62 2.34 5.28 2.91 8.04 8.86 6.7 8.19 2.21 6 0.51 0.03 9.48 0.33 7.04 8.9 3.85 6.24 3.01 8.13 2.42 6.71 2.82 7.86 5.7 5.75 2.89 7.22 2.66 1.09 7.5 2.69 7.61 6.54 7.23 6.01 7.87 2.25 3.97 6.25 5.56 4.25 7.62
bool 47 0 1 1 0 0 0 0 0 1 0 0 0 0 0 1 0 1 0 0 1 0 0 1 0 0 0 1 1 0 0 0 0 0 0 1 0 1 1 1 1 0 1 1 1 0 0 1
bool 47 1 1 0 1 1 0 0 1 0 1 1 1 1 1 1 1 1 0 0 0 0 0 1 0 0 0 1 0 1 1 0 1 1 0 0 1 0 1 1 1 0 0 0 0 0 0 0
bool 51 1 1 1 0 0 0 0 1 1 1 0 1 0 1 1 1 1 0 0 1 1 0 0 1 0 0 0 0 1 1 0 0 0 0 1 0 0 0 0 1 1 1 0 1 0 0 1 0 1 0 0
double 52 2.5 1.53 6.47 0.5 8.78 2.64 0.24 8.27 5.48 4.21 3.84 7.97 0.57 3.69 9.86 7.43 2.9 7.84 9.2 4.01 5.79 0.07 2.56 8.25 1.72 7.92 9.94 3.67 6.7 0.84 0.02 7.81 8.09 2.02 7.41 6.35 5.23 3.68 1.97 7.51 4.95 9.82 2.6 9.03 4.47 8.72 6.88 0.45 3.38 0.07 0.48 7.49
int 52 5 82 2 6 42 62 45 82 73 44 59 93 18 13 95 13 8 54 16 64 26 3 91 7 20 53 78 9 56 93 61 74 92 81 20 27 99 17 30 87 68 69 51 92 72 44 10 94 76 2 1 83
bool 52 1 0 0 0 1 1 1 1 1 1 1 0 0 1 0 1 1 1 0 1 1 0 1 1 1 1 1 1 0 1 1 0 1 1 1 0 0 1 0 0 1 0 1 0 1 1 0 1 0 1 1 1
bool 53 0 1 1 1 0 1 1 1 0 1 0 0 1 0 1 1 0 0 0 1 0 1 1 1 0 0 1 0 0 1 1 1 1 1 1 1 0 0 0 0 1 0 0 1 1 1 1 0 0 1 1 0 0
char 55 h o d b c f f j o f m p i d o d d j e m d d o f r i n e g f l g h m h j e p d n i e l r m m r r r p m o p l e
double 56 2.72 9.58 3.87 0.95 2.21 7.7 5.34 2.69 0.15 3.26 0.32 7.6 8.46 3.29 7.06 4.02 5.22 2.18 2.42 2.78 2.88 5.85 0.85 9.97 2.02 4.5 0.9 4.48 6.79 7.66 1.15 7.41 6.5 5.78 8.46 5.43 8.71 7.8 2.59 0.81 0.61 2.52 3.52 2.28 3.95 5.76 4.39 6.91 7.77 1.21 6.06 9.74 8 3.82 4.58 0.65
char 56 r q b o a b q i m n t a b s e l g g i p t h p f q k t l c a e b r k l p d n k h k d h p t m l k a r q t f g r i
double 56 1.31 1.7 1.26 2.88 7.73 6.17 1 1.33 8.28 9.21 6.56 7.16 9.85 3.58 2.08 5.59 8.16 0.92 8.19 4.24 1.84 1.9 6.02 9.21 1.01 9.91 7.51 9.58 2.68 9.8 5.09 0.25 0.72 5.88 4.49 8.52 4.28 2.93 8.61 9.7 1.87 1.97 4.6 4.11 0.21 5 8.69 3.83 4.45 2.89 7 3.98 1.48 3.84 7.79 5.71
int 57 91 70 73 94 29 38 84 85 6 93 68 15 89 72 29 77 27 89 97 70 71 19 66 14 54 28 83 27 74 47 90 20 9 62 2 88 28 32 30 7 9 20 57 93 58 43 5 25 98 74 95 63 64 2 6 64 9
char 58 h k d r f n d g j h o p o q d c f i d r t g f g l i e s c h h l g b k a g g r f p e o l k f d j q j c a f o k e h g
int 59 24 95 19 91 73 86 12 40 88 92 75 46 50 76 36 70 85 77 31 69 75 25 47 89 99 12 1 6 16 32 79 23 45 34 32 16 45 51 7 79 20 8 38 39 14 17 6 91 10 94 22 74 63 57 60 24 30 82 76
int 60 7 78 2 3 3 55 74 53 66 16 49 14 54 81 33 7 81 89 77 67 83 89 69 74 56 83 62 2 97 26 90 86 50 44 20 64 24 76 19 63 93 93 28 19 75 79 81 76 28 16 33 45 19 37 94 57 64 45 59 8
int 61 18 9 54 71 54 25 13 73 92 72 12 75 88 23 52 28 76 28 23 70 61 97 68 45 29 51 26 38 71 16 21 62 20 35 7 14 12 61 78 64 32 64 55 33 16 34 5 89 70 98 33 87 25 30 9 16 82 56 98 36 42
double 63 5.57 8.2 3.82 2.97 0.18 0.42 9.07 0.77 5.98 8.98 2.42 2.37 6.43 4.71 2.02 1.82 7.66 1.16 1.91 4.69 8.46 5.2 9.76 8.84 1.89 1.89 5.74 1.44 2.74 9.65 8.99 2.36 3.14 5.11 0.38 2.21 9.3 8.95 9.34 9.2 4.16 2.66 5.99 8.05 4.77 2.47 8.6 4.71 7.24 7.35 7.58 0.89 8.58 2.88 1.41 3.85 8.05 8.6 8.51 6.27 3.29 9.65 3.24
double 66 7.6 9.39 6.87 8.64 8.62 7.67 0.18 5.51 3.77 1.14 9.43 0.52 8.13 6.13 5.64 9.7 6.44 0.45 0.12 5.14 6.37 5.82 2.55 5.52 0.73 9.41 3.46 3.66 3.39 5.23 2.84 9.09 4.86 2.21 6.09 6.08 2.57 0.42 6.07 5.87 0.39 8.47 8.96 4.67 7.06 3.36 1.56 5.65 3.14 9.21 7.27 4.96 3.65 4.05 6.13 2.22 3.58 7.42 4.67 7.84 3.84 2.77 7.46 6.83 6.93 4.18
bool 66 1 1 1 0 0 1 1 0 1 0 0 0 1 1 1 1 0 1 0 0 1 0 1 0 1 1 1 0 1 1 1 1 0 1 0 1 1 1 1 1 0 0 0 0 0 1 0 1 0 0 0 1 1 1 1 1 0 0 0 0 1 1 1 0 1 0
bool 68 1 1 0 1 0 0 0 0 1 0 1 0 1 0 0 1 1 1 0 1 1 1 1 1 1 0 0 1 1 0 1 1 0 1 0 1 0 0 0 1 0 0 1 0 1 1 0 1 1 1 1 0 0 0 0 0 0 1 1 0 0 1 1 1 0 0 1 0
int 68 96 95 63 9 32 65 91 53 20 20 12 20 72 34 18 97 47 53 64 70 19 14 9 95 44 96 8 1 59 2 6 48 47 70 23 43 18 89 47 47 87 79 18 8 8 17 57 99 91 24 51 70 61 68 53 2 9 63 38 92 85 48 62 33 21 65 84 62
int 69 31 94 81 7 62 67 83 34 7 9 4 18 28 25 86 64 99 13 93 64 44 6 53 69 99 14 50 25 42 76 34 12 49 53 7 90 12 99 38 42 86 57 75 36 5 63 98 21 2 59 80 50 94 17 4 59 8 44 63 31 60 81 81 12 35 74 81 36 7
int 69 44 49 67 13 77 39 28 93 14 73 85 23 15 84 1 27 27 52 39 95 67 65 91 39 4 88 5 9 13 80 71 80 66 51 89 37 58 22 28 80 69 12 88 86 92 57 51 7 31 94 26 86 38 88 55 12 9 96 12 60 4 72 36 58 75 90 38 29 21
char 70 t g p r t a j o j p c n b f q c c r l f i k t c f l i e d l s q b m b j f i e p p r b i p j h s c f r r k t k p g l r p a l q b r f g j r d
int 72 31 7 36 11 28 20 64 94 30 6 42 3 31 94 90 90 98 16 11 25 81 82 29 48 8 27 71 9 66 22 46 83 15 34 47 22 11 21 3 81 47 42 33 44 87 29 29 65 98 87 38 64 9 12 34 82 96 29 55 62 76 63 53 16 53 84 51 49 38 31 51 62
bool 73 1 1 1 0 1 0 1 0 1 1 0 0 0 1 0 1 0 1 1 0 0 0 1 1 0 1 0 0 0 0 1 1 0 0 1 0 1 1 1 1 1 1 1 0 1 0 1 0 0 0 1 0 1 1 0 1 1 0 0 1 0 1 0 0 0 0 1 0 0 1 1 1 0
int 73 4 40 51 17 54 11 50 63 56 38 60 39 71 95 93 67 33 84 84 16 80 79 44 27 87 61 29 36 80 6 37 30 69 94 75 83 38 14 67 76 91 78 27 80 84 47 27 69 21 4 39 96 60 70 74 20 78 13 80 5 6 80 3 52 38 62 47 63 17 38 56 9 50
char 73 a e e s l k s r g d t n k c b f o f i e b o h n b i q o q j i r f q b g d f a q n f e a l r c r q l i j e h s m p h b j m k o n l k p p q j m n q
double 76 8.28 1.63 4.89 1.73 2.37 9.91 8.79 4.23 5.26 2.04 5.65 7.73 8.16 5.87 5.83 3.77 1.51 7.31 9.07 7.51 6 1.67 3.53 2.59 0.19 6.33 4.78 0.44 2.86 5.36 2.92 9.54 1.77 7.34 3.87 9.04 2.29 9.3 0.81 6.94 2.2 8.87 5.55 0.9 3.67 4.05 4.78 1.59 4.76 7.52 8.64 2.71 8.76 4.41 9.33 4.27 3.34 1.19 0.15 0.77 2.88 5.05 5.42 7.16 7.74 1.08 7.94 2.58 1.73 7.72 1.82 5.17 3.83 2.62 1.83 5.76
double 78 0.04 8.82 6.72 5.87 4.98 3.3 6.51 5.98 2.33 8.69 5.96 6.26 4.91 3.94 9.41 2.89 1.49 7.15 3.43 0.74 4.59 2.35 7.13 2.5 3.23 4.07 7.58 7.02 2.57 8.79 8.21 1.68 2.01 7.08 4.89 0.07 8.91 8.74 1.96 4.48 8.04 8.64 3.4 5.06 7.42 5 8.86 3.17 5.78 3.25 7.69 2.99 6.41 3.79 3.02 0.03 0.34 2.79 1.93 9.99 2.15 0.81 6.4 8.91 3.98 8.79 0.71 7.81 3.08 1.76 9.66 9.99 4.4 0.92 1.89 3.85 9.31 1.03
int 80 41 89 76 1 97 50 48 68 13 10 23 15 95 75 16 13 72 29 99 58 99 6 27 9 25 24 49 61 24 17 63 19 7 23 14 13 98 84 17 55 99 28 92 67 86 87 40 77 59 85 83 98 20 70 79 23 21 74 95 87 25 99 79 2 15 52 33 73 83 68 64 56 13 90 46 49 17 60 13 85
double 81 7.66 4.16 0.11 7.32 6.45 3.91 8.45 8.9 2.66 7.05 0.21 8.01 6.34 3.74 8.95 0.09 6.16 0.9 1.19 6.84 8.5 8.23 1.04 7.17 6.11 0.08 6.63 7.41 3.68 3.72 8.88 4.12 2.81 1.05 5.73 6.52 9.59 5.46 8.56 8.89 7.13 3.43 8.13 0.67 4.59 6.47 9.71 8.25 1.1 6.12 0.61 3.52 6.58 0.08 9.86 5.49 0.81 1.84 2.55 8.56 7.03 2.27 1.17 3.14 6.51 9.15 0.17 4.18 0.8 4.51 6.94 6.92 4.2 9.37 1 3.03 7.43 5.88 0.03 5.21 4.52
bool 82 1 0 1 0 0 0 0 1 0 0 0 0 1 1 1 1 0 0 1 1 0 0 1 1 0 1 0 0 0 1 1 1 1 0 1 1 1 0 1 0 0 1 1 1 0 0 1 1 1 0 0 0 1 1 0 0 0 1 0 0 0 1 1 0 1 0 1 0 0 1 1 1 1 1 0 0 0 0 1 0 0 0
bool 83 1 1 1 1 0 0 1 1 1 1 0 0 0 0 0 1 0 1 0 0 1 1 1 0 0 1 1 0 0 0 0 0 0 1 1 1 0 0 0 0 1 0 1 0 1 1 1 1 1 1 0 0 0 0 1 1 0 0 0 0 0 1 1 0 1 1 0 1 0 1 0 0 1 0 1 0 0 0 0 1 0 1 1
bool 83 0 1 1 1 0 0 0 0 0 0 1 0 0 1 0 0 0 0 1 0 1 1 0 0 0 1 0 1 0 1 1 1 0 0 0 0 0 1 1 0 1 1 1 1 1 1 0 1 0 1 1 1 1 1 0 0 1 1 1 1 0 0 1 1 0 0 1 1 0 1 1 0 0 1 1 0 0 1 0 1 0 1 1
char 83 q h d k b h c k t n o l g t p j t j i c h j s e k m o s k m j s h q q r r r d q n i r k d j p t i t f p q k n m o g c q b s o f l j k n f i l h h j h s n j o a g o p
bool 85 0 0 1 1 0 0 0 0 1 1 0 0 0 0 0 0 0 1 0 0 0 1 0 1 0 1 1 1 1 0 1 0 1 1 1 0 0 1 1 0 0 0 1 1 1 0 0 1 1 0 0 1 0 0 1 0 0 1 1 1 1 1 0 1 1 0 0 0 0 0 0 1 0 0 1 1 0 1 1 0 0 0 1 0 0
double 85 2.41 4.77 1.98 8.04 4.21 5.39 3.5 2.9 8.31 8.33 9.22 5.93 5.82 9.92 3.05 8.23 4.15 0.96 3.05 8 6.93 7.69 5.94 3.66 5.07 0.3 8.66 0.65 1.24 4.81 6.5 2.63 8.96 7.29 2.94 1.52 8.54 2.99 2.76 9.32 5.07 2.22 5.81 5.05 5.43 0.53 7.22 8.23 4.36 6.82 6.44 8.81 2.75 9.56 7.55 8.23 7.18 3.95 0.15 2.32 9.71 5.27 9.72 6.71 2.13 8.92 0.29 6.56 2.38 1.88 1.64 5.69 4.85 2.31 4.65 7.83 6.2 6.41 8.77 2.24 1.44 0.61 0.95 1.44 6.13
double 85 8.62 3.17 7.61 5.31 1.1 2.16 4.66 2.79 2.5 5.27 3.58 7.41 4.19 8.6 6.18 6.8 8.93 7.61 8.36 6.42 0.88 3.66 1.93 8.08 7.02 1.45 0.4 6.57 8.32 7.34 2.72 5.15 5.66 2.84 7.4 9.12 0.24 5.07 9.43 0.24 7.68 3.71 8.49 7.42 3.72 3.06 7.57 0.83 3.09 1.45 9.74 1.21 4.66 0.64 4.03 3.61 4.04 4.11 8.39 6.03 5.18 7.27 8.02 3.44 2.94 2.47 1.67 1.12 6.9 7.28 2.58 6.98 1.89 0.37 7.43 1.63 2.81 3.1 0.78 1.12 3.44 9.73 3.88 6.61 9.6
char 86 j g p d m s t r p f b p p m l l f k p g c q l n b j s n p o m j o p m h g s q f t h n h n t r e c g q d q r d l r k k e t g a p h d i b h m b j m l h k f i b d j o p c b a
int 88 81 5 13 97 92 82 54 13 10 92 83 2 4 53 90 17 21 22 14 55 16 25 12 1 50 1 67 97 28 83 25 10 11 41 82 54 95 68 36 64 56 44 51 18 65 70 86 23 80 48 31 40 96 72 89 14 17 68 10 45 25 42 71 53 13 58 53 39 94 8 8 22 78 30 84 51 60 54 41 75 69 24 59 66 66 61 87 5
double 89 5.47 5.29 6.46 5.54 2.71 0.92 2.72 3.69 4.66 7.86 5.87 1.43 0.84 0.82 1.18 6.39 5.35 5.74 1.54 5.75 2.97 2.92 1.8 6.66 0.3 8.36 1.95 3.29 5.33 1.56 2.45 5.76 5.3 8.25 4.55 8.12 7.71 5.02 3.33 5.77 0.31 2.84 5 4.66 0.6 4.66 6.14 1.75 1.36 7.18 5.14 6.13 7.76 5.9 6.8 0.05 4.36 2.4 2.05 2.75 6.45 5.05 4.14 6.97 8.07 9.24 9.81 8.79 1.43 9.01 9.73 4.34 6.88 0.83 5.24 4.25 2.47 4.87 1.89 6.73 6.28 0.6 1.63 5.74 3.61 0.66 1.22 4.46 8.18
bool 90 0 0 1 0 1 1 0 0 1 0 1 0 0 1 1 1 1 1 1 1 0 1 0 1 1 0 0 0 0 1 1 0 1 1 0 1 1 0 0 1 0 0 0 1 1 1 1 1 1 1 1 1 0 0 1 0 0 0 0 0 0 0 0 1 0 1 0 1 0 0 0 0 1 0 0 0 1 1 0 1 1 0 1 1 1 0 1 0 0 0
double 91 9.7 1.77 3.59 8.57 5.33 1.69 1.89 1.34 8.99 9.45 3.2 1.47 8.3 6.9 9.81 1.19 0.58 6.63 6.63 1.36 2.37 9.38 3.88 0.93 2.92 5.94 6.31 6.68 7.63 1.77 6.12 9.54 7.59 3.28 6.72 1 8.95 6.27 2.44 6.56 3.32 9.92 7.04 8.47 0.24 0.52 5.19 7.64 0.32 8.4 6.67 5.95 3.48 4.31 9.69 7.9 8.79 9.59 0.99 8.49 9.02 5.02 2.72 5.91 3.57 6.04 6.86 8 7.15 9.9 3.02 1.4 3.22 6.75 8.32 9.79 5.94 4.71 4.88 9.3 2 9.18 2.93 5.27 3.02 8.61 9.56 4.82 0.16 1.15 6.23
bool 91 1 0 0 1 0 1 0 0 0 1 1 1 0 1 0 0 0 1 1 1 1 1 0 0 1 1 0 1 0 1 1 1 1 1 1 1 0 1 0 0 1 0 0 0 0 1 0 1 1 1 1 1 1 0 1 1 0 0 1 1 1 0 0 1 0 0 0 1 0 1 1 1 0 1 0 0 0 0 0 1 0 0 0 0 0 1 0 1 1 1 0
bool 91 1 0 0 1 1 0 1 0 1 0 0 1 0 0 1 1 0 1 0 0 1 1 1 0 1 1 0 0 1 1 0 0 0 1 1 0 0 1 0 1 0 0 1 1 0 1 1 0 1 1 0 1 0 1 1 1 0 0 1 0 0 0 0 1 1 1 0 1 0 1 1 1 1 1 1 1 1 0 0 0 1 1 1 0 1 0 1 1 1 0 0
char 92 i m k a o e a s p t a l f i o e o d p t r k d m j s m f q g q i t n f p l a p p s b c e r h n t m k s s g i b k m t t k a d t s s h j b p l j e o r k l h m m q m j r j m o c i n q o s
double 93 8.94 5.4 1.76 4.62 7.87 1.92 4.26 6.27 2.8 3.11 2.86 1.8 1.31 9.86 5.11 0.46 9.46 8.69 7.24 3.55 4.89 1.56 2.15 5.04 3.41 4.92 3.77 6.84 5.54 3.96 2.18 7.96 6.05 5.55 9.51 3.2 8.09 9.27 9.23 7.89 7.81 1.73 3.93 1.6 9.65 9.06 3.43 4.09 0.39 8.4 8.96 3.03 0.73 8.89 2.65 7.39 2.38 6.78 4.92 1.69 2.35 7.26 9.4 4.97 6.69 4.87 7.02 0.06 3.33 7.81 2.43 6.91 8.92 7.63 1.52 1.95 8.77 2.24 7.64 8.79 6.01 8.45 2.26 4.24 9.38 7.71 4.57 5.73 2.72 3.41 6.87 9.89 5.43
char 94 b j g q g m n a j t k l q s g n j g i g e n m k i n h j m p a t m g d g q s c j e p p o c i b n a g d g a n p k b n h f h p l o i k s e m t o o o n h s k n g q f a k q e f k g l b n k g q
bool 95 1 0 1 1 0 1 0 1 0 1 1 0 1 0 0 1 1 0 1 0 0 0 0 0 1 1 0 1 1 1 1 1 1 1 0 1 0 1 0 0 1 1 0 0 0 0 1 1 1 1 1 1 1 1 0 0 1 0 1 1 0 0 1 1 0 0 1 0 0 1 0 1 1 0 0 0 1 0 0 0 0 0 0 0 1 0 1 1 1 1 0 1 1 0 0
double 96 0.92 8.64 5.94 3.58 4.76 6.65 9.61 1.89 4.46 1.48 8.49 9.08 5.12 1.29 0.03 9.64 1.26 6.21 7.76 1.19 2.07 1.22 1.69 4.5 1.77 0.85 8.58 7.08 1.61 9.6 6.87 0.95 0.64 1.04 5.66 1.81 9.71 3.48 2.12 5.49 7.25 8.79 8.8 1.27 9.58 8.1 2.46 6.93 0.25 6.55 8.16 6.62 9.38 3.75 5.18 7.41 5.33 6.19 5.12 5.25 0.58 5.24 0.35 2.2 1.78 0.5 3.53 4.72 0.03 4.48 3.59 4.33 3.61 8.89 5.95 2.4 4.39 9.85 4.16 1.92 6.85 8.17 2.71 5.58 9.46 1.71 2.93 3.92 4.66 6.22 3.3 7.69 0.55 9.43 8.1 7.75
char 98 n c f k f a m h b i i k g d p s b e t r f r i n k i l a s t m m g o m s b b n n p t p g e d f m o g n n q n a g f e f t b t b k q r k p e b o p d o g a a o f b q b t j h l b g s t d r f f s l f m
int 100 41 77 91 68 45 61 18 16 89 82 67 41 93 88 59 89 16 53 78 38 1 24 51 20 80 43 16 26 95 49 57 37 20 12 47 41 47 74 26 84 36 69 97 96 60 18 60 9 55 53 48 85 96 28 87 43 74 12 50 87 33 27 18 37 79 82 24 80 11 60 95 71 39 14 91 49 24 92 18 11 60 88 67 39 57 31 92 50 13 92 33 22 2 79 97 54 95 12 96 32
int 100 54 87 91 34 32 64 15 43 94 91 85 72 38 86 89 45 90 94 3 92 32 53 95 72 90 14 91 20 97 27 58 41 66 59 15 76 82 26 93 34 80 70 38 4 60 50 32 15 45 95 22 36 67 78 72 96 98 40 92 83 77 59 8 26 16 51 71 10 58 27 97 4 52 60 11 4 24 88 34 49 83 38 97 21 7 8 17 20 55 16 88 57 71 7 37 43 97 5 62 26
bool 100 0 1 1 0 0 1 0 0 1 0 0 1 0 0 0 1 1 0 1 1 1 0 1 1 1 0 1 1 0 0 0 1 1 1 1 0 0 0 0 1 1 1 0 1 1 1 1 0 0 1 1 0 1 1 1 1 1 1 0 1 0 0 1 1 0 1 1 0 0 1 1 0 1 1 1 1 1 1 1 1 0 0 1 1 1 0 1 1 1 0 0 0 0 0 0 1 0 1 0 0
char 101 a p e g j h p e l e b m a e k n q c l o n j i o e g m j g s p f a c c c k f g r j t h g t a o c i m f b b j q h m k q s b n m r e j e l d j j d h d j i b p b h n t d t p t n p r a g a e o c r h b i h f
char 102 a o i n d h o a q t d l c d l f a m s o f b t t b j e o d p k s d c n j j l c h h g l o a p s h c g k c r c d m m s t q s c c k o s f r q k i o h n c r c f d l p f g l p b q o q s g a c h g r n c j a h f
char 104 h j g k n g a j g o j f d n o h b m d d q l s i e i e e g k s o l m b r l t j k q n c l q o s b f f f a e s j d i i l r a f r j p b i j b l p p t j k a g f c p c l r r t b b s a l b h l r h e i h r m p t e o
int 106 34 62 34 75 84 36 38 38 15 50 49 18 21 15 47 29 15 60 22 78 41 1 53 76 75 57 33 5 89 76 1 79 50 3 82 44 7 15 33 41 88 20 16 45 95 45 70 56 39 82 72 45 98 44 40 84 38 44 99 76 23 97 10 25 6 24 97 28 27 82 57 69 10 66 1 4 60 27 12 40 43 5 46 97 39 33 64 20 97 53 18 88 21 43 22 33 3 83 6 91 83 29 10 19 92 8
char 106 r o f m k q j h h f f f n e b a f l c c i n j j g l a r i j j m f c r r p c p q d b t t m m q a o f d a e g g p l a s p d a q r p g g t a h f e n j n f b d j h s n r d e c q n a b j m j m k d a p n r n k d g f e
int 108 49 47 41 92 77 35 68 2 3 20 98 72 22 89 87 95 80 61 66 32 89 6 23 1 14 81 68 34 62 4 38 17 60 14 40 87 49 71 42 67 41 60 96 33 98 57 16 4 10 61 88 31 91 41 64 39 72 19 89 86 28 1 53 97 63 44 72 15 5 43 67 94 25 46 7 22 47 69 20 55 5 34 83 40 85 31 68 18 40 88 30 7 59 11 17 35 17 18 42 35 69 29 99 73 21 44 70 43
char 108 f n q m q e t c n n h j b m k s b f g d q n b o s h j p m m j a c q n j n o q n g d t e s e c e o g s s r k f d j i e k s f r b p k h k e p j g b g k m k e q p a h e j g p e m k j s f f k p n j g m c k s j b n p o i
