int 73 34 87 41 78 24 73 63 64 65 7 30 33 8 4 33 91 79 33 26 93 91 65 34 41 97 97 90 79 2 38 58 86 15 45 57
double 29 9 6.1 4.1 9.1 1.2 1.0 6.5 4.0 8.8 6.3
double 46 81 6.0 2.2 2.0 6.7 9.8 6.3 6.9 0.0 2.2 3.1 4.2 6.2 4.0 6.3 8.9 3.9 7.3 6.7 3.2 4.8 7.5 2.0 7.8 9.3 1.5 1.1 8.4 2.1 2.4 3.6 0.0 3.8 0.2 1.5 4.6 1.3 3.5 1.0 9.3 2.9 2.9 9.1 1.8 9.3 0.4 4.9 0.4 6.2 2.6 3.3 1.3 6.9 0.0 6.7 8.1 7.7 5.9 3.7 0.3 5.3 2.4 2.4 0.8 1.2 1.2 4.8 4.0 4.9 1.9 4.4 5.7 6.9 9.1 0.2 0.3 7.5 1.1 5.2 4.1 9.4 2.8
int 84 49 5 34 88 95 53 53 61 74 68 73 40 22 50 57 99 93 79 75 73 10 13 61 68 76 41 21 5 15 76 85 38 7 72 78 83 2 60 56 48 88 32 19 2 58 72 20 23 68 34
bool 91 17 1 1 0 0 1 1 0 0 0 0 0 0 1 0 1 0 0
char 14 1 d
char 86 87 x h h e d l b b l l x b p f l v h m b g q f a i x l i a s u h h l f i c r u f p v z m b h q g i e g z f n b j f y p e s k j t p f n t r s l x r j x q m u b m s p l i u b p g
bool 15 96 1 0 0 0 0 0 0 0 0 0 1 1 1 0 1 1 0 0 0 1 0 0 0 0 1 1 0 1 1 1 1 0 0 0 1 1 1 1 1 0 0 0 0 1 0 0 1 0 1 0 1 1 1 0 0 0 0 0 0 0 0 1 0 0 1 1 1 0 1 0 0 1 0 0 0 1 0 1 1 0 0 0 1 0 1 1 1 1 1 0 0 0 0 0 1 0
bool 81 93 1 1 0 0 0 0 1 1 1 1 1 1 0 0 1 0 0 0 1 0 1 1 1 0 1 0 1 0 1 0 1 1 1 0 1 0 0 1 0 0 1 1 1 1 1 0 0 1 0 0 0 0 1 1 0 0 1 0 0 1 1 0 0 0 1 0 1 0 0 0 0 1 0 0 0 1 1 0 0 0 1 1 0 1 1 1 1 1 1 1 0 0 1
bool 80 62 0 1 1 0 0 1 1 0 0 0 0 1 1 1 0 0 0 0 1 1 0 0 0 1 1 0 0 0 1 1 0 1 1 1 1 0 0 0 0 0 0 1 0 1 0 0 1 0 0 1 0 0 0 0 1 0 0 0 1 0 1 0
int 52 15 68 91 75 69 14 29 61 14 94 65 16 17 25 41 59
double 59 31 0.1 4.4 6.1 7.3 0.0 3.8 8.4 9.1 0.8 8.4 6.4 2.3 1.4 8.3 8.8 1.4 7.3 9.3 9.9 3.7 2.9 3.3 4.3 1.4 2.8 7.1 4.4 6.5 1.2 7.2 9.2
double 14 74 0.7 5.3 2.8 0.3 8.4 0.1 7.4 7.3 9.0 5.6 6.8 6.3 0.5 2.5 5.5 0.9 1.8 3.4 7.7 6.0 7.5 6.6 0.6 2.5 3.2 5.4 1.2 6.9 7.5 3.9 4.3 4.3 0.1 7.1 4.0 2.3 8.7 3.5 4.6 4.4 3.2 1.6 4.9 9.7 9.1 2.9 7.8 6.3 1.5 5.9 1.2 9.4 0.8 5.0 2.6 6.4 7.0 2.7 9.2 9.8 9.3 8.6 3.4 2.6 3.9 2.2 9.0 4.4 5.8 8.3 7.4 4.9 9.9 9.5
double 40 75 7.1 2.4 4.0 2.9 6.4 2.8 2.7 6.3 0.0 7.3 3.7 6.6 2.8 2.1 3.0 9.2 6.7 6.8 9.3 1.3 4.7 6.3 2.9 0.8 2.9 3.6 6.4 3.3 4.8 4.9 7.4 4.3 7.3 3.4 5.6 4.0 7.1 0.8 1.4 1.4 6.2 0.8 1.7 1.6 4.9 8.3 5.0 2.5 2.4 0.3 2.3 2.9 1.8 1.0 3.8 3.0 0.7 7.4 5.5 7.7 5.4 2.0 0.0 5.7 5.3 1.6 5.3 9.5 8.0 8.1 2.2 7.0 0.7 7.8 4.8
bool 17 94 0 0 1 0 1 1 1 1 0 1 0 0 1 0 1 0 0 1 0 0 1 1 1 1 0 0 0 0 0 0 0 0 0 0 0 0 1 0 0 0 0 0 1 0 1 0 0 0 1 0 0 1 0 1 0 1 0 1 1 0 0 1 0 0 1 0 1 0 1 0 1 0 0 1 0 1 1 0 0 1 1 1 0 1 0 1 1 0 0 0 0 0 0 1
bool 13 71 0 1 0 1 1 1 0 1 0 1 0 1 0 1 1 0 1 0 0 1 0 0 1 1 0 1 1 0 0 0 1 1 1 0 0 0 0 0 1 0 0 0 0 0 0 0 1 0 0 0 1 1 1 1 1 1 1 0 1 1 1 0 0 0 1 0 1 1 1 1 0
char 3 70 p l y g o r c d g g z a k q z r g s l x m x o q z q u t h e h r k s n e e a r s o g e d t p o s b c v l h w t d y m r z n z u y k j u m s q
int 39 60 21 98 69 45 0 57 49 76 93 71 3 12 1 69 74 11 43 69 84 91 20 89 9 3 70 0 7 59 79 44 34 93 37 2 25 90 21 62 93 16 21 18 30 45 58 32 39 20 73 5 93 23 44 93 27 96 65 49 49 80
int 76 79 43 26 41 56 96 21 52 97 24 90 66 51 88 12 78 96 36 7 52 94 17 1 39 27 67 19 88 8 46 55 92 88 24 41 74 63 59 31 20 48 62 97 47 98 58 60 25 30 47 49 47 82 21 89 28 20 8 1 41 98 18 43 44 12 19 7 6 87 93 19 55 9 81 79 17 32 73 90 2
char 63 69 g p t x p z m k c f u z z t c l w c a y q f l c h d l e c d u d q x k c e b m g u x d d g j x v f k f k t q r k r h i n c y h p q b h y q
char 94 19 h w j v w w f b n u p n n u a k t c l
char 98 70 w b n e v d f v g y n o f x g z m b m t b p p u g y h q n s j f w l v e c a p b o r e g e t o z x g b z b l c w d u d u r q t c e z r f n g
int 58 7 30 58 50 69 89 1 56
bool 42 35 1 0 1 0 1 1 1 1 1 1 1 0 0 1 0 1 1 1 1 1 0 0 0 1 1 1 0 1 1 1 1 0 1 1 1
int 3 90 97 48 54 99 3 15 93 55 97 56 94 78 90 48 24 20 12 83 45 69 58 83 14 8 98 3 72 51 35 43 87 34 56 39 34 41 93 57 83 70 15 75 36 24 47 49 47 32 97 95 42 98 79 2 78 72 91 60 13 65 32 73 13 81 10 74 79 78 35 13 40 78 22 83 78 44 38 13 26 48 38 63 76 63 3 4 37 6 57 50
bool 96 72 0 1 0 1 0 0 0 0 0 0 0 1 1 0 1 1 0 1 0 0 1 1 0 1 1 1 0 0 1 0 1 1 1 1 0 1 1 0 1 1 1 0 0 1 1 0 0 1 1 0 0 0 0 0 1 1 1 1 0 1 1 0 0 1 1 1 1 1 1 1 0 0
int 14 77 22 43 86 62 44 40 27 95 86 38 80 51 18 56 57 67 98 67 87 42 2 37 93 29 45 76 56 42 82 98 74 33 85 67 22 19 47 81 18 63 82 88 51 53 58 82 4 8 39 5 44 31 0 87 49 4 19 80 77 29 70 78 88 99 50 77 62 67 50 6 11 46 57 86 7 44 92
int 60 77 37 29 11 61 56 19 12 67 69 95 83 29 21 81 51 56 96 54 15 22 56 15 75 1 57 63 31 14 37 18 57 62 16 50 19 16 82 42 12 86 96 96 55 33 27 27 32 21 83 29 27 38 95 43 15 31 45 27 11 53 61 74 83 67 89 38 29 19 44 49 5 34 15 38 42 59 3
double 75 92 1.4 2.8 9.4 1.2 3.2 0.9 5.6 2.7 3.8 6.7 9.6 0.2 6.6 1.2 9.6 6.0 5.9 8.3 6.9 9.4 0.5 8.8 7.5 2.2 5.3 9.7 2.4 0.6 9.9 3.6 0.7 5.3 5.1 2.6 7.8 8.3 5.7 2.2 5.1 5.9 8.9 3.9 8.9 9.2 7.3 3.0 8.6 7.3 8.4 4.0 0.4 9.0 1.1 8.6 9.8 4.6 8.5 8.2 1.3 4.2 5.7 8.4 7.9 7.8 0.6 4.9 8.6 1.8 2.6 5.6 2.4 6.4 2.8 2.1 9.3 0.5 7.8 1.1 0.9 7.6 2.8 8.1 6.4 1.8 7.3 6.1 7.6 1.4 0.6 0.8 9.8 1.3
int 36 82 31 80 37 89 98 40 34 56 43 31 8 70 75 3 25 94 24 4 63 96 20 22 10 9 96 93 92 87 41 28 76 75 99 44 69 64 8 79 72 71 83 60 86 93 88 84 7 60 43 45 44 18 34 74 35 38 72 64 64 37 16 20 70 40 19 85 44 23 89 94 5 69 32 31 30 25 94 12 14 8 80 7
double 94 4 6.4 5.4 8.2 1.2
int 46 93 0 69 30 43 19 13 30 34 71 32 59 32 66 20 30 31 91 64 92 31 84 70 98 72 36 47 0 17 56 24 34 82 52 7 19 88 51 94 25 87 50 43 42 25 33 77 58 26 35 6 56 30 89 62 9 62 16 87 31 13 22 52 66 67 29 59 13 24 70 38 2 49 17 54 39 91 62 39 48 26 92 67 89 53 96 65 70 20 52 15 28 91 44
bool 63 79 1 1 1 0 1 1 1 0 0 1 0 1 1 1 0 1 0 0 1 1 0 0 0 0 1 0 1 0 1 0 0 0 0 1 0 1 0 0 1 1 1 0 0 1 1 0 1 1 0 0 0 1 1 1 0 0 0 1 0 0 0 0 0 0 0 1 0 0 0 1 1 0 0 0 0 0 1 1 1
bool 57 18 0 0 1 1 1 0 1 1 0 1 1 1 1 0 1 0 1 1
double 22 25 1.3 4.0 5.0 0.2 1.6 0.3 2.2 9.3 0.2 9.8 6.7 5.2 3.9 8.5 8.0 0.2 6.8 6.5 9.4 7.2 0.0 9.3 3.4 5.5 0.2
char 29 4 j o a l
char 93 76 q t m w h i v x m d i p d h m w m b v y i s t c p j c c u a y t r w i z t d r i h s v o e k q v h n u z n f m i c g q l h i g f j n t y o l r d b d l w
char 6 25 s s h a n h n g y y i v y m i u t z p e y s x m u
char 46 30 k r m c f y y f c w u m z m f e v g r t e s t n f s g z w c
int 91 52 84 38 77 42 63 12 93 29 25 99 11 63 74 90 74 98 89 10 50 88 42 47 88 28 26 91 23 19 98 2 38 14 17 82 87 1 92 92 16 1 79 38 88 9 90 90 84 21 35 87 14 20
double 8 27 4.9 2.2 9.3 7.0 6.4 3.9 8.8 4.1 6.0 1.3 5.7 2.3 9.3 5.5 9.5 5.8 2.9 6.1 7.6 3.9 7.5 4.7 2.6 7.0 9.2 1.7 5.8
int 29 52 55 0 60 73 15 55 55 71 28 35 71 84 95 26 41 22 63 93 65 4 53 38 27 73 46 59 16 93 16 97 63 83 99 28 33 0 37 5 86 31 55 8 9 17 2 88 86 15 47 83 2 34
bool 33 91 1 1 0 1 0 1 1 0 1 1 0 0 1 1 0 1 1 1 1 0 0 0 0 0 0 1 0 0 1 1 1 0 0 0 1 0 1 0 1 1 0 0 0 0 1 0 0 0 1 1 1 1 0 0 0 1 0 1 0 1 0 1 1 0 0 1 1 1 1 1 1 1 0 0 0 1 1 1 0 1 1 0 0 1 1 1 1 1 1 1 1
int 94 77 93 27 2 90 89 25 60 42 69 68 95 76 54 27 86 65 50 85 92 45 49 60 55 24 50 32 53 90 34 22 57 37 0 56 49 1 15 86 1 25 8 82 13 44 30 64 90 92 38 89 15 62 99 50 34 86 91 15 72 65 0 37 16 52 8 62 14 78 98 83 32 74 81 88 86 50 2
double 46 13 8.1 9.8 2.6 0.5 6.8 7.1 8.1 7.7 0.8 5.1 3.9 9.2 4.5
bool 90 69 1 1 1 1 1 0 0 0 0 0 0 1 1 0 1 0 1 1 0 1 1 0 0 0 0 0 1 1 1 0 0 1 1 0 0 0 0 1 0 1 0 1 0 1 0 0 0 0 0 0 0 1 1 1 1 0 0 1 0 0 0 1 0 0 0 0 1 1 1
bool 12 16 1 0 0 1 1 1 0 0 0 1 1 1 1 1 1 1
bool 4 91 1 1 0 1 0 1 1 1 0 0 0 0 1 1 1 0 0 1 0 0 0 1 0 1 1 0 0 1 0 1 0 1 0 0 1 1 1 0 1 1 0 1 1 1 1 1 0 0 0 1 0 0 1 1 1 0 0 1 1 0 1 0 0 1 1 1 1 1 1 0 1 1 0 0 1 1 0 1 0 0 0 0 1 0 0 1 1 0 1 1 0
double 11 59 4.2 8.5 9.4 5.8 1.7 8.9 7.5 1.1 6.5 2.4 1.8 7.6 7.5 0.9 4.8 8.6 2.9 3.0 5.9 6.2 4.1 0.1 5.7 4.3 9.4 3.4 5.7 3.8 3.5 2.2 3.9 8.9 7.9 2.7 7.4 6.9 0.0 5.6 4.7 6.5 5.0 7.8 6.4 3.2 3.7 9.0 4.8 2.2 9.0 4.5 4.5 1.2 9.5 8.6 9.8 4.8 1.0 1.5 3.5
double 72 78 9.1 4.8 5.5 5.2 3.9 5.3 8.6 8.5 4.0 0.0 5.6 3.1 9.6 2.4 1.3 4.6 1.9 2.0 6.9 4.4 4.6 5.3 3.8 8.9 8.8 3.9 7.6 6.7 8.2 4.0 4.5 5.3 3.8 5.2 9.1 4.5 8.6 7.5 0.4 3.8 0.1 8.4 1.8 0.9 8.3 2.6 4.7 7.1 0.5 6.4 7.4 2.4 4.8 2.0 6.2 8.6 5.0 0.3 0.3 3.3 9.6 4.7 3.5 3.8 2.2 8.6 5.0 3.0 4.4 0.8 9.7 6.0 5.8 0.3 1.2 9.3 5.5 3.7
bool 29 27 1 0 0 1 0 1 0 0 0 0 0 0 0 0 0 0 1 0 1 1 1 0 1 1 0 1 0
char 13 10 v h s v v s j c u p
double 91 75 6.9 3.7 7.2 2.1 4.9 4.8 3.4 7.7 4.5 4.9 7.0 2.1 3.9 8.4 4.3 6.9 0.6 8.3 2.1 3.1 0.8 2.6 6.6 6.3 1.0 2.3 9.9 3.6 0.5 0.6 7.7 7.2 6.2 5.3 5.8 9.9 8.2 0.7 3.4 4.8 2.3 0.2 9.4 8.9 3.7 3.4 8.6 7.0 9.2 2.8 0.2 4.0 6.0 8.7 3.9 6.2 4.2 5.4 9.1 4.7 6.7 1.5 3.1 0.5 5.9 7.8 2.7 1.4 2.7 8.8 1.1 8.1 9.4 9.7 5.1
int 93 73 76 20 38 62 20 85 60 0 18 86 26 95 32 3 55 90 62 5 64 26 31 50 71 40 8 88 15 26 11 86 10 54 65 28 67 43 38 33 45 12 0 26 3 6 11 28 50 80 28 25 28 52 97 83 66 33 12 89 88 44 18 18 12 31 86 35 92 88 54 12 76 61 5
int 8 61 59 94 84 27 32 81 42 14 90 49 38 82 76 60 66 63 89 74 74 63 78 49 16 57 23 38 46 87 21 43 71 63 19 41 94 22 23 53 31 28 99 18 95 72 21 61 10 35 59 21 95 55 18 72 72 70 98 46 46 2 65
double 82 52 9.8 4.9 0.2 1.5 6.3 6.6 0.1 5.3 1.8 3.2 5.0 6.8 1.1 1.0 9.2 3.7 9.1 4.2 2.4 0.6 7.2 5.7 8.1 6.2 4.4 3.9 8.3 4.7 0.1 6.9 7.4 2.5 3.3 2.8 4.8 9.7 8.3 3.7 3.2 8.9 2.6 8.0 2.0 4.6 5.6 0.1 5.9 8.7 4.9 7.0 7.2 4.8
double 17 60 7.2 2.4 8.0 7.7 4.4 8.6 6.3 2.0 7.2 9.5 5.3 7.2 7.9 9.2 7.2 8.3 7.5 8.8 5.6 0.6 4.7 2.2 6.5 4.5 5.5 0.1 8.8 3.4 7.8 8.4 7.1 9.7 5.6 3.7 3.9 4.6 3.3 1.7 9.8 0.8 2.2 7.6 2.6 7.6 2.7 6.3 1.6 0.8 4.4 7.7 6.4 1.8 7.6 8.9 5.3 3.6 7.9 3.4 7.6 5.0
double 58 76 9.3 9.7 4.1 9.3 5.7 1.3 0.7 3.9 2.3 1.6 3.2 0.9 8.5 6.5 2.9 1.4 5.0 1.2 8.5 2.4 3.0 0.2 5.2 3.4 1.7 0.3 1.3 6.1 4.1 7.0 7.7 1.7 4.4 2.7 9.3 3.2 6.6 8.7 9.6 1.7 1.4 4.0 7.2 3.9 8.9 7.4 1.9 9.6 7.6 0.7 6.5 0.8 7.4 5.8 3.6 0.1 6.5 9.4 1.4 1.7 3.1 6.1 4.2 5.7 8.8 1.7 7.4 8.3 6.2 6.3 2.8 4.7 7.3 5.9 4.0 6.6
double 67 49 1.4 1.8 1.4 4.0 3.4 9.1 9.8 1.6 4.9 0.9 2.7 6.4 5.0 9.3 3.9 1.9 5.2 5.8 7.8 7.6 8.9 2.4 7.2 9.0 9.8 0.8 0.1 4.7 6.3 7.8 3.1 6.8 8.5 5.8 5.1 7.5 9.7 9.0 1.6 9.5 1.4 2.4 3.6 7.6 2.2 2.0 8.1 7.8 6.9
bool 6 43 0 0 0 0 0 0 0 1 1 0 0 0 0 0 0 1 0 0 0 1 1 0 0 1 0 1 0 1 0 1 1 0 0 0 0 0 0 1 0 1 0 0 0
double 20 19 2.0 4.1 6.3 5.5 2.0 8.1 3.4 4.3 7.1 0.3 2.3 3.2 3.2 8.7 9.7 5.9 4.6 8.3 5.2
bool 58 64 0 0 1 0 0 0 1 1 0 1 1 1 1 0 0 0 0 0 1 0 0 0 1 1 0 1 1 0 0 0 1 1 0 0 0 0 1 1 1 1 0 1 0 1 1 1 0 0 1 1 1 0 0 0 1 1 1 1 1 0 1 1 1 1
bool 81 59 0 0 0 0 0 1 0 1 0 1 0 0 1 0 0 1 0 1 0 0 1 1 0 1 0 1 0 1 1 0 0 1 1 0 1 0 0 1 0 1 0 1 1 0 0 1 0 0 0 1 0 0 0 1 0 0 1 1 1
int 8 14 73 19 51 75 75 33 31 91 44 81 20 56 71 34
bool 55 17 0 0 0 0 1 0 0 1 1 1 1 0 0 0 1 1 0
int 8 24 39 59 25 48 34 72 41 51 5 22 60 61 21 5 63 78 6 20 78 67 0 9 74 2
int 80 25 43 4 78 72 37 58 78 62 25 12 66 53 33 6 33 29 21 59 15 10 30 29 86 9 48
double 91 14 4.7 5.5 1.4 7.9 1.8 0.3 0.8 0.2 0.7 1.0 6.1 6.0 3.7 6.5
bool 71 81 0 0 0 0 0 1 1 1 1 0 1 0 1 1 0 1 1 0 0 1 1 0 0 0 1 0 0 0 0 0 1 0 1 0 1 0 1 1 1 1 1 0 0 1 0 0 0 1 1 1 1 1 1 0 0 0 1 0 1 0 0 1 1 0 0 1 1 0 1 0 0 0 0 0 0 0 1 1 1 1 1
double 62 45 7.5 1.3 8.2 7.5 0.1 0.5 2.9 5.7 1.2 3.1 6.7 8.9 9.3 3.6 9.7 3.5 0.8 5.3 7.1 2.5 4.6 6.7 5.5 0.9 4.7 5.0 6.2 2.5 7.3 7.2 4.3 1.7 9.3 1.6 9.9 0.9 4.6 6.5 2.9 5.6 3.6 7.0 7.9 7.6 4.3
double 39 7 6.8 2.0 1.6 3.9 3.4 1.3 6.9
double 66 74 2.4 9.4 6.6 3.3 7.7 5.6 5.0 7.0 8.1 6.6 4.8 8.9 1.2 2.6 8.7 5.0 5.7 0.2 9.4 0.5 2.6 5.3 1.9 9.2 0.2 1.4 3.1 5.5 9.2 5.3 5.6 2.8 3.5 9.8 2.7 3.4 1.9 7.8 4.8 7.2 4.3 5.5 5.8 3.0 0.7 5.1 3.1 5.6 2.8 4.8 8.8 2.2 0.9 9.0 5.7 8.2 4.1 4.6 7.9 3.9 0.6 6.2 9.7 8.2 2.0 3.6 1.6 6.8 0.2 6.0 1.9 8.8 0.8 2.8
int 86 70 10 40 2 48 87 24 58 54 72 24 71 66 39 56 70 22 65 25 90 61 1 7 88 19 76 67 92 2 71 48 71 16 76 84 87 52 74 20 25 86 12 40 78 67 40 47 52 31 56 59 94 33 48 31 35 21 53 34 74 92 97 92 73 13 96 18 88 37 31 91
int 6 51 42 3 40 90 81 14 67 7 94 7 16 10 65 94 48 84 50 38 38 68 66 75 40 85 40 25 21 71 8 82 73 62 3 52 28 46 40 38 90 20 56 11 11 47 24 66 66 98 39 7 79
double 47 91 1.8 7.2 5.2 2.9 3.9 7.6 0.6 3.3 2.9 2.6 7.7 4.8 4.7 9.3 3.4 1.9 7.9 0.7 5.7 2.7 9.1 6.3 6.5 1.5 1.2 2.1 8.9 2.0 7.1 7.1 9.4 0.7 3.7 7.4 6.8 9.2 4.1 4.9 5.0 9.3 2.3 3.7 1.8 2.8 2.8 8.4 6.8 1.6 4.7 3.6 3.7 7.7 9.4 5.0 8.7 3.9 5.3 3.6 8.3 8.5 7.3 6.7 4.8 9.0 5.7 0.1 7.4 6.4 0.2 1.3 4.1 2.7 0.1 5.9 0.3 1.6 3.7 3.4 7.1 8.2 5.3 2.5 5.9 9.3 1.4 3.0 5.6 5.0 7.3 2.1 0.5
bool 84 38 0 0 0 0 0 1 0 0 0 0 1 1 0 1 0 0 0 0 1 0 1 0 0 1 1 1 1 1 0 1 0 0 0 0 0 0 1 0
int 55 27 45 34 38 87 66 55 31 3 10 44 21 80 27 39 75 87 57 3 23 43 16 92 73 3 54 27 60
bool 8 0
bool 66 2 1 1
char 79 28 w v v f f k a g c j r t s k r k u r m e w s t t n o n g
bool 64 27 1 1 0 1 0 1 0 0 1 0 0 0 1 1 1 0 1 1 0 1 1 0 1 1 0 0 0
bool 4 63 0 0 1 1 0 1 0 1 0 1 1 0 1 1 1 1 0 0 1 0 1 0 1 0 0 0 0 1 1 0 1 0 1 0 1 0 0 0 0 0 0 1 0 0 0 1 0 1 0 0 1 1 1 0 1 1 1 1 0 1 1 1 1
int 25 48 71 17 74 59 31 96 86 59 91 66 12 66 96 73 52 9 0 2 55 5 60 51 8 62 70 27 3 46 32 14 33 56 59 84 59 78 75 17 2 19 34 50 15 93 47 35 25 98
int 36 47 89 45 90 36 24 13 3 48 92 77 73 84 60 48 81 21 13 18 93 74 0 39 86 7 34 85 21 23 0 9 13 2 70 22 67 32 20 22 74 72 47 65 64 16 57 47 25
bool 73 71 1 0 1 0 1 0 1 0 0 1 0 1 0 0 1 1 0 0 0 0 0 0 1 1 0 1 0 1 1 0 0 0 1 1 0 1 1 1 0 0 0 1 0 0 1 1 1 1 0 0 0 1 0 0 1 1 0 1 0 1 1 0 1 0 1 0 0 0 1 1 1
char 48 47 u b d w f z x g t f t p a r h t k r a k e q w n q r t b w m g h q o o j t l e t n w f f z y x
bool 45 77 0 1 1 0 1 1 0 0 0 1 0 0 1 0 1 1 0 1 1 0 1 0 0 1 1 1 0 0 1 0 1 0 0 0 1 1 0 1 0 1 1 1 0 1 1 0 1 1 1 1 0 0 0 0 1 0 0 0 0 1 0 1 1 1 0 1 1 0 0 0 0 0 1 1 1 0 0
bool 51 95 0 0 0 1 0 0 1 1 0 0 1 1 0 1 0 1 0 0 0 1 1 0 0 0 1 1 1 1 0 0 1 1 0 0 1 0 0 1 0 1 1 1 1 0 0 0 0 1 0 0 1 1 1 1 0 1 1 1 0 1 1 0 1 1 0 0 1 1 1 1 1 1 0 1 0 0 0 0 1 0 1 1 1 1 1 0 0 0 0 1 0 0 0 1 1
bool 77 72 1 1 0 1 0 1 1 0 0 0 1 1 1 0 0 1 0 0 1 1 0 0 1 1 0 1 0 1 1 0 1 1 0 0 0 0 0 0 1 1 1 0 1 0 1 1 0 0 0 1 1 1 1 1 1 1 0 0 1 0 1 0 1 1 1 0 0 0 0 1 1 1
char 47 63 s y i f d e g o e d o x v m o u x f v c u o g z c j k a u l j a w l k d y l c c r x x o o f r a y y c z z c w z v q p g k q e
int 93 86 0 9 2 46 42 94 94 66 24 44 41 65 32 42 29 74 76 25 89 79 12 59 26 64 63 19 73 55 84 75 13 28 93 51 82 81 8 21 98 45 39 9 28 92 65 48 10 74 59 35 79 65 25 58 57 8 46 18 15 22 57 21 70 54 77 32 84 24 97 61 53 76 48 68 50 37 56 96 20 5 62 30 7 39 29 21
int 5 49 38 49 1 87 88 96 88 33 14 1 49 18 42 55 78 75 33 87 83 47 11 40 82 7 6 41 68 50 22 33 68 19 54 45 55 57 31 51 43 82 95 42 8 9 11 26 19 10 36
bool 9 42 0 0 0 0 1 1 0 0 0 0 1 0 0 0 0 0 1 1 1 0 0 1 0 0 1 0 0 0 0 1 1 1 1 0 0 1 1 1 1 0 0 1
int 54 88 83 73 5 71 29 59 84 96 22 10 58 67 73 80 34 54 99 41 59 88 49 9 98 57 76 55 66 22 12 58 88 84 99 46 19 53 93 14 53 32 81 43 14 37 77 43 65 65 43 67 1 30 71 26 89 78 28 55 39 21 15 44 38 41 61 12 90 54 83 14 28 57 19 88 66 83 41 98 92 62 93 90 48 92 75 28 95 72
int 41 92 45 47 66 38 45 87 23 55 75 54 71 36 55 30 91 9 23 83 75 72 10 62 0 21 78 72 77 27 91 6 59 55 56 52 41 54 85 40 0 18 86 32 32 61 55 70 74 98 0 71 82 80 79 22 88 20 59 91 27 5 84 7 2 86 25 93 55 24 4 41 12 76 68 5 36 47 75 69 74 60 18 59 68 66 50 70 50 11 56 55 92 68
bool 78 65 0 1 0 1 1 0 0 0 0 0 0 0 1 1 0 0 0 1 1 1 0 0 1 1 1 0 1 1 1 0 0 0 1 0 0 0 0 0 1 0 0 1 0 0 0 1 0 1 1 1 0 0 0 0 1 1 0 0 0 0 1 1 1 0 1
bool 71 21 0 0 0 0 0 0 1 1 1 0 1 0 0 0 0 0 0 0 0 0 0
double 40 32 6.5 9.9 3.9 3.8 6.4 0.6 8.1 8.2 2.0 6.1 4.8 4.4 3.9 4.3 1.4 8.9 3.8 4.0 5.7 8.2 2.8 2.0 0.8 8.9 8.3 6.2 2.9 3.9 7.6 6.8 0.0 7.5
int 24 74 9 21 90 22 37 17 98 18 47 75 34 14 36 67 57 10 78 7 38 18 44 18 92 3 75 9 89 64 32 61 56 23 14 96 75 40 2 16 20 29 47 81 82 99 11 82 78 36 83 83 78 9 42 96 9 5 42 25 36 87 18 76 65 41 35 43 47 6 35 15 29 93 46 96
bool 35 2 1 1
