55 6 6 12 5 11 2 4
5 6 4 10 1 2 3 8
75 7 5 1 6 13 11 14 7
76 8 9 6 14 10 8 4 7 13
40 8 15 4 5 11 13 9 6 8
56 9 11 16 5 17 18 13 10 15 9
78 9 11 12 14 7 8 16 3 6 2
81 9 16 5 8 2 17 3 9 10 11
30 11 1 20 11 5 19 18 17 7 4 3 8
36 12 13 23 8 1 24 12 16 3 10 7 20 6
14 12 1 11 19 18 16 4 7 15 5 8 3 24
28 13 12 22 11 14 13 3 1 8 19 25 24 9 18
33 13 7 9 16 6 22 18 12 10 1 3 8 13 24
88 13 4 5 15 21 24 2 12 19 26 13 6 22 8
90 17 28 24 3 23 20 8 10 30 32 4 21 9 13 14 29 22 31
156 18 3 2 6 8 30 20 35 24 4 19 26 13 1 10 23 36 25 12
119 20 26 24 37 29 13 18 35 34 40 21 7 8 22 30 2 20 31 11 1 28
154 22 19 12 32 26 35 25 8 28 41 37 5 36 29 43 30 14 23 24 15 16 11 4
53 22 37 10 44 33 5 29 11 19 18 14 16 21 28 7 35 3 23 25 39 9 12 24
105 23 10 19 15 34 33 25 40 38 30 9 16 1 36 11 39 18 8 45 28 4 7 35 17
211 25 22 27 24 48 16 29 38 21 8 50 35 13 17 36 12 25 37 31 10 7 19 46 28 23 43
135 25 30 18 26 3 20 29 5 44 12 33 41 49 4 43 15 32 42 27 28 22 35 23 24 2 25
133 26 35 5 3 36 34 24 45 52 7 10 9 32 4 38 25 1 46 12 49 27 21 19 50 31 8 17
129 30 34 2 58 38 21 19 11 39 27 1 30 51 12 53 15 55 7 26 42 35 52 14 50 45 32 60 6 28 17 13
213 30 54 52 23 21 20 50 60 13 19 11 49 55 24 6 48 10 47 38 43 33 39 59 1 46 40 9 29 36 30 12
56 30 27 25 19 57 15 32 5 11 51 29 3 10 42 12 2 38 53 8 55 50 16 58 28 13 35 47 21 44 4 7
181 31 17 8 26 10 60 21 14 11 33 13 12 9 45 3 22 47 19 48 27 25 51 30 50 37 56 58 46 35 41 7 57
154 34 1 38 64 27 60 41 56 10 68 55 9 11 48 3 15 14 6 18 43 17 30 28 51 16 37 47 2 39 44 54 50 36 34 33
212 34 16 31 65 64 56 18 13 14 32 8 28 36 25 1 50 7 2 51 68 39 3 21 35 9 24 60 40 41 11 4 30 22 12 27
97 35 18 60 68 14 36 10 51 21 2 23 52 45 15 3 32 61 46 17 28 25 56 6 29 55 11 62 70 31 44 27 38 19 33 40 9
254 35 59 67 4 54 21 65 38 30 3 45 16 10 9 52 50 25 14 6 23 20 66 37 28 31 19 1 58 46 70 48 26 51 35 7 17
243 36 51 72 13 38 67 27 11 24 64 61 14 23 66 18 65 63 22 58 42 17 45 62 69 2 4 43 21 53 9 19 37 44 50 28 41 49
125 36 61 44 68 15 47 64 36 1 21 29 28 40 60 50 53 19 8 26 2 22 23 43 55 51 65 72 33 20 49 48 7 14 16 34 9 59
153 36 9 4 55 31 2 34 45 32 8 47 23 67 41 7 61 48 57 68 50 38 18 65 25 5 72 39 26 37 43 63 27 70 6 10 64 59
91 37 33 52 28 6 58 12 60 9 49 24 53 64 68 11 59 29 50 37 38 44 1 4 5 70 56 71 47 20 69 3 27 15 57 61 40 73 42
179 39 27 2 7 71 40 52 76 33 68 19 3 18 56 60 21 35 23 57 55 65 73 41 61 4 70 5 67 49 38 26 22 77 75 50 54 51 43 47 29
284 40 5 37 15 35 71 3 70 9 59 64 57 54 29 75 49 13 20 16 43 48 68 19 21 14 22 79 18 58 72 38 41 23 2 52 62 44 24 11 76 4
133 40 47 72 57 71 59 22 24 77 64 35 62 38 37 36 15 61 2 56 34 50 13 45 21 11 70 43 3 65 67 48 49 4 17 5 23 76 28 8 80 30
181 40 9 61 45 11 21 25 46 62 29 32 58 70 20 78 53 8 44 22 73 59 56 24 43 47 57 40 28 72 48 30 74 64 1 34 49 71 38 6 65 19
306 41 63 22 62 3 20 36 13 39 72 18 43 2 37 65 15 48 1 45 32 61 25 73 81 44 69 35 70 26 60 59 75 19 66 76 23 33 16 9 77 12 6
154 42 57 46 44 6 8 78 58 22 25 3 30 39 10 34 17 77 84 26 65 66 52 13 59 45 61 47 72 9 23 82 42 68 64 53 51 73 19 41 69 56 36 31
221 46 29 82 67 36 58 17 62 64 30 91 80 31 42 35 63 14 45 23 44 10 71 87 47 16 24 32 6 76 25 54 51 27 40 81 90 56 12 69 4 55 70 86 78 37 65 46
223 46 4 80 41 60 58 34 36 40 83 70 49 50 16 86 25 62 91 69 13 46 15 14 19 55 23 43 27 74 17 6 82 26 51 79 64 75 72 11 32 92 65 5 68 66 71 73
163 47 55 10 81 61 18 6 4 52 89 64 79 94 36 60 30 84 19 5 15 31 58 80 51 78 76 11 68 16 49 62 27 9 91 54 53 3 73 66 7 28 82 69 1 83 46 39 33
291 47 28 90 57 36 34 19 84 80 24 3 60 44 88 58 35 94 53 48 27 43 69 46 59 51 47 78 45 76 1 10 72 87 86 32 66 68 81 61 8 15 77 41 89 2 42 75 49
160 47 28 34 59 56 43 15 41 8 69 68 58 33 40 21 71 29 54 24 23 55 72 25 52 65 47 42 78 2 82 10 87 73 13 48 51 67 79 75 46 90 92 80 5 89 94 63 11
241 48 70 34 94 32 48 71 50 31 13 49 96 55 67 57 23 10 56 91 4 29 66 17 84 59 26 78 81 46 87 72 73 40 21 45 80 79 24 37 64 69 7 61 42 86 2 18 43 5
441 49 66 70 73 68 64 7 34 20 62 80 15 30 76 49 55 19 71 89 47 87 4 39 27 61 44 91 1 98 28 17 84 72 37 57 45 86 2 46 85 53 74 41 96 54 10 14 83 12 13
423 50 26 94 61 11 60 88 55 80 67 34 8 68 93 27 91 53 83 5 25 20 51 46 62 54 81 79 14 72 100 92 84 33 38 50 42 75 9 77 12 45 21 31 32 63 36 74 99 58 47 76
270 51 95 33 78 79 63 77 46 28 7 55 17 42 48 75 24 102 76 29 62 4 50 5 3 51 74 32 93 81 88 59 70 69 43 56 82 71 65 96 15 6 27 85 18 64 2 36 35 45 22 34 58
231 51 72 88 6 2 8 32 75 101 89 69 55 42 97 30 64 58 71 66 28 20 7 82 87 74 17 47 93 29 15 31 53 56 86 102 45 99 92 36 24 51 22 67 25 18 65 40 100 50 13 44 68
284 52 4 90 34 46 82 61 3 28 96 68 43 57 27 81 31 70 87 49 64 14 98 17 99 72 101 77 65 29 67 63 40 24 93 53 51 103 85 38 10 76 22 97 69 33 88 8 6 86 95 58 83 13
116 53 102 70 61 5 21 87 71 101 16 11 98 77 41 51 13 92 7 106 94 53 57 14 81 104 33 6 105 85 89 80 28 27 24 40 52 12 25 97 18 86 8 3 54 100 37 79 58 78 29 72 96 4 83
243 53 73 34 45 12 77 56 35 90 81 3 38 10 59 5 79 84 82 93 91 68 27 33 18 2 87 41 71 9 22 58 26 83 92 54 32 98 39 4 61 97 20 7 1 76 53 94 48 99 6 101 8 44 29
197 54 31 58 97 5 3 34 82 86 60 37 13 20 33 64 101 17 43 25 28 75 78 61 79 41 71 39 1 24 77 89 63 16 23 62 40 19 42 6 69 59 36 104 4 108 18 65 88 15 30 76 8 2 94 29
336 55 89 92 52 10 3 54 72 68 58 96 93 83 9 61 67 99 66 76 6 21 104 64 84 41 19 35 33 88 11 98 46 30 73 107 15 87 97 78 49 14 44 55 25 37 38 53 79 106 2 59 18 42 13 22 31
413 56 89 88 91 18 85 12 9 69 46 76 10 40 81 104 7 90 11 92 45 66 65 6 1 32 29 75 19 31 33 14 2 30 102 103 71 8 42 25 96 26 4 62 44 73 17 51 28 27 48 97 83 47 41 21 43 111
260 57 73 8 59 39 98 58 44 64 53 23 105 50 75 86 2 78 70 113 49 48 30 94 36 38 60 42 88 46 72 31 84 100 22 45 114 65 24 82 13 96 74 25 14 90 52 10 85 66 77 68 107 80 20 106 57 108 67
371 57 34 55 59 22 23 14 4 12 38 49 110 54 21 56 7 90 94 80 97 84 1 98 17 46 69 8 13 31 48 57 32 103 82 91 64 95 25 108 113 50 67 24 35 19 62 42 40 44 65 107 10 92 76 3 78 101 39
123 58 42 31 32 105 3 34 108 107 92 106 16 75 84 69 53 66 70 101 79 113 35 104 90 102 95 18 36 7 43 19 57 1 11 26 6 17 73 52 61 24 112 94 2 116 80 58 39 86 68 49 100 33 10 85 30 37 38 98
443 58 3 60 65 79 97 48 107 42 68 52 103 31 87 27 55 115 13 99 112 45 24 93 57 102 96 75 21 30 18 41 10 50 90 82 47 62 70 105 11 19 20 95 38 5 67 108 26 8 2 69 84 85 73 116 59 63 40 32
295 62 100 40 6 101 76 124 2 61 107 94 71 23 78 86 88 20 109 96 92 46 52 41 99 110 91 19 69 10 85 58 115 17 70 67 84 13 121 63 62 90 74 87 4 59 18 72 16 111 113 12 105 80 79 77 103 47 55 73 7 50 34 95
488 62 1 42 86 14 115 26 49 81 39 124 59 108 106 80 76 104 99 119 40 3 69 109 56 70 62 89 94 55 90 5 102 51 96 121 11 103 27 64 67 15 12 71 53 48 116 91 16 4 29 20 75 92 78 45 73 9 118 47 101 72 32 54
423 63 75 71 81 20 93 15 56 104 116 118 18 19 8 99 112 7 3 90 76 88 58 47 38 117 68 11 84 114 79 126 37 66 9 4 119 86 21 35 102 46 16 120 34 62 51 80 69 50 78 12 77 24 39 54 53 32 57 2 63 73 43 74 60
361 63 101 49 81 73 60 48 50 119 4 7 30 23 124 77 85 66 17 104 107 34 90 43 116 110 42 26 20 14 6 47 64 89 115 84 98 55 13 51 41 31 39 95 67 102 122 33 111 38 97 108 12 46 56 5 18 11 99 76 53 112 58 71 63
303 64 109 68 16 17 93 81 34 98 41 21 66 38 79 110 35 58 122 70 31 90 59 57 24 2 47 60 120 19 100 67 65 51 128 121 96 5 72 54 105 20 103 126 82 119 28 32 42 39 113 114 55 26 18 127 74 7 95 30 78 83 91 6 33 12
333 65 19 107 79 76 40 38 47 125 10 28 62 25 82 58 66 17 102 114 12 124 4 20 32 64 57 2 117 71 49 112 63 34 77 11 129 53 9 81 52 33 105 29 90 104 72 122 92 95 101 68 69 36 99 128 116 31 96 83 80 46 18 60 50 55 39
234 65 58 57 49 37 92 7 24 101 53 40 88 30 120 82 32 86 15 72 45 39 20 74 77 5 64 59 87 75 115 97 83 113 95 52 35 2 63 16 102 100 105 6 50 129 42 21 18 71 47 56 51 103 112 68 125 10 84 19 3 111 106 130 119 70 67
278 67 51 90 93 122 65 121 13 22 66 20 96 105 41 106 97 107 88 81 36 48 56 134 46 58 55 37 110 33 112 28 78 35 71 89 3 11 43 26 118 99 111 60 124 53 19 32 27 45 7 117 47 129 109 79 100 59 75 84 101 103 52 85 87 15 104 72 62
601 67 123 35 40 6 80 41 29 76 64 32 24 85 59 69 93 30 111 28 31 44 112 91 5 11 104 115 53 2 1 56 45 78 33 77 124 100 15 20 126 66 121 22 67 133 19 102 116 108 65 60 109 110 47 55 26 88 98 43 9 90 94 86 51 97 57 103 37
383 69 116 113 17 95 68 59 105 130 87 85 8 31 117 84 97 92 80 13 27 108 41 98 119 43 36 48 102 2 64 121 131 67 55 115 57 70 1 83 10 6 63 112 61 22 12 100 54 104 118 26 123 14 62 78 39 127 32 71 60 122 124 40 107 18 138 30 56 3 45
474 70 99 113 55 40 8 136 44 97 60 48 106 10 85 58 88 61 131 13 140 46 43 25 59 138 86 31 2 96 126 20 23 91 19 65 64 50 53 28 125 73 80 133 116 123 93 36 4 72 104 54 38 37 107 102 137 89 66 119 122 98 117 130 9 18 70 47 92 32 63 114
404 71 65 104 55 127 51 72 56 82 125 137 64 89 114 103 6 21 77 131 60 16 8 17 11 102 13 99 117 124 110 84 42 26 43 83 1 118 57 111 49 29 19 95 138 63 54 81 79 133 71 128 12 113 10 119 139 97 94 31 105 98 44 135 62 93 37 58 120 74 5 14 27
450 72 61 106 92 78 35 98 113 58 48 79 6 112 21 29 31 49 46 139 68 80 16 70 17 65 118 69 59 19 8 53 9 129 133 102 43 54 83 143 75 117 74 32 26 86 18 94 24 132 82 84 45 51 64 67 73 101 30 107 91 14 137 20 93 88 66 77 72 63 131 136 127 123
586 73 54 141 63 48 127 20 137 72 50 51 39 31 66 74 3 29 49 140 6 136 108 78 75 120 69 60 25 71 27 36 80 47 34 84 115 33 2 85 86 18 100 122 129 30 123 124 56 132 144 53 116 64 131 32 87 61 13 24 77 106 79 112 40 142 97 101 28 125 76 109 105 57 93
336 76 34 66 19 26 77 5 62 47 147 28 140 3 44 76 89 68 45 150 83 29 9 52 130 18 32 50 61 121 114 85 113 93 71 100 142 149 86 126 139 123 104 67 63 119 36 117 65 39 27 2 88 115 40 90 124 97 109 35 69 84 1 43 144 146 129 127 94 108 12 70 82 8 11 41 7 58
588 76 74 102 127 30 20 62 71 24 125 83 130 69 78 43 22 46 99 126 79 152 98 34 114 94 6 19 50 44 113 7 110 92 122 118 148 106 75 48 15 14 51 42 81 132 88 151 107 10 29 90 66 53 149 138 140 116 97 26 52 47 139 64 70 143 37 104 49 112 121 89 87 60 16 123 124 21
576 77 105 127 154 77 11 88 14 41 130 3 79 20 47 98 114 32 115 49 84 74 89 117 143 66 7 31 62 119 35 120 150 24 116 2 111 56 134 136 145 60 80 33 125 25 63 71 110 64 37 90 27 68 52 69 18 57 109 54 122 30 4 152 108 128 19 102 92 95 97 50 29 72 100 96 124 40 70
226 78 33 148 69 93 10 103 15 46 139 145 149 41 61 94 9 136 63 107 68 8 142 124 83 19 53 86 75 26 106 16 109 13 44 90 112 115 14 22 2 55 49 45 20 88 40 141 99 30 51 42 117 140 143 146 101 127 17 78 58 82 154 62 132 120 119 48 7 71 113 102 80 147 76 3 23 122 67 144
122 78 31 88 153 137 152 105 53 74 121 37 149 15 39 43 84 94 65 144 60 5 48 96 142 49 78 131 73 50 68 13 58 87 69 106 76 103 22 97 150 36 118 91 75 111 17 3 16 86 80 95 141 100 115 64 42 14 145 9 12 10 82 112 29 128 30 26 119 19 34 47 51 81 27 61 151 55 134 139
798 78 42 86 91 14 64 133 136 142 108 25 82 124 39 83 81 74 61 78 79 137 149 13 110 101 130 112 71 12 154 148 92 128 54 76 2 141 132 62 118 63 41 98 89 52 53 120 7 16 129 80 99 144 145 48 3 90 68 33 19 131 50 116 107 60 22 146 104 85 56 100 106 34 29 114 17 96 134 51
282 79 138 120 139 33 99 140 102 119 9 69 77 25 126 15 29 37 131 104 59 11 152 100 89 42 143 26 1 128 123 35 52 36 106 127 71 62 83 145 108 19 7 16 14 107 63 151 88 147 4 82 118 134 17 136 144 76 30 49 39 3 111 54 22 109 130 132 23 142 74 73 116 46 133 68 141 110 122 124 94
438 80 51 106 104 9 103 160 24 46 150 158 19 66 17 151 12 145 81 127 68 43 40 129 126 59 25 44 137 153 105 86 64 125 52 20 5 95 58 113 93 122 132 37 31 112 124 2 94 8 41 15 116 96 121 28 97 48 33 27 56 119 11 159 65 1 72 102 74 82 57 18 154 109 49 14 88 77 16 157 55 101
437 80 17 105 99 108 90 123 141 140 120 31 35 71 8 149 84 42 150 19 113 82 118 68 79 48 158 80 142 57 131 93 112 3 16 98 49 153 2 106 148 61 94 86 121 46 136 28 122 53 135 107 34 109 58 111 152 9 139 96 15 5 128 146 138 10 102 97 44 137 59 103 43 91 40 47 23 115 100 21 77 145
451 80 36 58 2 15 85 110 68 156 16 95 39 72 158 93 35 10 115 69 111 53 90 41 61 31 79 18 133 116 87 38 59 157 25 32 137 134 118 67 130 132 114 127 154 131 106 144 11 12 4 151 160 8 88 74 109 143 103 123 89 64 22 102 117 140 149 23 147 97 65 7 73 101 129 139 152 50 112 83 9 148
182 81 121 43 102 35 23 145 53 146 40 135 152 80 78 25 142 136 34 72 22 87 60 109 151 116 65 54 15 133 67 132 115 117 114 148 83 49 7 39 17 159 127 119 63 45 86 79 52 19 150 158 90 111 59 58 47 120 30 48 130 131 110 11 4 12 16 14 94 57 75 96 21 140 100 42 27 147 138 89 61 157 112
468 81 103 74 106 16 150 14 155 39 94 143 50 160 151 147 68 81 145 32 118 141 70 157 138 102 52 40 133 122 62 136 42 158 112 56 41 126 105 125 113 124 3 78 9 127 131 162 99 55 67 100 137 31 144 156 20 72 26 135 2 1 17 57 129 98 38 48 117 46 152 142 75 108 37 111 88 92 109 128 114 82 115
403 82 54 158 115 150 141 40 137 73 82 118 2 3 127 112 46 117 96 123 16 120 7 15 157 6 164 78 151 72 109 43 107 94 99 26 146 55 155 134 104 102 13 56 5 88 52 50 108 103 159 140 20 154 128 25 53 71 161 24 76 37 4 113 66 19 129 111 133 49 23 152 89 144 83 38 34 148 135 68 122 121 80 95
391 87 121 24 17 27 126 107 32 149 132 78 85 111 21 79 15 110 62 158 97 42 47 91 18 101 13 87 2 22 76 81 134 125 54 167 67 28 135 92 71 36 30 45 105 72 35 148 25 34 116 40 100 165 31 64 150 95 137 162 77 11 119 48 29 90 174 66 144 96 69 154 168 94 39 49 153 86 6 113 9 1 124 160 120 114 83 128 16
758 89 63 158 120 102 147 148 82 32 48 87 150 2 129 25 7 93 151 176 153 109 104 29 164 77 22 81 166 64 96 154 140 27 35 91 144 146 90 135 72 13 40 28 73 78 155 66 68 134 99 143 137 94 17 19 163 39 168 47 26 115 121 62 49 95 76 105 89 6 113 170 80 88 123 84 60 131 114 74 36 169 156 61 16 92 10 75 136 101 132
661 90 101 107 19 15 75 57 9 111 96 122 165 26 158 95 119 11 151 40 58 132 120 112 49 67 48 42 106 108 149 78 150 83 12 161 70 85 180 28 16 157 174 123 81 64 148 32 133 89 114 117 162 169 77 45 44 173 159 68 73 127 171 143 31 22 2 176 25 72 156 121 53 69 38 8 65 154 93 98 52 125 59 13 50 47 5 170 113 146 60 4
881 93 76 53 4 14 39 32 30 114 181 3 19 142 168 175 80 44 177 169 11 131 87 171 103 141 120 94 118 109 8 23 152 71 29 49 179 2 66 174 162 20 95 119 57 86 148 121 1 134 15 46 70 91 96 138 65 156 25 149 107 18 73 13 145 158 27 164 130 166 105 112 58 83 82 133 154 111 170 110 176 31 84 92 113 93 146 59 38 54 153 17 182 102 100
151 94 4 26 71 20 46 34 50 143 30 7 69 70 98 6 17 173 57 150 131 68 106 73 166 78 134 136 170 25 149 91 96 54 111 32 185 148 13 167 94 155 141 92 118 113 3 40 181 144 176 15 55 161 1 132 28 36 48 142 41 153 65 124 168 61 72 107 112 16 128 172 88 108 160 14 159 121 137 95 51 75 100 49 39 157 22 8 52 60 19 76 42 10 103 86
696 95 130 99 9 150 179 52 29 97 7 43 2 6 108 133 15 11 187 62 122 118 188 37 85 147 30 160 117 42 91 176 142 174 154 33 92 96 74 165 124 46 149 132 73 54 156 119 163 26 190 61 100 164 45 140 69 57 162 76 87 138 58 113 189 148 143 94 82 31 135 84 167 173 172 16 170 86 120 51 105 81 39 183 152 110 114 47 123 34 36 22 28 137 101 175 103
410 97 67 137 167 93 98 192 84 1 150 42 111 185 63 116 6 178 83 113 140 44 188 9 158 189 38 78 35 75 40 139 90 10 4 165 7 71 182 144 106 149 171 134 95 151 51 21 49 77 193 58 66 25 131 46 191 142 53 39 52 169 175 123 32 5 22 11 114 109 132 127 72 166 187 141 184 125 173 28 130 62 55 121 61 181 27 154 126 108 16 168 115 128 26 156 73 15 81
487 97 119 77 139 50 102 2 74 100 66 155 27 180 132 3 90 93 188 63 87 5 71 79 8 187 20 118 114 134 34 172 36 9 175 30 173 154 59 159 85 49 21 136 16 110 18 51 86 152 125 41 24 56 150 143 151 181 177 166 44 96 149 97 130 101 184 26 55 75 57 48 47 145 144 113 174 19 158 169 64 176 76 179 89 33 164 168 178 165 80 1 133 32 81 156 127 91 37
427 100 109 190 83 50 36 69 127 149 41 72 119 118 42 18 198 161 120 107 117 194 136 197 103 166 47 23 150 45 188 163 138 174 98 114 6 142 63 28 46 126 22 153 100 192 54 62 178 133 19 91 86 189 124 193 29 170 13 140 139 158 130 113 129 56 40 164 15 30 195 106 65 32 93 85 66 134 4 55 171 115 183 135 123 97 108 9 52 37 73 38 81 51 102 182 64 165 104 151 184 146
653 101 152 29 112 94 102 194 182 32 149 85 167 157 119 193 190 189 1 117 47 147 24 67 199 89 12 92 148 27 84 164 5 64 141 18 118 3 65 38 60 121 30 35 158 58 59 103 78 180 104 51 162 69 109 82 16 106 86 11 46 191 195 62 161 183 17 122 114 160 31 100 110 154 123 19 131 14 171 115 108 13 40 48 143 198 56 66 8 101 52 79 111 73 116 25 55 77 83 156 44 142 80
982 103 121 32 45 191 27 147 174 178 202 93 141 22 12 192 44 176 36 177 128 2 190 17 60 47 75 94 70 126 39 120 15 20 115 65 87 82 125 175 206 165 198 148 83 118 41 158 95 194 9 72 134 168 133 200 42 164 107 8 136 91 154 90 181 122 55 111 124 149 53 137 28 80 132 81 156 113 92 153 187 5 56 78 186 143 172 151 162 204 138 86 63 129 140 31 185 155 51 130 18 142 33 79 182
506 104 61 166 6 69 52 70 33 111 163 7 124 25 133 115 79 27 107 17 22 170 40 104 192 21 73 191 156 112 123 26 165 168 195 201 169 42 103 55 92 182 19 194 100 151 74 14 146 147 57 199 177 3 89 186 20 86 197 121 138 50 87 145 193 88 24 95 110 180 148 137 16 189 122 205 98 82 135 66 178 206 81 185 78 5 99 65 93 1 153 198 154 126 101 161 171 23 72 90 77 29 94 46 181 13
